# Version 0.33
# Potential name = chengdu_MMWLY_3200  
# L = 1
# S = 0
# J = 1
# Order = 2                   
# K_MAX = 6400 MeV
# For uncoupled channels, e.g., 3P0 (LSJ = 110)
# storage = D(1:N，1:N) (row, column)
# D(i,j)  = <pout(j),L|V|L,pin(i)>
# Normalization
# If V were so weak as to validate the Born approximation, the relation of V
# in 1S0 and the respective scattering length 'a' would have been
# <p|V|p> = 2/pi * a + ... for p->0, in unit of MeV^(-1)
# Momenta are in unit of MeV
# The value of pin and pout, where pin(1:N) = pout(1:N)
  0.91607432498767594        4.8257579532933050        11.855568853999557        22.000201480181204        35.249935222426302        51.591869740617312        71.010052841861580        93.485517556139712        118.99630638139024        147.51749463842634        179.02121556398060        213.47668786214535        250.85024593493108        291.10537285590499        334.20273609367359        380.10022596794124        428.75299680907347        480.11351078530788        534.13158435711739        590.75443731463611        649.92674435099343        711.59068912161456        775.68602073693728        842.15011263353381        910.91802376621945        981.92256206143384        1055.0943500699491        1130.3618927547864        1207.6516473481352        1286.8880952090281        1367.9938156115802        1450.8895613916986        1535.4943363783584        1621.7254745337889        1709.4987207252541        1798.7283130494993        1889.3270666294350        1981.2064588011842        2074.2767156082505        2168.4468995183070        2263.6249982768895        2359.7180148111888        2456.6320580960833        2554.2724348936449        2652.5437422764694        2751.3499608444354        2850.5945485438042        2950.1805349970027        3050.0106162509069        3149.9872498510622        3250.0127501489378        3349.9893837490931        3449.8194650029973        3549.4054514561958        3648.6500391555646        3747.4562577235306        3845.7275651063551        3943.3679419039167        4040.2819851888112        4136.3750017231105        4231.5531004816930        4325.7232843917500        4418.7935411988155        4510.6729333705653        4601.2716869505002        4690.5012792747457        4778.2745254662113        4864.5056636216414        4949.1104386083016        5032.0061843884196        5113.1119047909724        5192.3483526518648        5269.6381072452132        5344.9056499300514        5418.0774379385657        5489.0819762337806        5557.8498873664666        5624.3139792630627        5688.4093108783854        5750.0732556490066        5809.2455626853643        5865.8684156428826        5919.8864892146921        5971.2470031909270        6019.8997740320592        6065.7972639063264        6108.8946271440946        6149.1497540650689        6186.5233121378551        6220.9787844360199        6252.4825053615732        6281.0036936186098        6306.5144824438603        6328.9899471581384        6348.4081302593822        6364.7500647775742        6377.9997985198188        6388.1444311460000        6395.1742420467071        6399.0839256750123     
# Matrix elements start here 
   3.2489945758858250E-009   1.7115272185930739E-008   4.2047547718299919E-008   7.8027004106653044E-008   1.2501916441464349E-007   1.8297826830140855E-007   2.5184770960190831E-007   3.3156012556549425E-007   4.2203738730117922E-007   5.2319049045980574E-007   6.3491929111634944E-007   7.5711199938770618E-007   8.8964431168522047E-007   1.0323780286397985E-006   1.1851589699159200E-006   1.3478139606320226E-006   1.5201466288007521E-006   1.7019317215000437E-006   1.8929076223760037E-006   2.0927667382400508E-006   2.3011434224563831E-006   2.5175991229941836E-006   2.7416044900251871E-006   2.9725182595574148E-006   3.2095628547409830E-006   3.4517968250000978E-006   3.6980844852082140E-006   3.9470634322027291E-006   4.1971110111641603E-006   4.4463112821789731E-006   4.6924245921709969E-006   4.9328624719350445E-006   5.1646712183973290E-006   5.3845281335267572E-006   5.5887548936423630E-006   5.7733528095834607E-006   5.9340646780057747E-006   6.0664673687883552E-006   6.1660980939436751E-006   6.2286153342038409E-006   6.2499925935229124E-006   6.2267395414269497E-006   6.1561408626140214E-006   6.0364986124938856E-006   5.8673596152569607E-006   5.6497061424649804E-006   5.3860865756724223E-006   5.0806637595559940E-006   4.7391628708422384E-006   4.3687080589858943E-006   3.9775475054873433E-006   3.5746789109348569E-006   3.1694001624670964E-006   2.7708210627100205E-006   2.3873794550715966E-006   2.0264071760345962E-006   1.6937871269314917E-006   1.3937326205745258E-006   1.1287054346805053E-006   8.9947206333412815E-007   7.0528134692987969E-007   5.4413368459084657E-007   4.1310435697769121E-007   3.0868193485488786E-007   2.2708689601899818E-007   1.6454395972746372E-007   1.1749221862188174E-007   8.2727782979405656E-008   5.7482627091087484E-008   3.9449598118438993E-008   2.6766812689296004E-008   1.7975244359759009E-008   1.1961900939508727E-008   7.8984413774597906E-009   5.1821497061512156E-009   3.3834334815721452E-009   2.2017763345969878E-009   1.4304696546459813E-009   9.2944826302498475E-010   6.0504668808950264E-010   3.9533528771851465E-010   2.5975629642134727E-010   1.7195336483570576E-010   1.1490094062870132E-010   7.7647454259160263E-011   5.3166292791181913E-011   3.6953222177001036E-011   2.6119018825153456E-011   1.8806439615914487E-011   1.3817423506198413E-011   1.0375459640519801E-011   7.9743365910403821E-012   6.2818698279031286E-012   5.0785413947870285E-012   4.2182981412615574E-012   3.6034318095303137E-012   3.1684378525376437E-012   2.8696338187775968E-012   2.6785098910336429E-012   2.5775196023247514E-012
   1.7115272185930739E-008   9.0160982161266732E-008   2.2150090039882652E-007   4.1103590109072317E-007   6.5858436431241472E-007   9.6390523066201714E-007   1.3267003063754512E-006   1.7466147334233730E-006   2.2232369391781306E-006   2.7560980605419303E-006   3.3446705526098703E-006   3.9883655211156577E-006   4.6865281512530995E-006   5.4384304270890476E-006   6.2432601470803728E-006   7.1001050489365454E-006   8.0079306710926900E-006   8.9655504110532419E-006   9.9715861085902892E-006   1.1024417403613307E-005   1.2122118118177255E-005   1.3262378018392911E-005   1.4442408559625698E-005   1.5658831648280998E-005   1.6907551112721593E-005   1.8183607516273150E-005   1.9481018220428806E-005   2.0792606266160064E-005   2.2109823723253257E-005   2.3422577674547050E-005   2.4719069924905881E-005   2.5985664762124954E-005   2.7206802470457295E-005   2.8364979517697599E-005   2.9440818982919353E-005   3.0413256302371035E-005   3.1259865093894625E-005   3.1957344895096084E-005   3.2482186331204059E-005   3.2811518854966202E-005   3.2924131419650273E-005   3.2801637427591965E-005   3.2429732958185171E-005   3.1799473464697087E-005   3.0908471677112979E-005   2.9761902071642903E-005   2.8373189184068562E-005   2.6764262327611470E-005   2.4965280973362956E-005   2.3013774195060495E-005   2.0953192318064998E-005   1.8830934034808476E-005   1.6695979380626615E-005   1.4596317586606641E-005   1.2576398091864741E-005   1.0674844037835713E-005   8.9226457679001186E-006   7.3419984547188140E-006   5.9458704165515925E-006   4.7382994424996939E-006   3.7153285234628642E-006   2.8664240274290313E-006   2.1761789211172714E-006   1.6260954613876837E-006   1.1962636269294550E-006   8.6679573988471152E-007   6.1893341292948090E-007   4.3579898025686701E-007   3.0281084983285336E-007   2.0781524673323807E-007   1.4100401648168989E-007   9.4691201428679442E-008   6.3013706443327386E-008   4.1607940814423977E-008   2.7298876824020851E-008   1.7823478496977795E-008   1.1598665488351563E-008   7.5355242740918224E-009   4.8962100837228892E-009   3.1873056448622643E-009   2.0825738227527874E-009   1.3683616920316163E-009   9.0582750254279962E-010   6.0528290440236234E-010   4.0903648287187482E-010   2.8007297364904683E-010   1.9466466961832542E-010   1.3759152438722308E-010   9.9069827713359317E-011   7.2788353040689778E-011   5.4656544248991107E-011   4.2007746725976548E-011   3.3092056459292213E-011   2.6753081991710584E-011   2.2221434712433474E-011   1.8982400488230194E-011   1.6690910059645911E-011   1.5116850070129645E-011   1.4110034586699646E-011   1.3578031150246649E-011
   4.2047547718299919E-008   2.2150090039882652E-007   5.4416719629046202E-007   1.0098029103652684E-006   1.6179618520888033E-006   2.3680518043701813E-006   3.2593401866002107E-006   4.2909552095511251E-006   5.4618857517220319E-006   6.7709799445791665E-006   8.2169417544210835E-006   9.7983244289265744E-006   1.1513519267017986E-005   1.3360737732447904E-005   1.5337984467925450E-005   1.7443018294240857E-005   1.9673297821953202E-005   2.2025907892921090E-005   2.4497462743990010E-005   2.7083981593114145E-005   2.9780732347331239E-005   3.2582039393151631E-005   3.5481052038263050E-005   3.8469471229628310E-005   4.1537233792644802E-005   4.4672155746365324E-005   4.7859539382487815E-005   5.1081752873487431E-005   5.4317796290198766E-005   5.7542874092629927E-005   6.0728001338703249E-005   6.3839678808927779E-005   6.6839680532764068E-005   6.9685005113702276E-005   7.2328048750970711E-005   7.4717061566455570E-005   7.6796948066278967E-005   7.8510465380229543E-005   7.9799857397461500E-005   8.0608937431810005E-005   8.0885595736497997E-005   8.0584661464444158E-005   7.9670993790675824E-005   7.8122618407599158E-005   7.5933670445011092E-005   7.3116862177247439E-005   6.9705174021022823E-005   6.5752480307641794E-005   6.1332874617743560E-005   5.6538555632228920E-005   5.1476268929499492E-005   4.6262460147122051E-005   4.1017459850141009E-005   3.5859164468258657E-005   3.0896774129406693E-005   2.6225175339909317E-005   2.1920502906618825E-005   1.8037284304847043E-005   1.4607379149499939E-005   1.1640707185239857E-005   9.1275471217970720E-006   7.0420207031986105E-006   5.3462770580099234E-006   3.9948722850820028E-006   2.9388929016466842E-006   2.1294803166952661E-006   1.5205502975287524E-006   1.0706390303859833E-006   7.4392352745826112E-007   5.1054528427477132E-007   3.4640834496102915E-007   2.3263041144320715E-007   1.5480746083376795E-007   1.0221934292653801E-007   6.7065882063948508E-008   4.3787417136364527E-008   2.8494752247700801E-008   1.8512724370094668E-008   1.2028650488152549E-008   7.8303391695587478E-009   5.1163149050625650E-009   3.3616908289013097E-009   2.2253706937261651E-009   1.4870147275163236E-009   1.0048908860601591E-009   6.8806277786192597E-010   4.7823790915648339E-010   3.3802478420770620E-010   2.4338749994554639E-010   1.7882109700427326E-010   1.3427619657232169E-010   1.0320155682073952E-010   8.1298141680304096E-011   6.5725013276899213E-011   5.4591993997512968E-011   4.6634571841215095E-011   4.1005005913474409E-011   3.7137970566232993E-011   3.4664499994269376E-011   3.3357512898911098E-011
   7.8027004106653044E-008   4.1103590109072317E-007   1.0098029103652684E-006   1.8738761261858138E-006   3.0024275594649448E-006   4.3943582418230520E-006   6.0483087344033256E-006   7.9626612710018734E-006   1.0135539528603835E-005   1.2564806002034912E-005   1.5248055660979834E-005   1.8182603788839577E-005   2.1365465143134983E-005   2.4793320763957687E-005   2.8462467896688757E-005   3.2368747618658637E-005   3.6507443911571281E-005   4.0873147160155094E-005   4.5459574454468897E-005   5.0259338716932867E-005   5.5263658673559925E-005   6.0462002173461469E-005   6.5841656489589397E-005   7.1387221193606006E-005   7.7080022203224611E-005   8.2897449887610810E-005   8.8812229929752690E-005   9.4791643211572160E-005   1.0079672047925667E-004   1.0678144902087035E-004   1.1269204191381595E-004   1.1846633515855900E-004   1.2403339339448708E-004   1.2931341957458703E-004   1.3421807603923626E-004   1.3865133131522842E-004   1.4251094552032657E-004   1.4569069391821599E-004   1.4808339935962886E-004   1.4958479705315581E-004   1.5009818772270575E-004   1.4953974850435490E-004   1.4784426909588013E-004   1.4497097210402292E-004   1.4090897417704811E-004   1.3568186529191344E-004   1.2935084671361711E-004   1.2201589223131103E-004   1.1381449619209822E-004   1.0491775030628416E-004   9.5523740743842648E-005   8.5848553929159224E-005   7.6115485488313544E-005   6.6543314058913061E-005   5.7334680681706628E-005   4.8665664824353666E-005   4.0677548706847696E-005   3.3471518147885775E-005   2.7106694557347984E-005   2.1601485856730491E-005   1.6937852393379127E-005   1.3067772275539269E-005   9.9210062083856550E-006   7.4132246256536497E-006   5.4536595104688605E-006   3.9516447077721892E-006   2.8216623976387644E-006   1.9867688023173929E-006   1.3804877402341055E-006   9.4741123215141466E-007   6.4282477389494630E-007   4.3168876793049359E-007   2.8727388486819782E-007   1.8968690264039115E-007   1.2445315218567511E-007   8.1255653709190546E-008   5.2877284676503598E-008   3.4353785151233450E-008   2.2321386429584686E-008   1.4530643038517503E-008   9.4942688877549677E-009   6.2382392873252144E-009   4.1295870432564037E-009   2.7594309429862969E-009   1.8647609563025533E-009   1.2768277844299042E-009   8.8745892035624332E-010   6.2726752585493292E-010   4.5165053584073794E-010   3.3183562960167783E-010   2.4917432549376521E-010   1.9150958224277673E-010   1.5086374304752998E-010   1.2196492207402832E-010   1.0130554505513871E-010   8.6539076022805553E-011   7.6092374904696593E-011   6.8916375368617777E-011   6.4326393099751847E-011   6.1901036735568826E-011
   1.2501916441464349E-007   6.5858436431241472E-007   1.6179618520888033E-006   3.0024275594649448E-006   4.8106548367118359E-006   7.0408828561505231E-006   9.6909334499544057E-006   1.2758214543990372E-005   1.6239719790159128E-005   2.0132024359917244E-005   2.4431274781202722E-005   2.9133169453182050E-005   3.4232925255900902E-005   3.9725224368955716E-005   4.5604134034914690E-005   5.1862990598765511E-005   5.8494237796193184E-005   6.5489208043598919E-005   7.2837834516555286E-005   8.0528281232416694E-005   8.8546478350248805E-005   9.6875550677691513E-005   1.0549512918313614E-004   1.1438053845190469E-004   1.2350185784061967E-004   1.3282286095321467E-004   1.4229984737645652E-004   1.5188039273689481E-004   1.6150205834929106E-004   1.7109112011178429E-004   1.8056139765391775E-004   1.8981328839108041E-004   1.9873313578073611E-004   2.0719308459821550E-004   2.1505159537883189E-004   2.2215480120592950E-004   2.2833888770788861E-004   2.3343365576036386E-004   2.3726738023050918E-004   2.3967300232567834E-004   2.4049558513864494E-004   2.3960082305910692E-004   2.3688423254846757E-004   2.3228047782085959E-004   2.2577212097057896E-004   2.1739695915825739E-004   2.0725305242219575E-004   1.9550058427483591E-004   1.8235985573354210E-004   1.6810499936184843E-004   1.5305339973366953E-004   1.3755128242215586E-004   1.2195642398056012E-004   1.0661936359436833E-004   9.1864783902374450E-005   7.7974809127716253E-005   6.5175809426373229E-005   5.3629910291294306E-005   4.3431839302332710E-005   3.4611090645384859E-005   2.7138760195180595E-005   2.0937904631269355E-005   1.5895982686064818E-005   1.1877876882860535E-005   8.7381537046948459E-006   6.3315428432180864E-006   4.5210229362495729E-006   3.1833104243153133E-006   2.2118935071865897E-006   1.5179944681551404E-006   1.0299692653524029E-006   6.9167552531028789E-007   4.6028604398651137E-007   3.0392680508518340E-007   1.9940569644009840E-007   1.3019228467112782E-007   8.4722898469044757E-008   5.5043527087325237E-008   3.5764555001863681E-008   2.3281796755900571E-008   1.5212240642388875E-008   9.9952506449430570E-009   6.6166518558083809E-009   4.4213122713325213E-009   2.9878227321317628E-009   2.0458038154667034E-009   1.4219355714799132E-009   1.0050425855083907E-009   7.2365936953127919E-010   5.3168532626349441E-010   3.9924083108756418E-010   3.0684720275384630E-010   2.4172220005380768E-010   1.9541891708093926E-010   1.6231732511544090E-010   1.3865767496081464E-010   1.2191939493034837E-010   1.1042161315451380E-010   1.0306729070548978E-010   9.9181251128173166E-011
   1.8297826830140855E-007   9.6390523066201714E-007   2.3680518043701813E-006   4.3943582418230520E-006   7.0408828561505231E-006   1.0305048496873459E-005   1.4183667193740683E-005   1.8672945182504882E-005   2.3768482366815250E-005   2.9465266161609022E-005   3.5757656618417851E-005   4.2639357906717504E-005   5.0103369443753948E-005   5.8141908058257898E-005   6.6746290556047065E-005   7.5906763999958419E-005   8.5612269028287975E-005   9.5850119750479009E-005   1.0660558234464389E-004   1.1786133364582397E-004   1.2959678101015154E-004   1.4178722587649192E-004   1.5440285609445842E-004   1.6740755668385155E-004   1.8075753573854788E-004   1.9439977224172919E-004   2.0827030619194361E-004   2.2229240918426500E-004   2.3637469584947060E-004   2.5040926346277606E-004   2.6426997828283395E-004   2.7781106179212007E-004   2.9086616607564274E-004   3.0324816200233775E-004   3.1474989216345142E-004   3.2514615666990785E-004   3.3419719652009935E-004   3.4165390797713161E-004   3.4726495383539182E-004   3.5078582655296767E-004   3.5198976020070770E-004   3.5068018485182251E-004   3.4670417821597435E-004   3.3996611472237865E-004   3.3044047222166405E-004   3.1818257070442130E-004   3.0333593101468945E-004   2.8613499802221555E-004   2.6690220468238726E-004   2.4603877189597928E-004   2.2400922428201600E-004   2.0132029819658611E-004   1.7849563603051456E-004   1.5604828755046984E-004   1.3445345883603360E-004   1.1412406739499218E-004   9.5391428984655167E-005   7.8492830760845445E-005   6.3566916175573592E-005   5.0656852971045816E-005   3.9720337018823445E-005   3.0644753940148397E-005   2.3265388138401480E-005   1.7384481437700133E-005   1.2789177087551563E-005   9.2668572098736715E-006   6.6169770986647202E-006   4.6590987200584152E-006   3.2373312164348930E-006   2.2217393659176562E-006   1.5074648231753987E-006   1.0123375119352464E-006   6.7367546124866699E-007   4.4482780496293852E-007   2.9185052703625239E-007   1.9054965618164610E-007   1.2400058279005804E-007   8.0561802782779979E-008   5.2345065426185058E-008   3.4075278564580237E-008   2.2264662084100392E-008   1.4629066374051034E-008   9.6841432607376160E-009   6.4710403946151652E-009   4.3729825909236192E-009   2.9942420523382254E-009   2.0811473962714569E-009   1.4709820908381910E-009   1.0591491224317669E-009   7.7817557601247665E-010   5.8432958058597410E-010   4.4910210411271660E-010   3.5378503594183166E-010   2.8601546977399657E-010   2.3756792171825868E-010   2.0293961625660739E-010   1.7844144024768159E-010   1.6161326667525226E-010   1.5084946744052489E-010   1.4516185309965636E-010
   2.5184770960190831E-007   1.3267003063754512E-006   3.2593401866002107E-006   6.0483087344033256E-006   9.6909334499544057E-006   1.4183667193740683E-005   1.9522122105862229E-005   2.5701076523411614E-005   3.2714474239833465E-005   4.0555416031088981E-005   4.9216139182418599E-005   5.8687978235829427E-005   6.8961297726143902E-005   8.0025385048658641E-005   9.1868288824736556E-005   1.0447658530242500E-004   1.1783505259258567E-004   1.3192623008358067E-004   1.4672983843114402E-004   1.6222203436985208E-004   1.7837447458745849E-004   1.9515316446749888E-004   2.1251707114927954E-004   2.3041648668043006E-004   2.4879113673789179E-004   2.6756804423115887E-004   2.8665917586523235E-004   3.0595892416430964E-004   3.2534150809360694E-004   3.4465841245320990E-004   3.6373602922858920E-004   3.8237371171951945E-004   4.0034250190941950E-004   4.1738483892236791E-004   4.3321559535276614E-004   4.4752481047799481E-004   4.5998248469770867E-004   4.7024575650068815E-004   4.7796869027305470E-004   4.8281475061646506E-004   4.8447182134136958E-004   4.8266934744526421E-004   4.7719684967874857E-004   4.6792271087654389E-004   4.5481180285144543E-004   4.3794026695649358E-004   4.1750564247428691E-004   3.9383061473801713E-004   3.6735897416098541E-004   3.3864295334350245E-004   3.0832191488551567E-004   2.7709332079624396E-004   2.4567790222045126E-004   2.1478181082219412E-004   1.8505911095481094E-004   1.5707813419972864E-004   1.3129489708507398E-004   1.0803599701100112E-004   8.7492260113117862E-005   6.9723101627475136E-005   5.4670294979120059E-005   4.2178839939764702E-005   3.2022025183909319E-005   2.3927660226238829E-005   1.7602773198658984E-005   1.2754721012389482E-005   9.1074778565611947E-006   6.4126923505640291E-006   4.4557993670530926E-006   3.0579586080520950E-006   2.0748450979806736E-006   1.3933615510286452E-006   9.2723372838467159E-007   6.1225229032456713E-007   4.0169735708239910E-007   2.6226881979082128E-007   1.7067197681385816E-007   1.1088368963478485E-007   7.2046724230831845E-008   4.6900546934897870E-008   3.0644645416058716E-008   2.0135160826039381E-008   1.3329065371063787E-008   8.9066134314962923E-009   6.0188877065935921E-009   4.1212161961929215E-009   2.8644505708818405E-009   2.0246309787607276E-009   1.4577921361236218E-009   1.0710656424185803E-009   8.0425980576453185E-010   6.1813535207292440E-010   4.8694280375749424E-010   3.9366609839503189E-010   3.2698384084099560E-010   2.7932211850167141E-010   2.4560330820498009E-010   2.2244133924362474E-010   2.0762625650704829E-010   1.9979793537282969E-010
   3.3156012556549425E-007   1.7466147334233730E-006   4.2909552095511251E-006   7.9626612710018734E-006   1.2758214543990372E-005   1.8672945182504882E-005   2.5701076523411614E-005   3.3835734193256928E-005   4.3068945133206482E-005   5.3391626443152822E-005   6.4793558428485719E-005   7.7263332923751781E-005   9.0788264738963687E-005   1.0535425061876058E-004   1.2094555644903090E-004   1.3754450972090009E-004   1.5513107065921188E-004   1.7368225218738635E-004   1.9317135633806123E-004   2.1356699320465252E-004   2.3483184852219379E-004   2.5692116802501655E-004   2.7978093152582033E-004   3.0334569798900617E-004   3.2753611564221425E-004   3.5225610938780015E-004   3.7738978247851953E-004   4.0279810157556160E-004   4.2831547464017994E-004   4.5374637986909965E-004   4.7886226050797282E-004   5.0339896309188950E-004   5.2705506201389512E-004   5.4949147570562326E-004   5.7033283097606172E-004   5.8917106131440330E-004   6.0557171881917590E-004   6.1908342274964885E-004   6.2925074527701028E-004   6.3563063405383817E-004   6.3781218487472401E-004   6.3543920926868876E-004   6.2823460911770493E-004   6.1602510905661137E-004   5.9876446246208566E-004   5.7655291021626513E-004   5.4965051483647884E-004   5.1848209491551903E-004   4.8363190514202919E-004   4.4582696547021010E-004   4.0590900340377995E-004   3.6479623492222644E-004   3.2343751006367233E-004   2.8276248482845574E-004   2.4363224173133758E-004   2.0679499520237428E-004   1.7285109573736591E-004   1.4223051220589491E-004   1.1518446919754887E-004   9.1791187487718956E-005   7.1974011185695923E-005   5.5528880880992912E-005   4.2157328758799796E-005   3.1501013218029741E-005   2.3174233751316452E-005   1.6791722692675457E-005   1.1990089195091524E-005   8.4423760864322821E-006   5.8661061479178059E-006   4.0258342696961088E-006   2.7315551223508502E-006   1.8343749544017638E-006   1.2207128343463539E-006   8.0603649951254762E-007   5.2883874292164020E-007   3.4527962537047362E-007   2.2469143019947153E-007   1.4597952912332540E-007   9.4850260779882633E-008   6.1745057183189268E-008   4.0343993987950452E-008   2.6508148365993542E-008   1.7547853006430938E-008   1.1725649093168697E-008   7.9239281823020429E-009   5.4256239282547792E-009   3.7710789288454132E-009   2.6654477128372114E-009   1.9191984889025007E-009   1.4100690431154955E-009   1.0588163879198040E-009   8.1378161141004598E-010   6.4106525889098398E-010   5.1826550744119232E-010   4.3047762276058764E-010   3.6773047025134623E-010   3.2333930626751651E-010   2.9284633355273568E-010   2.7334212324974421E-010   2.6303605716587385E-010
   4.2203738730117922E-007   2.2232369391781306E-006   5.4618857517220319E-006   1.0135539528603835E-005   1.6239719790159128E-005   2.3768482366815250E-005   3.2714474239833465E-005   4.3068945133206482E-005   5.4821746272519715E-005   6.7961316184800681E-005   8.2474646390199880E-005   9.8347215624033750E-005   1.1556287711825983E-004   1.3410367907292983E-004   1.5394959379502789E-004   1.7507812624097856E-004   1.9746376811320053E-004   2.2107725954298977E-004   2.4588461713028397E-004   2.7184588518336752E-004   2.9891356699295209E-004   3.2703069559619470E-004   3.5612850959221558E-004   3.8612371017166794E-004   4.1691529177899123E-004   4.4838096201510577E-004   4.8037319783175502E-004   5.1271502599683117E-004   5.4519566714936239E-004   5.7756624482727776E-004   6.0953583292693134E-004   6.4076819488191779E-004   6.7087965103411235E-004   6.9943859007636129E-004   7.2596720569667985E-004   7.4994607679829833E-004   7.7082220184961569E-004   7.8802102578864636E-004   8.0096284208207888E-004   8.0908369674170452E-004   8.1186055661633849E-004   8.0884003530608587E-004   7.9966941921018179E-004   7.8412814898883346E-004   7.6215735808188019E-004   7.3388464144642351E-004   6.9964102834951119E-004   6.5996726333536037E-004   6.1560703451149783E-004   5.6748575352524833E-004   5.1667484136212120E-004   4.6434307992042258E-004   4.1169824468385076E-004   3.5992367936360265E-004   3.1011544161788020E-004   2.6322592119096705E-004   2.2001929427648830E-004   1.8104286112060570E-004   1.4661640133865900E-004   1.1683948085891673E-004   9.1614525668879757E-005   7.0681791927791393E-005   5.3661364902114012E-005   4.0097117508332748E-005   2.9498097964679538E-005   2.1373905446005760E-005   1.5261985767359571E-005   1.0746160564558065E-005   7.4668692686617347E-006   5.1244177024974460E-006   3.4769512321178808E-006   2.3349454695918028E-006   1.5538251301294848E-006   1.0259904979329820E-006   6.7315006889210844E-007   4.3950071116407465E-007   2.8600599661559267E-007   1.8581492260442136E-007   1.2073332453986488E-007   7.8594259692447947E-008   5.1353201133366626E-008   3.3741782608795774E-008   2.2336371187422429E-008   1.4925384345452087E-008   1.0086236822106479E-008   6.9061867534704262E-009   4.8001438524068511E-009   3.3928042064621345E-009   2.4429159404718199E-009   1.7948535091659716E-009   1.3477498273569597E-009   1.0358491224705400E-009   8.1600134060288847E-010   6.5969157272983063E-010   5.4794782964821147E-010   4.6807801942774846E-010   4.1157324269972501E-010   3.7275924323690372E-010   3.4793265727875158E-010   3.3481423661229914E-010
   5.2319049045980574E-007   2.7560980605419303E-006   6.7709799445791665E-006   1.2564806002034912E-005   2.0132024359917244E-005   2.9465266161609022E-005   4.0555416031088981E-005   5.3391626443152822E-005   6.7961316184800681E-005   8.4250152751621994E-005   1.0224200981652502E-004   1.2191888568624626E-004   1.4326076356666826E-004   1.6624538900521840E-004   1.9084793411022871E-004   2.1704051226967077E-004   2.4479150140662928E-004   2.7406462870376941E-004   3.0481776568555547E-004   3.3700138015750787E-004   3.7055659149109620E-004   4.0541277899221450E-004   4.4148470066066666E-004   4.7866909278989944E-004   5.1684074100852534E-004   5.5584804211223314E-004   5.9550811501443257E-004   6.3560156988168510E-004   6.7586710816423205E-004   7.1599620317184956E-004   7.5562820019613099E-004   7.9434627414199776E-004   8.3167478575436622E-004   8.6707867596436540E-004   8.9996561876905397E-004   9.2969169922972985E-004   9.5557137347931117E-004   9.7689237821193685E-004   9.9293606395575371E-004   1.0030033093234973E-003   1.0064457215918469E-003   1.0027012475871597E-003   9.9133263599633236E-004   9.7206646424441358E-004   9.4482975674817563E-004   9.0978069017678292E-004   8.6732963425053666E-004   8.1814693811814877E-004   7.6315453561163007E-004   7.0349963924866128E-004   6.4051046612034431E-004   5.7563592950548995E-004   5.1037328217528558E-004   4.4618948936852871E-004   3.8444330971898390E-004   3.2631539989929107E-004   2.7275309237233215E-004   2.2443486324670350E-004   1.8175713629627621E-004   1.4484334121806590E-004   1.1357251764933793E-004   8.7622666848918271E-005   6.6522816856138731E-005   4.9707516931996825E-005   3.6568144923043306E-005   2.6496761684663254E-005   1.8919948941199202E-005   1.3321779504616996E-005   9.2565140255749810E-006   6.3526282072665557E-006   4.3103001657490784E-006   2.8945806750548611E-006   1.9262429262957046E-006   1.2718979122993862E-006   8.3448937296492067E-007   5.4483938994549672E-007   3.5455535965815473E-007   2.3035068317959527E-007   1.4967045380692114E-007   9.7431579554521385E-008   6.3661436868088661E-008   4.1828947679192227E-008   2.7689909349903572E-008   1.8502671542759715E-008   1.2503686518383723E-008   8.5614482116407311E-009   5.9506330291684583E-009   4.2059849440453922E-009   3.0284292991687664E-009   2.2250405201516208E-009   1.6707758942901482E-009   1.2841194328619290E-009   1.0115789606602248E-009   8.1780517052252139E-010   6.7927890363762675E-010   5.8026605207631493E-010   5.1021831995783528E-010   4.6210145631805379E-010   4.3132448234674368E-010   4.1506186403600847E-010
   6.3491929111634944E-007   3.3446705526098703E-006   8.2169417544210835E-006   1.5248055660979834E-005   2.4431274781202722E-005   3.5757656618417851E-005   4.9216139182418599E-005   6.4793558428485719E-005   8.2474646390199880E-005   1.0224200981652502E-004   1.2407607855786519E-004   1.4795500660873278E-004   1.7385450253233127E-004   2.0174755937515286E-004   2.3160404717943804E-004   2.6339012406873148E-004   2.9706741498265878E-004   3.3259190094172983E-004   3.6991245681597629E-004   4.0896897267148335E-004   4.4968999375590214E-004   4.9198981812728724E-004   5.3576500011656627E-004   5.8089022376223295E-004   6.2721353481173792E-004   6.7455095477012082E-004   7.2268054778041615E-004   7.7133607269324310E-004   8.2020042991866749E-004   8.6889920602406881E-004   9.1699472747375612E-004   9.6398115500131987E-004   1.0092812752510668E-003   1.0522457657851714E-003   1.0921558077169084E-003   1.1282299762614720E-003   1.1596363277309441E-003   1.1855104929873305E-003   1.2049803529429373E-003   1.2171974868720433E-003   1.2213750359617254E-003   1.2168309190023936E-003   1.2030345084333074E-003   1.1796539915196616E-003   1.1466008085371942E-003   1.1040669152276254E-003   1.0525503169191484E-003   9.9286451770647034E-004   9.2612833298427093E-004   8.5373396572979720E-004   7.7729327752942834E-004   6.9856460116758331E-004   6.1936493195560434E-004   5.4147450968472131E-004   4.6654225971630621E-004   3.9600097127591590E-004   3.3100028233815456E-004   2.7236355949275277E-004   2.2057188392539233E-004   1.7577504409202005E-004   1.3782624820425049E-004   1.0633473378414415E-004   8.0728951484272438E-005   6.0322696970047474E-005   4.4377375115464419E-005   3.2155219661810151E-005   2.2960357247981381E-005   1.6166682983947600E-005   1.1233268628719704E-005   7.7092498270346024E-006   5.2307768884158169E-006   3.5127265189199914E-006   2.3375975205640877E-006   1.5435152885515448E-006   1.0126969254761702E-006   6.6119137397248759E-007   4.3027165386323501E-007   2.7954271940994228E-007   1.8163300014997732E-007   1.1823836738457571E-007   7.7256515752440598E-008   5.0761637095649669E-008   3.3603167366566310E-008   2.2453969087555847E-008   1.5173883939702755E-008   1.0389769555419478E-008   7.2214074480840262E-009   5.1041848577415982E-009   3.6751588931487616E-009   2.7002041809251013E-009   2.0275747853992834E-009   1.5583467492019778E-009   1.2276044926698583E-009   9.9244976467961176E-010   8.2434082391072796E-010   7.0418349943514671E-010   6.1917687712080296E-010   5.6078452192707045E-010   5.2343503860714793E-010   5.0369949241923221E-010
   7.5711199938770618E-007   3.9883655211156577E-006   9.7983244289265744E-006   1.8182603788839577E-005   2.9133169453182050E-005   4.2639357906717504E-005   5.8687978235829427E-005   7.7263332923751781E-005   9.8347215624033750E-005   1.2191888568624626E-004   1.4795500660873278E-004   1.7642952803655082E-004   2.0731348355060064E-004   2.4057466860322754E-004   2.7617715460810573E-004   3.1408058668689926E-004   3.5423920434832500E-004   3.9660051698760989E-004   4.4110356024296664E-004   4.8767665578789592E-004   5.3623459712265310E-004   5.8667518863036875E-004   6.3887507611715545E-004   6.9268482607311838E-004   7.4792324005371101E-004   8.0437093218089703E-004   8.6176325417141534E-004   9.1978272572226208E-004   9.7805122018348426E-004   1.0361222667885845E-003   1.0934739600129979E-003   1.1495031098391613E-003   1.2035214159367537E-003   1.2547545912175930E-003   1.3023454772803811E-003   1.3453622610750612E-003   1.3828128880873814E-003   1.4136666379479460E-003   1.4368835488294373E-003   1.4514519181092389E-003   1.4564334529091482E-003   1.4510148028150831E-003   1.4345632189106644E-003   1.4066830297986210E-003   1.3672686320883492E-003   1.3165489241570778E-003   1.2551177544120136E-003   1.1839451890021482E-003   1.1043653637338171E-003   1.0180384165086487E-003   9.2688641799841900E-004   8.3300609902959243E-004   7.3856414278898727E-004   6.4568340319927733E-004   5.5633014777612473E-004   4.7221291165216870E-004   3.9470258514008832E-004   3.2478099495975520E-004   2.6302180825824739E-004   2.0960364086745670E-004   1.6435145034348017E-004   1.2679927043659445E-004   9.6265554885353432E-005   7.1932036639097967E-005   5.2917975042422373E-005   3.8343617825974532E-005   2.7379168070496749E-005   1.9278024543753834E-005   1.3395155242795496E-005   9.1929251985129977E-006   6.2374604201682377E-006   4.1887645174012670E-006   2.7874773334516602E-006   1.8405708608192265E-006   1.2075944214467765E-006   7.8844024765106683E-007   5.1307912154231938E-007   3.3334181236580764E-007   2.1658898354867716E-007   1.4099380501965220E-007   9.2124835275070280E-008   6.0530913285225166E-008   4.0070228746599193E-008   2.6775323522110179E-008   1.8094157428837809E-008   1.2389321463914457E-008   8.6111956399986871E-009   6.0865052565886404E-009   4.3824576392489386E-009   3.2198690680523286E-009   2.4177895067302992E-009   1.8582566942534933E-009   1.4638617929980124E-009   1.1834506151282542E-009   9.8298844924147792E-010   8.3970637631086886E-010   7.3833989606351501E-010   6.6870970304803510E-010   6.2417216514660376E-010   6.0063843567514602E-010
   8.8964431168522047E-007   4.6865281512530995E-006   1.1513519267017986E-005   2.1365465143134983E-005   3.4232925255900902E-005   5.0103369443753948E-005   6.8961297726143902E-005   9.0788264738963687E-005   1.1556287711825983E-004   1.4326076356666826E-004   1.7385450253233127E-004   2.0731348355060064E-004   2.4360366963619177E-004   2.8268721884147397E-004   3.2452191328788047E-004   3.6906033398325495E-004   4.1624871007097010E-004   4.6602536247581500E-004   5.1831865503600193E-004   5.7304436214753493E-004   6.3010236192900413E-004   6.8937256944013561E-004   7.5071003735873245E-004   8.1393917386725638E-004   8.7884706176771256E-004   9.4517591172560823E-004   1.0126147488257514E-003   1.0807905178981433E-003   1.1492589012942736E-003   1.2174952736244116E-003   1.2848863699006278E-003   1.3507234118068673E-003   1.4141976121701677E-003   1.4743991450940036E-003   1.5303208067610483E-003   1.5808676704230690E-003   1.6248740226107246E-003   1.6611287155489007E-003   1.6884097422890996E-003   1.7055283018559625E-003   1.7113818533804205E-003   1.7050146696122380E-003   1.6856832390568979E-003   1.6529226281138711E-003   1.6066087475390023E-003   1.5470105643271620E-003   1.4748258799369214E-003   1.3911945704131810E-003   1.2976843117828460E-003   1.1962458487732365E-003   1.0891377101636950E-003   9.7882365911529639E-004   8.6784965629691879E-004   7.5871016080889659E-004   6.5371563492362271E-004   5.5487369252556185E-004   4.6379519801734761E-004   3.8163384670046797E-004   3.0906372604759720E-004   2.4629471855821779E-004   1.9312114064172804E-004   1.4899545874452017E-004   1.1311682206098537E-004   8.4523726048008353E-005   6.2181256565032260E-005   4.5055660874345606E-005   3.2171886262917087E-005   2.2652639094016135E-005   1.5739974634573188E-005   1.0802145015821838E-005   7.3293266870054644E-006   4.9220069539363328E-006   3.2754247134668077E-006   2.1627624418918752E-006   1.4189835965243796E-006   9.2645656388186000E-007   6.0289352472781157E-007   3.9169323357431222E-007   2.5450284415462338E-007   1.6567474392167900E-007   1.0825127026607131E-007   7.1126838207375417E-008   4.7084514710065508E-008   3.1462338840542739E-008   2.1261536264543070E-008   1.4558069842935944E-008   1.0118583808114188E-008   7.1519468505919442E-009   5.1496060201295559E-009   3.7835065394295202E-009   2.8410231025982491E-009   2.1835441771238232E-009   1.7201105229968905E-009   1.3906134214762018E-009   1.1550603913650726E-009   9.8669681866741184E-010   8.6758615522456448E-010   7.8576721009113260E-010   7.3343338460359975E-010   7.0578008023918296E-010
   1.0323780286397985E-006   5.4384304270890476E-006   1.3360737732447904E-005   2.4793320763957687E-005   3.9725224368955716E-005   5.8141908058257898E-005   8.0025385048658641E-005   1.0535425061876058E-004   1.3410367907292983E-004   1.6624538900521840E-004   2.0174755937515286E-004   2.4057466860322754E-004   2.8268721884147397E-004   3.2804129681491054E-004   3.7658791124727588E-004   4.2827203528682787E-004   4.8303127113004634E-004   5.4079404396749559E-004   6.0147722439733004E-004   6.6498307373694088E-004   7.3119540664214511E-004   7.9997487185505154E-004   8.7115326683810581E-004   9.4452682798370092E-004   1.0198484778539871E-003   1.0968190676302148E-003   1.1750777298671748E-003   1.2541915567657407E-003   1.3336449447616176E-003   1.4128290980489873E-003   1.4910323599680402E-003   1.5674322364601281E-003   1.6410901792804692E-003   1.7109503909006325E-003   1.7758440726471328E-003   1.8345006287290486E-003   1.8855673196777739E-003   1.9276386822806055E-003   1.9592966519156449E-003   1.9791616974699903E-003   1.9859543874293220E-003   1.9785656585404343E-003   1.9561327110069367E-003   1.9181160177080933E-003   1.8643715806352923E-003   1.7952115196012330E-003   1.7114455906901398E-003   1.6143965506135113E-003   1.5058835919013773E-003   1.3881704349749434E-003   1.2638779648982939E-003   1.1358652287331108E-003   1.0070866587416002E-003   8.8043692275303030E-004   7.5859717148650150E-004   6.4389711855574806E-004   5.3820607396989743E-004   4.4286283084588100E-004   3.5864962663189015E-004   2.8581001718301771E-004   2.2410531922213895E-004   1.7290015341476787E-004   1.3126518118697144E-004   9.8084635089094193E-005   7.2157560305592444E-005   5.2284349758174201E-005   3.7333514171319721E-005   2.6287007722299489E-005   1.8265281720623896E-005   1.2535231249206486E-005   8.5052371346640414E-006   5.7116892327796818E-006   3.8009308486911234E-006   2.5097540633368870E-006   1.6466440225724499E-006   1.0750964047968581E-006   6.9962120856950313E-007   4.5453613651842816E-007   2.9533504691764651E-007   1.9225544779943970E-007   1.2561900472711976E-007   8.2538362857417740E-008   5.4638711041450743E-008   3.6510127611639942E-008   2.4672717631458421E-008   1.6893753208831331E-008   1.1742000108627309E-008   8.2993986400749552E-009   5.9758040842889786E-009   4.3905288565528303E-009   3.2968342420181573E-009   2.5338700010983913E-009   1.9960834767889033E-009   1.6137221626743963E-009   1.3403772205754440E-009   1.1450015507786981E-009   1.0067808817990114E-009   9.1183498019229292E-010   8.5110476376944561E-010   8.1901478862979215E-010
