# Version 0.33
# Potential name = chengdu_MMWLY_400   
# L = 0
# S = 0
# J = 0
# Order = 2                   
# K_MAX = 0800 MeV
# For uncoupled channels, e.g., 3P0 (LSJ = 110)
# storage = D(1:N，1:N) (row, column)
# D(i,j)  = <pout(j),L|V|L,pin(i)>
# Normalization
# If V were so weak as to validate the Born approximation, the relation of V
# in 1S0 and the respective scattering length 'a' would have been
# <p|V|p> = 2/pi * a + ... for p->0, in unit of MeV^(-1)
# Momenta are in unit of MeV
# The value of pin and pout, where pin(1:N) = pout(1:N)
  0.11450929062345949       0.60321974416166313        1.4819461067499446        2.7500251850226505        4.4062419028032878        6.4489837175771640        8.8762566052326974        11.685689694517464        14.874538297673780        18.439686829803293        22.377651945497576        26.684585982768169        31.356280741866385        36.388171606988124        41.775342011709199        47.512528245992655        53.594124601134183        60.014188848163485        66.766448044639674        73.844304664329513        81.240843043874179        88.948836140201820        96.960752592117160        105.26876407919173        113.86475297077743        122.74032025767923        131.88679375874364        141.29523659434830        150.95645591851689        160.86101190112851        170.99922695144753        181.36119517396233        191.93679204729480        202.71568431672361        213.68734009065676        224.84103913118742        236.16588332867937        247.65080735014803        259.28458945103131        271.05586243978837        282.95312478461119        294.96475185139860        307.07900726201041        319.28405436170561        331.56796778455868        343.91874510555442        356.32431856797552        368.77256687462534        381.25132703136336        393.74840623138277        406.25159376861723        418.74867296863664        431.22743312537466        443.67568143202448        456.08125489444558        468.43203221544132        480.71594563829439        492.92099273798959        505.03524814860140        517.04687521538881        528.94413756021163        540.71541054896875        552.34919264985194        563.83411667132066        575.15896086881253        586.31265990934321        597.28431568327642        608.06320795270517        618.63880482603770        629.00077304855245        639.13898809887155        649.04354408148311        658.70476340565165        668.11320624125642        677.25967974232071        686.13524702922257        694.73123592080833        703.03924740788284        711.05116385979818        718.75915695612582        726.15569533567054        733.23355195536033        739.98581115183651        746.40587539886587        752.48747175400740        758.22465798829080        763.61182839301182        768.64371925813361        773.31541401723189        777.62234805450248        781.56031317019665        785.12546170232622        788.31431030548254        791.12374339476730        793.55101628242278        795.59375809719677        797.24997481497735        798.51805389325000        799.39678025583839        799.88549070937654     
# Matrix elements start here 
  -6.1601243048249512E-004  -6.1600320185292744E-004  -6.1595499420462156E-004  -6.1581380562225857E-004  -6.1550199741792220E-004  -6.1491870893373647E-004  -6.1394042513895539E-004  -6.1242171656589368E-004  -6.1019617444502930E-004  -6.0707756681857052E-004  -6.0286124381707807E-004  -5.9732582222747047E-004  -5.9023518107345651E-004  -5.8134080132709101E-004  -5.7038448426369073E-004  -5.5710148457147469E-004  -5.4122409633309112E-004  -5.2248573255738329E-004  -5.0062554208678202E-004  -4.7539361125702450E-004  -4.4655680112516385E-004  -4.1390527340987059E-004  -3.7725975786345685E-004  -3.3647960818840468E-004  -2.9147167951000508E-004  -2.4220003362876517E-004  -1.8869643388585208E-004  -1.3107152420708233E-004  -6.9526491733009873E-005  -4.3648855577782314E-006   6.3995895956372420E-005   1.3501412760741544E-004   2.0801518134782736E-004   2.8218596460768595E-004   3.5657369007892413E-004   4.3009044839899865E-004   5.0152511690230040E-004   5.6956405760024038E-004   6.3282178492119075E-004   6.8988227383154615E-004   7.3935080431326372E-004   7.7991520174940706E-004   8.1041408151568285E-004   8.2990834177452521E-004   8.3775083171627827E-004   8.3364806532795462E-004   8.1770729430614151E-004   7.9046242967041559E-004   7.5287338076581367E-004   7.0629541642753179E-004   6.5241803557759609E-004   5.9317626634330716E-004   5.3064082760373812E-004   4.6689661321458161E-004   4.0392092615947365E-004   3.4347335489045335E-004   2.8700795068830145E-004   2.3561555548833502E-004   1.9000018569017077E-004   1.5048897773840928E-004   1.1707111480434111E-004   8.9458066074564056E-005   6.7155830388609982E-005   4.9539810472396906E-005   3.5924255610438933E-005   2.5620459777486309E-005   1.7980538852913760E-005   1.2426113206602207E-005   8.4632058972957850E-006   5.6859365362792096E-006   3.7721357070554331E-006   2.4739511356079281E-006   1.6060619895820241E-006   1.0334674130559666E-006   6.6013926930809116E-007   4.1923961487855196E-007   2.6515541739438021E-007   1.6730548162625778E-007   1.0550771557830054E-007   6.6626101206326161E-008   4.2212094659681731E-008   2.6886089899960117E-008   1.7250323746193019E-008   1.1172123827044649E-008   7.3187514408845510E-009   4.8595155031039336E-009   3.2770848487734846E-009   2.2490082443121863E-009   1.5738106658083163E-009   1.1251085677481419E-009   8.2320063805265199E-010   6.1749685166373341E-010   4.7564502201326936E-010   3.7678873818413225E-010   3.0737381679633735E-010   2.5852969441935387E-010   2.2442780308840449E-010   2.0124987878076575E-010   1.8654100580079840E-010   1.7880806811718887E-010
  -6.1600320185292744E-004  -6.1599397330211925E-004  -6.1594576606525833E-004  -6.1580457868789823E-004  -6.1549277314465261E-004  -6.1490948963810086E-004  -6.1393121419065259E-004  -6.1241251857346781E-004  -6.1018699543247210E-004  -6.0706841439040838E-004  -6.0285212730920904E-004  -5.9731675284071519E-004  -5.9022617198656899E-004  -5.8133186778585731E-004  -5.7037564364276834E-004  -5.5709275640581475E-004  -5.4121550231615379E-004  -5.2247729650389655E-004  -5.0061728985845687E-004  -4.7538557065036500E-004  -4.4654900172118604E-004  -4.1389774638605033E-004  -3.7725253576843012E-004  -3.3647272467973141E-004  -2.9146516905459457E-004  -2.4219393116436000E-004  -1.8869077444035525E-004  -1.3106634247065686E-004  -6.9521821576108808E-005  -4.3607594869179284E-006   6.3999447413763937E-005   1.3501707659684657E-004   2.0801750346542323E-004   2.8218763976196643E-004   3.5657470342970740E-004   4.3009079135665268E-004   5.0152478815850888E-004   5.6956306414757715E-004   6.3282014300413054E-004   6.8988000975744347E-004   7.3934795504018627E-004   7.7991181516075866E-004   8.1041021629178148E-004   8.2990406678095079E-004   8.3774622484976717E-004   8.3364321179355341E-004   8.1770228434335269E-004   7.9045735579842766E-004   7.5286833467361723E-004   7.0629048568685449E-004   6.5241330039736293E-004   5.9317179660586415E-004   5.3063668041896240E-004   4.6689283119553926E-004   4.0391753656341474E-004   3.4347036968805102E-004   2.8700536753241196E-004   2.3561335946409192E-004   1.8999835165431096E-004   1.5048747300800617E-004   1.1706990193993943E-004   8.9457105520378277E-005   6.7155082777632733E-005   4.9539238467400694E-005   3.5923825221217574E-005   2.5620141159233325E-005   1.7980306641805291E-005   1.2425946481796127E-005   8.4630878729892840E-006   5.6858540857447252E-006   3.7720788072798349E-006   2.4739123014575246E-006   1.6060357449784065E-006   1.0334498269396588E-006   6.6012756822298808E-007   4.1923187257301751E-007   2.6515031469304616E-007   1.6730212621462434E-007   1.0550551028756256E-007   6.6624649953985759E-008   4.2211136629875031E-008   2.6885454290440634E-008   1.7249899124361328E-008   1.1171837644232885E-008   7.3185564830887822E-009   4.8593810062845971E-009   3.2769907113289851E-009   2.2489412748727266E-009   1.5737621577250604E-009   1.1250727331276175E-009   8.2317359635231142E-010   6.1747597520682553E-010   4.7562851102177250E-010   3.7677534347945371E-010   3.0736265765974591E-010   2.5852013791249915E-010   2.2441938315018756E-010   2.0124224107219737E-010   1.8653386913488142E-010   1.7880119644056222E-010
  -6.1595499420462156E-004  -6.1594576606525833E-004  -6.1589756097765519E-004  -6.1575637989484742E-004  -6.1544458825229240E-004  -6.1486133074731535E-004  -6.1388309890366853E-004  -6.1236447096385755E-004  -6.1013904696765177E-004  -6.0702060479401250E-004  -6.0280450534901955E-004  -5.9726937702629570E-004  -5.9017911115960878E-004  -5.8128520158561177E-004  -5.7032946282910616E-004  -5.5704716302338133E-004  -5.4117060968507835E-004  -5.2243322902528592E-004  -5.0057418262638943E-004  -4.7534356886587946E-004  -4.4650825990729033E-004  -4.1385842740542412E-004  -3.7721480964655321E-004  -3.3643676723504564E-004  -2.9143116033361833E-004  -2.4216205367337838E-004  -1.8866121115685954E-004  -1.3103927460808703E-004  -6.9497426066134375E-005  -4.3392061364798612E-006   6.4017999135876878E-005   1.3503248118456202E-004   2.0802963343781694E-004   2.8219639016505518E-004   3.5657999674107693E-004   4.3009258270534944E-004   5.0152307070952832E-004   5.6955787442790513E-004   6.3281156587060130E-004   6.8986818263311236E-004   7.3933307098498699E-004   7.7989412430609553E-004   8.1039002516962878E-004   8.2988173512870377E-004   8.3772215958148209E-004   8.3361785800011327E-004   8.1767611341436192E-004   7.9043085103199353E-004   7.5284197503098062E-004   7.0626472862151540E-004   6.5238856490121549E-004   5.9314844772705546E-004   5.3061501648523214E-004   4.6687307480665742E-004   4.0389983010396093E-004   3.4345477568917780E-004   2.8699187373240598E-004   2.3560188795050967E-004   1.8998877108406258E-004   1.5047961265267861E-004   1.1706356622425080E-004   8.9452087813928014E-005   6.7151177436253619E-005   4.9536250450087462E-005   3.5921576971077588E-005   2.5618476774009606E-005   1.7979093626865794E-005   1.2425075551619327E-005   8.4624713425322597E-006   5.6854233841138301E-006   3.7717815766526390E-006   2.4737094412911866E-006   1.6058986495564081E-006   1.0333579613550580E-006   6.6006644461127453E-007   4.1919142866207057E-007   2.6512365943080791E-007   1.6728459836705294E-007   1.0549399039023961E-007   6.6617068968556449E-008   4.2206132117984599E-008   2.6882134022945803E-008   1.7247681004667817E-008   1.1170342695899304E-008   7.3175380717566258E-009   4.8586784281780407E-009   3.2764989606304042E-009   2.2485914431178958E-009   1.5735087635285549E-009   1.1248855419633424E-009   8.2303233722496609E-010   6.1736692178304307E-010   4.7554226170663152E-010   3.7670537287346569E-010   3.0730436510648283E-010   2.5847021709903001E-010   2.2437539948894030E-010   2.0120234358428089E-010   1.8649658896927509E-010   1.7876530051314226E-010
  -6.1581380562225857E-004  -6.1580457868789823E-004  -6.1575637989484742E-004  -6.1561521724697640E-004  -6.1530346631554693E-004  -6.1472028496170790E-004  -6.1374218082107536E-004  -6.1222375108887931E-004  -6.0999861745937394E-004  -6.0688058199168961E-004  -6.0266503207973996E-004  -5.9713062464823805E-004  -5.9004128129110133E-004  -5.8114852746841993E-004  -5.7019421027473989E-004  -5.5691363089410901E-004  -5.4103912986698576E-004  -5.2230416585892188E-004  -5.0044793177073110E-004  -4.7522055558239080E-004  -4.4638893676121014E-004  -4.1374327138914857E-004  -3.7710431873309023E-004  -3.3633145636623461E-004  -2.9133155683698048E-004  -2.4206869208305716E-004  -1.8857462738937098E-004  -1.3095999941541126E-004  -6.9425977661420374E-005  -4.2760818670913373E-006   6.4072332200426651E-005   1.3507759686885289E-004   2.0806515835926137E-004   2.8222201691941698E-004   3.5659549826779933E-004   4.3009782757621106E-004   5.0151803889929986E-004   5.6954267291373204E-004   6.3278644318228989E-004   6.8983354126081822E-004   7.3928947637273744E-004   7.7984230905328578E-004   8.1033088706586364E-004   8.2981632779539731E-004   8.3765167481407270E-004   8.3354359940854836E-004   8.1759946163344893E-004   7.9035322157411381E-004   7.5276477070545904E-004   7.0618928924336350E-004   6.5231611763554367E-004   5.9308006174407010E-004   5.3055156553930699E-004   4.6681521085464210E-004   4.0384797016303252E-004   3.4340910289668014E-004   2.8695235216787303E-004   2.3556828941198756E-004   1.8996071087928499E-004   1.5045659073603462E-004   1.1704500977799707E-004   8.9437391642335144E-005   6.7139739233011740E-005   4.9527498964871538E-005   3.5914992162778620E-005   2.5613602025487039E-005   1.7975540879083834E-005   1.2422524722107328E-005   8.4606656138293027E-006   5.6841619215773647E-006   3.7709110315467950E-006   2.4731152936448279E-006   1.6054971172957184E-006   1.0330889006811351E-006   6.5988742266019075E-007   4.1907297450069467E-007   2.6504559017500293E-007   1.6723326194762184E-007   1.0546025035702428E-007   6.6594865415629996E-008   4.2191474666811477E-008   2.6872409468170600E-008   1.7241184473037455E-008   1.1165964222724704E-008   7.3145553024372928E-009   4.8566206858331009E-009   3.2750586992681553E-009   2.2475668404100317E-009   1.5727666114896532E-009   1.1243372883272613E-009   8.2261861137921698E-010   6.1704752142348164E-010   4.7528965102117578E-010   3.7650043998202742E-010   3.0713363540336854E-010   2.5832400690981895E-010   2.2424657828735024E-010   2.0108549014301017E-010   1.8638740125402092E-010   1.7866016701408232E-010
  -6.1550199741792220E-004  -6.1549277314465261E-004  -6.1544458825229240E-004  -6.1530346631554693E-004  -6.1499180528926990E-004  -6.1440879210519924E-004  -6.1343096997991831E-004  -6.1191297796335694E-004  -6.0968848557105769E-004  -6.0657134826126561E-004  -6.0235701192347510E-004  -5.9682419649066632E-004  -5.8973689038401326E-004  -5.8084668890229761E-004  -5.6989551106955143E-004  -5.5661873106279064E-004  -5.4074876235737316E-004  -5.2201913529800195E-004  -5.0016911195754682E-004  -4.7494888570030834E-004  -4.4612541630308935E-004  -4.1348895380603540E-004  -3.7686030382390719E-004  -3.3609888141868251E-004  -2.9111158650601621E-004  -2.4186250695264482E-004  -1.8838341110864396E-004  -1.3078492423814945E-004  -6.9268188157621470E-005  -4.1366765300212020E-006   6.4192321744081814E-005   1.3517722930860617E-004   2.0814360898302920E-004   2.8227860673765010E-004   3.5662972574318735E-004   4.3010940239238322E-004   5.0150691679372479E-004   5.6950909013194677E-004   6.3273094861461261E-004   6.8975702384643268E-004   7.3919318496267188E-004   7.7972786168919832E-004   8.1020026663853814E-004   8.2967186137399571E-004   8.3749599464489526E-004   8.3337958469470712E-004   8.1743016169551859E-004   7.9018176276058347E-004   7.5259425130321314E-004   7.0602266840177766E-004   6.5215610569501056E-004   5.9292902008559406E-004   5.3041142393596896E-004   4.6668740920519547E-004   4.0373342946714596E-004   3.4330822759739608E-004   2.8686506288972779E-004   2.3549408210171393E-004   1.8989873585674867E-004   1.5040574355175646E-004   1.1700402526005455E-004   8.9404933112479442E-005   6.7114476399321909E-005   4.9508170131000516E-005   3.5900448738489677E-005   2.5602835503918143E-005   1.7967694175508673E-005   1.2416890888913135E-005   8.4566774338886702E-006   5.6813758241294079E-006   3.7689883253089812E-006   2.4718030461288490E-006   1.6046102848927188E-006   1.0324946481027577E-006   6.5949203156463533E-007   4.1881135465835638E-007   2.6487316520279764E-007   1.6711987959163310E-007   1.0538573166991761E-007   6.6545826375722133E-008   4.2159102054512685E-008   2.6850931715775393E-008   1.7226836171811382E-008   1.1156293889155924E-008   7.3079675348106350E-009   4.8520759415568777E-009   3.2718777288639713E-009   2.2453038970238973E-009   1.5711274907119369E-009   1.1231264128561438E-009   8.2170485480704439E-010   6.1634209264717852E-010   4.7473173426136250E-010   3.7604782462284399E-010   3.0675656135493576E-010   2.5800108675915375E-010   2.2396206352083575E-010   2.0082740741505382E-010   1.8614624907504567E-010   1.7842796899062668E-010
  -6.1491870893373647E-004  -6.1490948963810086E-004  -6.1486133074731535E-004  -6.1472028496170790E-004  -6.1440879210519924E-004  -6.1382609348681848E-004  -6.1284879887837343E-004  -6.1133162562040748E-004  -6.0910833268013401E-004  -6.0599287540161390E-004  -6.0178080909428680E-004  -5.9625097155373979E-004  -5.8916747620945732E-004  -5.8028204900440329E-004  -5.6933674352138469E-004  -5.5606707048998282E-004  -5.4020557983477761E-004  -5.2148593600667681E-004  -4.9964753050141947E-004  -4.7444067902738479E-004  -4.4563245421869104E-004  -4.1301320709741343E-004  -3.7640383002840309E-004  -3.3566380825404913E-004  -2.9070009293695096E-004  -2.4147680179166590E-004  -1.8802570894749731E-004  -1.3045741838970586E-004  -6.8973020175851284E-005  -3.8759017909163274E-006   6.4416772947253811E-005   1.3536359564699321E-004   2.0829034727369122E-004   2.8238444644185820E-004   3.5669372833890692E-004   4.3013102456058191E-004   5.0148607559444584E-004   5.6944622747041591E-004   6.3262709136974898E-004   6.8961383514316117E-004   7.3901300133343093E-004   7.7951371043129790E-004   8.0995585768701625E-004   8.2940154862186800E-004   8.3720470296685294E-004   8.3307270101210841E-004   8.1711339120582420E-004   7.8986095476377485E-004   7.5227520257763235E-004   7.0571091538114503E-004   6.5185671927484902E-004   5.9264641824528308E-004   5.3014921710817838E-004   4.6644829126526251E-004   4.0351912343399390E-004   3.4311949002232677E-004   2.8670174511472631E-004   2.3535524091576761E-004   1.8978278140266642E-004   1.5031060932146152E-004   1.1692734405567139E-004   8.9344203967714616E-005   6.7067210313738403E-005   4.9472006460125678E-005   3.5873238469543144E-005   2.5582691727005197E-005   1.7953013295633036E-005   1.2406350219470330E-005   8.4492157242370915E-006   5.6761631651383197E-006   3.7653910359113865E-006   2.4693478982770434E-006   1.6029510689483793E-006   1.0313828346601497E-006   6.5875227771264179E-007   4.1832187961498800E-007   2.6455056875562435E-007   1.6690774843873658E-007   1.0524631209694984E-007   6.6454077635688045E-008   4.2098535131456833E-008   2.6810748357485570E-008   1.7199991534794490E-008   1.1138201406046014E-008   7.2956423147559341E-009   4.8435730709624481E-009   3.2659263791169393E-009   2.2410701073462547E-009   1.5680608258936689E-009   1.1208609621297882E-009   8.1999529044724701E-010   6.1502229322125459E-010   4.7368791811107939E-010   3.7520101896360649E-010   3.0605108739573050E-010   2.5739693034758929E-010   2.2342976044990776E-010   2.0034455652315619E-010   1.8569507384934211E-010   1.7799354625288011E-010
  -6.1394042513895539E-004  -6.1393121419065259E-004  -6.1388309890366853E-004  -6.1374218082107536E-004  -6.1343096997991831E-004  -6.1284879887837343E-004  -6.1187238889971350E-004  -6.1035658867647101E-004  -6.0813530718577887E-004  -6.0502266728134605E-004  -6.0081440777381870E-004  -5.9528956412265108E-004  -5.8821245941071288E-004  -5.7933503869404747E-004  -5.6839958124402321E-004  -5.5514182683551834E-004  -5.3929455428053559E-004  -5.2059165300544902E-004  -4.9877273164592893E-004  -4.7358831119767721E-004  -4.4480565369016867E-004  -4.1221527964050569E-004  -3.7563822705227224E-004  -3.3493409902409779E-004  -2.9000993282136066E-004  -2.4082989636523011E-004  -1.8742577361046493E-004  -1.2990813296486154E-004  -6.8477977759089028E-005  -3.4385509887422923E-006   6.4793193308922419E-005   1.3567613016550071E-004   2.0853640650392909E-004   2.8256189834931656E-004   3.5680099792778880E-004   4.3016719989705417E-004   5.0145101716421035E-004   5.6934067634082774E-004   6.3245277007026421E-004   6.8937353368334628E-004   7.3871063954313726E-004   7.7915436707172566E-004   8.0954575680346674E-004   8.2894799463629782E-004   8.3671595823006303E-004   8.3255780302819975E-004   8.1658191141453654E-004   7.8932270631840206E-004   7.5173991046154163E-004   7.0518786774068911E-004   6.5135442316889688E-004   5.9217228528906122E-004   5.2970930406193032E-004   4.6604711716285280E-004   4.0315957850295511E-004   3.4280284306469327E-004   2.8642774629631415E-004   2.3512230742746656E-004   1.8958824561284655E-004   1.5015100398166738E-004   1.1679869751065079E-004   8.9242320195654506E-005   6.6987913417947359E-005   4.9411335928193484E-005   3.5827588875801550E-005   2.5548897399096216E-005   1.7928383893930583E-005   1.2388666693123712E-005   8.4366976372874896E-006   5.6674182035751890E-006   3.7593560956694470E-006   2.4652290643031473E-006   1.6001675215593702E-006   1.0295176289704804E-006   6.5751125084970364E-007   4.1750072740025231E-007   2.6400937609890810E-007   1.6655187465216469E-007   1.0501242053226471E-007   6.6300159350583283E-008   4.1996927823207501E-008   2.6743336696903522E-008   1.7154956995475362E-008   1.1107849512549646E-008   7.2749655896688115E-009   4.8293087161915449E-009   3.2559424483912844E-009   2.2339675471779351E-009   1.5629162267404780E-009   1.1170604731793705E-009   8.1712735108632475E-010   6.1280821921459532E-010   4.7193683026884370E-010   3.7378043329748063E-010   3.0486759777512741E-010   2.5638340952002223E-010   2.2253677965784136E-010   1.9953453590407540E-010   1.8493819180173543E-010   1.7726476789674173E-010
  -6.1242171656589368E-004  -6.1241251857346781E-004  -6.1236447096385755E-004  -6.1222375108887931E-004  -6.1191297796335694E-004  -6.1133162562040748E-004  -6.1035658867647101E-004  -6.0884291954496769E-004  -6.0662476003894579E-004  -6.0351649301429184E-004  -5.9931414211203903E-004  -5.9379704961524330E-004  -5.8672986405514213E-004  -5.7786487063961659E-004  -5.6694469902451600E-004  -5.5370544461192544E-004  -5.3788024163424562E-004  -5.1920332890916768E-004  -4.9741465234744663E-004  -4.7226505186882253E-004  -4.4352208380318755E-004  -4.1097653211631121E-004  -3.7444966125811245E-004  -3.3380125766319953E-004  -2.8893849264197689E-004  -2.3982561242026689E-004  -1.8649441653516351E-004  -1.2905541843929449E-004  -6.7709487031424086E-005  -2.7596411160769668E-006   6.5377490920963096E-005   1.3616122419856996E-004   2.0891827397341643E-004   2.8283722670026466E-004   3.5696733982223906E-004   4.3022313792606226E-004   5.0139633372889205E-004   5.6917652166591621E-004   6.3218181889681418E-004   6.8900011886638760E-004   7.3824084886312240E-004   7.7859608842604892E-004   8.0890865697920119E-004   8.2824341846136429E-004   8.3595673835125872E-004   8.3175797598982566E-004   8.1575634296951211E-004   7.8848663752717919E-004   7.5090844530564674E-004   7.0437543157372958E-004   6.5057422804018668E-004   5.9143584171121328E-004   5.2902601812885035E-004   4.6542400655649437E-004   4.0260113107343253E-004   3.4231102833816762E-004   2.8600217516558629E-004   2.3476052055026791E-004   1.8928609886005999E-004   1.4990311142468952E-004   1.1659888993620457E-004   8.9084080049513204E-005   6.6864754528030796E-005   4.9317106756145051E-005   3.5756689477242404E-005   2.5496410903858886E-005   1.7890131747533205E-005   1.2361202359480625E-005   8.4172558378697398E-006   5.6538364841014150E-006   3.7499833197232245E-006   2.4588321871452704E-006   1.5958444655806681E-006   1.0266208354641774E-006   6.5558385638582267E-007   4.1622542915229076E-007   2.6316887417816008E-007   1.6599918467846681E-007   1.0464917609774496E-007   6.6061117743534176E-008   4.1839127766207865E-008   2.6638644042296309E-008   1.7085016945242158E-008   1.1060712170971731E-008   7.2428541200083101E-009   4.8071558590960375E-009   3.2404372113206896E-009   2.2229371522076343E-009   1.5549265901231122E-009   1.1111582672816401E-009   8.1267341177283038E-010   6.0936974345685438E-010   4.6921737874102374E-010   3.7157425591786755E-010   3.0302963328796698E-010   2.5480940832759458E-010   2.2114997827058467E-010   1.9827657237934666E-010   1.8376275290577573E-010   1.7613297424951269E-010
  -6.1019617444502930E-004  -6.1018699543247210E-004  -6.1013904696765177E-004  -6.0999861745937394E-004  -6.0968848557105769E-004  -6.0910833268013401E-004  -6.0813530718577887E-004  -6.0662476003894579E-004  -6.0441117416122755E-004  -6.0130931332547793E-004  -5.9711561847904614E-004  -5.9160988145544248E-004  -5.8455722765567738E-004  -5.7571044074364156E-004  -5.6481266388046019E-004  -5.5160051372562494E-004  -5.3580764554976806E-004  -5.1716881046995388E-004  -4.9542444904579963E-004  -4.7032586906186648E-004  -4.4164105873298077E-004  -4.0916118879126610E-004  -3.7270785630096688E-004  -3.3214111717993594E-004  -2.8736833999855934E-004  -2.3835388652834901E-004  -1.8512957986389976E-004  -1.2780585353217684E-004  -6.6583379883389227E-005  -1.7648494469327345E-006   6.6233586570052581E-005   1.3687188840595167E-004   2.0947760463194652E-004   2.8324036351586382E-004   3.5721069141146644E-004   4.3030462345024678E-004   5.0131563208719639E-004   5.6893531792615005E-004   6.3178403409987335E-004   6.8845210593785700E-004   7.3755153455557030E-004   7.7777703954107691E-004   8.0797404917054951E-004   8.2720988826213808E-004   8.3484310413048162E-004   8.3058482150055041E-004   8.1454546779514058E-004   7.8726039137871949E-004   7.4968897657182610E-004   7.0318389313033143E-004   6.4942999316624887E-004   5.9035578814283863E-004   5.2802393730330037E-004   4.6451018722421531E-004   4.0178215200305538E-004   3.4158977528975752E-004   2.8537807516422226E-004   2.3422996489197369E-004   1.8884300841855086E-004   1.4953958631398756E-004   1.1630588191973248E-004   8.8852030361142849E-005   6.6684150696444812E-005   4.9178927274365022E-005   3.5652721922791787E-005   2.5419444704601209E-005   1.7834039149326121E-005   1.2320929155422677E-005   8.3887469006576094E-006   5.6339207251746964E-006   3.7362394839875075E-006   2.4494521312524066E-006   1.5895053882809441E-006   1.0223731673409929E-006   6.5275766496394348E-007   4.1435543290884254E-007   2.6193643424331171E-007   1.6518877093775256E-007   1.0411655003570656E-007   6.5710611905958082E-008   4.1607746976116946E-008   2.6485134696209094E-008   1.6982465191198847E-008   1.0991595810652627E-008   7.1957699785134011E-009   4.7746738414984006E-009   3.2177024437411657E-009   2.2067637231822862E-009   1.5432117305951665E-009   1.1025041354227151E-009   8.0614281872585691E-010   6.0432808354220974E-010   4.6522999313769811E-010   3.6833946097135082E-010   3.0033473152063808E-010   2.5250154303518203E-010   2.1911659464253493E-010   1.9643209709240158E-010   1.8203927917780772E-010   1.7447349525117223E-010
  -6.0707756681857052E-004  -6.0706841439040838E-004  -6.0702060479401250E-004  -6.0688058199168961E-004  -6.0657134826126561E-004  -6.0599287540161390E-004  -6.0502266728134605E-004  -6.0351649301429184E-004  -6.0130931332547793E-004  -5.9821642557101879E-004  -5.9403485528449385E-004  -5.8854502409839765E-004  -5.8151272554703083E-004  -5.7269144175462589E-004  -5.6182503553873846E-004  -5.4865085421631392E-004  -5.3290328357539119E-004  -5.1431779319665737E-004  -4.9263551757900337E-004  -4.6760842112951050E-004  -4.3900509847519698E-004  -4.0661726372062640E-004  -3.7026698156408181E-004  -3.2981468718067488E-004  -2.8516802721077316E-004  -2.3629152692937347E-004  -1.8321704388665180E-004  -1.2605490082470466E-004  -6.5005495575808504E-005  -3.7105918245308733E-007   6.7432925733539387E-005   1.3786732381716542E-004   2.1026085228096790E-004   2.8380460073678163E-004   3.5755087564911668E-004   4.3041783138246287E-004   5.0120140930753139E-004   5.6859602470473196E-004   6.3122516777272303E-004   6.8768257570493404E-004   7.3658386052815553E-004   7.7662744553276325E-004   8.0666241880143893E-004   8.2575955723302591E-004   8.3328046862679020E-004   8.2893875384897758E-004   8.1284654542835948E-004   7.8553996290240758E-004   7.4797810759264036E-004   7.0151225218110895E-004   6.4782475186508622E-004   5.8884061698785814E-004   5.2661817712682446E-004   4.6322826527800073E-004   4.0063329136849060E-004   3.4057801888131233E-004   2.8450261453321366E-004   2.3348573374102190E-004   1.8822147568362750E-004   1.4902966752665858E-004   1.1589488242806265E-004   8.8526539989853843E-005   6.6430824757052176E-005   4.8985110230629616E-005   3.5506893531833114E-005   2.5311490320590040E-005   1.7755363213412047E-005   1.2264442119470188E-005   8.3487607134247223E-006   5.6059874210688038E-006   3.7169629032912099E-006   2.4362961217062049E-006   1.5806145722916644E-006   1.0164156806255646E-006   6.4879387055999258E-007   4.1173274006631123E-007   2.6020793290822434E-007   1.6405216970592559E-007   1.0336954897480300E-007   6.5219034798687523E-008   4.1283241976199821E-008   2.6269843275378401E-008   1.6838640677208639E-008   1.0894663466984631E-008   7.1297370357220765E-009   4.7291197648563489E-009   3.1858184190579844E-009   2.1840816261025125E-009   1.5267825169844329E-009   1.0903673994128604E-009   7.9698420295526525E-010   5.9725759049570440E-010   4.5963804109702537E-010   3.6380295881944522E-010   2.9655538613339385E-010   2.4926498429422117E-010   2.1626497321722950E-010   1.9384540335433762E-010   1.7962227957833690E-010   1.7214624263702064E-010
  -6.0286124381707807E-004  -6.0285212730920904E-004  -6.0280450534901955E-004  -6.0266503207973996E-004  -6.0235701192347510E-004  -6.0178080909428680E-004  -6.0081440777381870E-004  -5.9931414211203903E-004  -5.9711561847904614E-004  -5.9403485528449385E-004  -5.8986966809189607E-004  -5.8440132974564530E-004  -5.7739653691596035E-004  -5.6860971600994575E-004  -5.5778570298382153E-004  -5.4466283342121096E-004  -5.2897648149576601E-004  -5.1046308923125016E-004  -4.8886473079890066E-004  -4.6393426022403746E-004  -4.3544109425212163E-004  -4.0317768421802090E-004  -3.6696672991975217E-004  -3.2666918231108748E-004  -2.8219306704149337E-004  -2.3350313338969163E-004  -1.8063128816847801E-004  -1.2368770659184573E-004  -6.2872417022455038E-005   1.5129697520701582E-006   6.9053874884214680E-005   1.3921238652821926E-004   2.1131880361511743E-004   2.8456619420473214E-004   3.5800927518101237E-004   4.3056907079351992E-004   5.0104486598264364E-004   5.6813488788569951E-004   6.3046687511122295E-004   6.8663918529046977E-004   7.3527232027065540E-004   7.7506971860664010E-004   8.0488542396441780E-004   8.2379488728758507E-004   8.3116385991286465E-004   8.2670929477377496E-004   8.1054563225810283E-004   7.8321003505776692E-004   7.4566122022760731E-004   6.9924856775375067E-004   6.4565105108506122E-004   5.8678893935173570E-004   5.2471469937550750E-004   4.6149251113639751E-004   3.9907773846495375E-004   3.3920813160770208E-004   2.8331728955191776E-004   2.3247810383051270E-004   1.8737998370227697E-004   1.4833930042726547E-004   1.1533844831598621E-004   8.8085879354281998E-005   6.6087867768230963E-005   4.8722720966332166E-005   3.5309473834010599E-005   2.5165345585803362E-005   1.7648855888292522E-005   1.2187973863024765E-005   8.2946307911157510E-006   5.5681740944241642E-006   3.6908684679623300E-006   2.4184872025074631E-006   1.5685794463481499E-006   1.0083513581519572E-006   6.4342835003919410E-007   4.0818261005269645E-007   2.5786821885401272E-007   1.6251366944444482E-007   1.0235841847996911E-007   6.4553647773308550E-008   4.0844002959156921E-008   2.5978434092266884E-008   1.6643967297778495E-008   1.0763461706538669E-008   7.0403593612565419E-009   4.6674612230883111E-009   3.1426628452673156E-009   2.1533811665960069E-009   1.5045455006620836E-009   1.0739403384953175E-009   7.8458807125833854E-010   5.8768775266814610E-010   4.5206941570237317E-010   3.5766288566966569E-010   2.9144012256298449E-010   2.4488437930028684E-010   2.1240537768432131E-010   1.9034438472386351E-010   1.7635093997517483E-010   1.6899637444374484E-010
  -5.9732582222747047E-004  -5.9731675284071519E-004  -5.9726937702629570E-004  -5.9713062464823805E-004  -5.9682419649066632E-004  -5.9625097155373979E-004  -5.9528956412265108E-004  -5.9379704961524330E-004  -5.9160988145544248E-004  -5.8854502409839765E-004  -5.8440132974564530E-004  -5.7896118829770405E-004  -5.7199248181668768E-004  -5.6325087637279156E-004  -5.5248248581313253E-004  -5.3942694391420642E-004  -5.2382092373265388E-004  -5.0540214585856943E-004  -4.8391392067563907E-004  -4.5911027339833000E-004  -4.3076170401134520E-004  -3.9866163623667654E-004  -3.6263360864303919E-004  -3.2253925459082265E-004  -2.7828710264143246E-004  -2.2984220129409143E-004  -1.7723652670713640E-004  -1.2058006434243428E-004  -6.0072360432904650E-005   3.9857868420453734E-006   7.1180984892878088E-005   1.4097692947978341E-004   2.1270599910461186E-004   2.8556386399160283E-004   3.5860841205765542E-004   4.3076444350460428E-004   5.0083564270975221E-004   5.6752525248000190E-004   6.2946660142549553E-004   6.8526412648056007E-004   7.3354476293363861E-004   7.7301854745708389E-004   8.0254604289740948E-004   8.2120884854392081E-004   8.2837816572318328E-004   8.2377535574827297E-004   8.0751789338652600E-004   7.8014431177457575E-004   7.4261282058388873E-004   6.9627030820211674E-004   6.4279129793567719E-004   5.8408982086453377E-004   5.2221063096574618E-004   4.5920915645626648E-004   3.9703149298665730E-004   3.3740616647779569E-004   2.8175813817024262E-004   2.3115271966639916E-004   1.8627315326956201E-004   1.4743126662210640E-004   1.1460659021372008E-004   8.7506305282025135E-005   6.5636805794055660E-005   4.8377629058809818E-005   3.5049833823833949E-005   2.4973143993910430E-005   1.7508785544414316E-005   1.2087410209443353E-005   8.2234454422857984E-006   5.5184471616017363E-006   3.6565531148943065E-006   2.3950679990372718E-006   1.5527531465844026E-006   9.9774683786348334E-007   6.3637282080352895E-007   4.0351433122370736E-007   2.5479162401363404E-007   1.6049064890745683E-007   1.0102886650536491E-007   6.3678728400379918E-008   4.0266451865121779E-008   2.5595266535300785E-008   1.6387997772187915E-008   1.0590950322351460E-008   6.9228415338778596E-009   4.5863903662425384E-009   3.0859207426518724E-009   2.1130156395706054E-009   1.4753080370165083E-009   1.0523419830723426E-009   7.6828967615825297E-010   5.7510541630601193E-010   4.4211829520387073E-010   3.4959003365960932E-010   2.8471469121779013E-010   2.3912487491565674E-010   2.0733089334066525E-010   1.8574135417549217E-010   1.7204988898629860E-010   1.6485503263709623E-010
  -5.9023518107345651E-004  -5.9022617198656899E-004  -5.9017911115960878E-004  -5.9004128129110133E-004  -5.8973689038401326E-004  -5.8916747620945732E-004  -5.8821245941071288E-004  -5.8672986405514213E-004  -5.8455722765567738E-004  -5.8151272554703083E-004  -5.7739653691596035E-004  -5.7199248181668768E-004  -5.6506996027448847E-004  -5.5638622625399782E-004  -5.4568903102992150E-004  -5.3271967253621343E-004  -5.1721648974775605E-004  -4.9891884415634671E-004  -4.7757163389476316E-004  -4.5293038977163092E-004  -4.2476700580693620E-004  -3.9287615874284196E-004  -3.5708246978511629E-004  -3.1724845511617544E-004  -2.7328329630828187E-004  -2.2515243364384447E-004  -1.7288793984492794E-004  -1.1659956382918148E-004  -5.6486239113837469E-005   7.1522742035402603E-006   7.3904102610214016E-005   1.4323500329401222E-004   2.1448002355214284E-004   2.8683817472317298E-004   3.5937141744810629E-004   4.3100940236897667E-004   5.0056146563201955E-004   5.6673729357687298E-004   6.2817739604129627E-004   6.8349401943166828E-004   7.3132236294115452E-004   7.7038093806933898E-004   7.9953868040546702E-004   8.1788508493891004E-004   8.2479835101418025E-004   8.2000549950917573E-004   8.0362789956023696E-004   7.7620584132732928E-004   7.3869687972327952E-004   6.9244470026041862E-004   6.3911810852331765E-004   5.8062312244283642E-004   5.1899458976123057E-004   4.5627669929287321E-004   3.9440364518442974E-004   3.3509210921734670E-004   2.7975596269007828E-004   2.2945078640786447E-004   1.8485190684918427E-004   1.4626532066653371E-004   1.1366688443077081E-004   8.6762150937496870E-005   6.5057670872766937E-005   4.7934563340714753E-005   3.4716487882186403E-005   2.4726386107707852E-005   1.7328960129856460E-005   1.1958307003174493E-005   8.1320597940788843E-006   5.4546104182535878E-006   3.6125017402803540E-006   2.3650047909651187E-006   1.5324372935128882E-006   9.8413428944333769E-007   6.2731609957255189E-007   3.9752206023072286E-007   2.5084252086927082E-007   1.5789394619353164E-007   9.9322307576900134E-008   6.2555732185881779E-008   3.9525149783168055E-008   2.5103466732940421E-008   1.6059461778789226E-008   1.0369534940142127E-008   6.7720109600780166E-009   4.4823393663462220E-009   3.0130953137236617E-009   2.0612090919240172E-009   1.4377839282244364E-009   1.0246222967969991E-009   7.4737218115999825E-010   5.5895723567615407E-010   4.2934708539870531E-010   3.3922942991377513E-010   2.7608338534934135E-010   2.3173324797077312E-010   2.0081842417460615E-010   1.7983394939305023E-010   1.6653004442885571E-010   1.5954015842276545E-010
  -5.8134080132709101E-004  -5.8133186778585731E-004  -5.8128520158561177E-004  -5.8114852746841993E-004  -5.8084668890229761E-004  -5.8028204900440329E-004  -5.7933503869404747E-004  -5.7786487063961659E-004  -5.7571044074364156E-004  -5.7269144175462589E-004  -5.6860971600994575E-004  -5.6325087637279156E-004  -5.5638622625399782E-004  -5.4777501137004934E-004  -5.3716703776600762E-004  -5.2430569280999175E-004  -5.0893140849448597E-004  -4.9078560953087801E-004  -4.6961519232768215E-004  -4.4517758470519441E-004  -4.1724643949435283E-004  -3.8561801691432683E-004  -3.5011830915221415E-004  -3.1061095349922278E-004  -2.6700596456168298E-004  -2.1926928750920591E-004  -1.6743312845126691E-004  -1.1160694994376990E-004  -5.1988924684617170E-005   1.1122484836975817E-005   7.7317309812927407E-005   1.4606389661022149E-004   2.1670064802676876E-004   2.8843077885900756E-004   3.6032137556439667E-004   4.3130819468189434E-004   5.0020768768785470E-004   5.6573765324927560E-004   6.2654764207475543E-004   6.8125973184756782E-004   7.2851952434396707E-004   7.6705619819489833E-004   7.9574922652683689E-004   8.1369804025955986E-004   8.2028964366841033E-004   8.1525817695308252E-004   7.9872990612748530E-004   7.7124732776457077E-004   7.3376716776551044E-004   6.8762907610032953E-004   6.3449465863083627E-004   5.7625984596120124E-004   5.1494701759429102E-004   4.5258621805768871E-004   3.9109666574572814E-004   3.3218014054293174E-004   2.7723656238730528E-004   2.2730927218341478E-004   1.8306364115586627E-004   1.4479833449061871E-004   1.1248459155331245E-004   8.5825921410094368E-005   6.4329076659906193E-005   4.7377170694654243E-005   3.4297138682777827E-005   2.4415973281626885E-005   1.7102752084635021E-005   1.1795908232171496E-005   8.0171087815447339E-006   5.3743142220090078E-006   3.5570936090795637E-006   2.3271919345003840E-006   1.5068850118348169E-006   9.6701345802145336E-007   6.1592547512618470E-007   3.8998573857616643E-007   2.4587593175048441E-007   1.5462826270463675E-007   9.7176130365946097E-008   6.1143469963448587E-008   3.8592914879048158E-008   2.4485006313867813E-008   1.5646318901216820E-008   1.0091102913108009E-008   6.5823424622026079E-009   4.3514974679025618E-009   2.9215199347095263E-009   1.9960648913386341E-009   1.3905996554049648E-009   9.8976679780448998E-010   7.2107015996724051E-010   5.3865238280708978E-010   4.1328856860735207E-010   3.2620208410776086E-010   2.6523049995721913E-010   2.2243915681225301E-010   1.9262979711050088E-010   1.7240613549959277E-010   1.5958955096246365E-010   1.5285739544565256E-010
