# Version 0.33
# Potential name = chengdu_MMWLY_800   
# L = 1
# S = 1
# J = 0
# Order = 2                   
# K_MAX = 1600 MeV
# For uncoupled channels, e.g., 3P0 (LSJ = 110)
# storage = D(1:N，1:N) (row, column)
# D(i,j)  = <pout(j),L|V|L,pin(i)>
# Normalization
# If V were so weak as to validate the Born approximation, the relation of V
# in 1S0 and the respective scattering length 'a' would have been
# <p|V|p> = 2/pi * a + ... for p->0, in unit of MeV^(-1)
# Momenta are in unit of MeV
# The value of pin and pout, where pin(1:N) = pout(1:N)
  0.22901858124691898        1.2064394883233263        2.9638922134998893        5.5000503700453010        8.8124838056065755        12.897967435154328        17.752513210465395        23.371379389034928        29.749076595347560        36.879373659606586        44.755303890995151        53.369171965536339        62.712561483732770        72.776343213976247        83.550684023418398        95.025056491985310        107.18824920226837        120.02837769632697        133.53289608927935        147.68860932865903        162.48168608774836        177.89767228040364        193.92150518423432        210.53752815838345        227.72950594155486        245.48064051535846        263.77358751748727        282.59047318869659        301.91291183703379        321.72202380225701        341.99845390289505        362.72239034792466        383.87358409458960        405.43136863344722        427.37468018131352        449.68207826237483        472.33176665735874        495.30161470029606        518.56917890206262        542.11172487957674        565.90624956922238        589.92950370279721        614.15801452402081        638.56810872341123        663.13593556911735        687.83749021110884        712.64863713595105        737.54513374925068        762.50265406272672        787.49681246276555        812.50318753723445        837.49734593727328        862.45486625074932        887.35136286404895        912.16250978889116        936.86406443088265        961.43189127658877        985.84198547597919        1010.0704962972028        1034.0937504307776        1057.8882751204233        1081.4308210979375        1104.6983852997039        1127.6682333426413        1150.3179217376251        1172.6253198186864        1194.5686313665528        1216.1264159054103        1237.2776096520754        1258.0015460971049        1278.2779761977431        1298.0870881629662        1317.4095268113033        1336.2264124825128        1354.5193594846414        1372.2704940584451        1389.4624718416167        1406.0784948157657        1422.1023277195964        1437.5183139122516        1452.3113906713411        1466.4671039107207        1479.9716223036730        1492.8117507977317        1504.9749435080148        1516.4493159765816        1527.2236567860236        1537.2874385162672        1546.6308280344638        1555.2446961090050        1563.1206263403933        1570.2509234046524        1576.6286206109651        1582.2474867895346        1587.1020325648456        1591.1875161943935        1594.4999496299547        1597.0361077865000        1598.7935605116768        1599.7709814187531     
# Matrix elements start here 
   1.9739132065362642E-008   1.0398303287551236E-007   2.5545668538194884E-007   4.7404052664087506E-007   7.5951043825591253E-007   1.1115567302686647E-006   1.5297770577766136E-006   2.0136652684215371E-006   2.5625979467746127E-006   3.1758189759899749E-006   3.8524221930244590E-006   4.5913321041776270E-006   5.3912825181160620E-006   6.2507928150504885E-006   7.1681413930574997E-006   8.1413356127830094E-006   9.1680773056083082E-006   1.0245722636256026E-005   1.1371234853994957E-005   1.2541128280600878E-005   1.3751401836721105E-005   1.4997460576813256E-005   1.6274024157045895E-005   1.7575021954926636E-005   1.8893475725254966E-005   2.0221372221599834E-005   2.1549530122735606E-005   2.2867467849019003E-005   2.4163281384997600E-005   2.5423543962348137E-005   2.6633242274023994E-005   2.7775766586817730E-005   2.8832974401031905E-005   2.9785348766812993E-005   3.0612272487755081E-005   3.1292437611220283E-005   3.1804405166639601E-005   3.2127322459463021E-005   3.2241793927648049E-005   3.2130886532353020E-005   3.1781232331867753E-005   3.1184170439480039E-005   3.0336849991713142E-005   2.9243197895091574E-005   2.7914643483307401E-005   2.6370490562351222E-005   2.4637839012816293E-005   2.2750985290651999E-005   2.0750273846319915E-005   1.8680426877500552E-005   1.6588442056934448E-005   1.4521208337315494E-005   1.2523038482931241E-005   1.0633343776731628E-005   8.8846741041387558E-006   7.3013126243660528E-006   5.8985516840880374E-006   4.6826945392755253E-006   3.6517392057328401E-006   2.7966213294969091E-006   2.1028356042206614E-006   1.5522285151768596E-006   1.1247611322247454E-006   8.0007481533887436E-007   5.5874554664764540E-007   3.8317234687305422E-007   2.5810065672729051E-007   1.7082439386022812E-007   1.1113651682907997E-007   7.1107338848346045E-008   4.4765638518566649E-008   2.7744530752428804E-008   1.6936974070205783E-008   1.0188703812540757E-008   6.0419082306942548E-009   3.5323079520959098E-009   2.0355460568196311E-009   1.1553410043439861E-009   6.4479982989274192E-010   3.5273484451299375E-010   1.8803664863798526E-010   9.6612355739240675E-011   4.6789909602833792E-011   2.0266648911090359E-011   6.5983282963140279E-012  -1.0103798720387438E-013  -3.1060130636246213E-012  -4.2127139379047312E-012  -4.3900121013311915E-012  -4.1495297008694636E-012  -3.7535634084892047E-012  -3.3306635074888820E-012  -2.9391534881624808E-012  -2.6015984188611765E-012  -2.3232272321594069E-012  -2.1015900248250620E-012  -1.9314898283831237E-012  -1.8074094544289774E-012  -1.7246415069757670E-012  -1.6797604818888712E-012
   1.0398303287551236E-007   5.4776831580198945E-007   1.3457106842053046E-006   2.4971802971409120E-006   4.0009965302575889E-006   5.8555279806029125E-006   8.0586551526894335E-006   1.0607711708995623E-005   1.3499413588067025E-005   1.6729777677847919E-005   2.0294030446118743E-005   2.4186506352838451E-005   2.8400535291878923E-005   3.2928317580055766E-005   3.7760784075408764E-005   4.2887437849062411E-005   4.8296172485666632E-005   5.3973060643530121E-005   5.9902105152748647E-005   6.6064943949839758E-005   7.2440499902411422E-005   7.9004567465108396E-005   8.5729330500763359E-005   9.2582809785254398E-005   9.9528244855921224E-005   1.0652342300007809E-004   1.1351997824299215E-004   1.2046269502395744E-004   1.2728886458371493E-004   1.3392775650894738E-004   1.4030028271800620E-004   1.4631894537599753E-004   1.5188817224590033E-004   1.5690515067801530E-004   1.6126127207775654E-004   1.6484428904543259E-004   1.6754126400193679E-004   1.6924234779610092E-004   1.6984536725853092E-004   1.6926112146318519E-004   1.6741918993675226E-004   1.6427394833696076E-004   1.5981037873841067E-004   1.5404916758964086E-004   1.4705052310677764E-004   1.3891613515450778E-004   1.2978876225518092E-004   1.1984907350564314E-004   1.0930959800695608E-004   9.8405926226543519E-005   8.7385635512715373E-005   7.6495730478280585E-005   6.5969644713094846E-005   5.6014991458464193E-005   4.6803239037638471E-005   3.8462307778666077E-005   3.1072755629836375E-005   2.4667787233911932E-005   1.9236856363242895E-005   1.4732213194818532E-005   1.1077445718356931E-005   8.1769236686597238E-006   5.9250846789371275E-006   4.2146822034322151E-006   2.9433931662412278E-006   2.0184980162179185E-006   1.3596378268817302E-006   8.9987870304252316E-007   5.8545135697164429E-007   3.7458329426846915E-007   2.3581894785403251E-007   1.4615417384419067E-007   8.9221510792869186E-008   5.3672593774723438E-008   3.1827875159523040E-008   1.8607667152432903E-008   1.0722945927216761E-008   6.0861567461289422E-009   3.3967028268405159E-009   1.8581492192827915E-009   9.9054484144292024E-010   5.0893629429190262E-010   2.4647987501494625E-010   1.0675990657240535E-010   3.4757692184711166E-011  -5.3323054136079891E-013  -1.6362742676137047E-011  -2.2192497085845363E-011  -2.3126346053733548E-011  -2.1859425128967003E-011  -1.9773464100562082E-011  -1.7545639501605338E-011  -1.5483185638189667E-011  -1.3704968265322970E-011  -1.2238530024903008E-011  -1.1070963358695165E-011  -1.0174890124525436E-011  -9.5212457046757919E-012  -9.0852316388654961E-012  -8.8488025040700572E-012
   2.5545668538194884E-007   1.3457106842053046E-006   3.3060277377410614E-006   6.1348605087041205E-006   9.8293085463191946E-006   1.4385363973172843E-005   1.9797819819952234E-005   2.6060125699804048E-005   3.3164213677203105E-005   4.1100298476855776E-005   4.9856653019264875E-005   5.9419358851695255E-005   6.9772029624872768E-005   8.0895503973366393E-005   9.2767501858398725E-005   1.0536223558828320E-004   1.1864996341740135E-004   1.3259647007823384E-004   1.4716245527833066E-004   1.6230280878766100E-004   1.7796575014010298E-004   1.9409181315328697E-004   2.1061266134819783E-004   2.2744973062900262E-004   2.4451271066992661E-004   2.6169789644469194E-004   2.7888646605525412E-004   2.9594277007794650E-004   3.1271275040510772E-004   3.2902264199294605E-004   3.4467814738089537E-004   3.5946430874334961E-004   3.7314633176110419E-004   3.8547163450588682E-004   3.9617339609790175E-004   4.0497585619774152E-004   4.1160155895624792E-004   4.1578063599530859E-004   4.1726207674141298E-004   4.1582673985279708E-004   4.1130162235525965E-004   4.0357463846668281E-004   3.9260889382490484E-004   3.7845520971831160E-004   3.6126150132626304E-004   3.4127759256765257E-004   3.1885420146626298E-004   2.9443518159421428E-004   2.6854265748864705E-004   2.4175540884337508E-004   2.1468166359065371E-004   1.8792824244500753E-004   1.6206862576896125E-004   1.3761286044175892E-004   1.1498219532598192E-004   9.4490894030155014E-005   7.6336864086421944E-005   6.0601679292595072E-005   4.7259429927294140E-005   3.6192807599781769E-005   2.7214089111578245E-005   2.0088337552565999E-005   1.4556215764971842E-005   1.0354249155258184E-005   7.2310588066530344E-006   4.9588590314507081E-006   3.3402307632611183E-006   2.2107364804335937E-006   1.4382803981386689E-006   9.2023946305988184E-007   5.7933638602974840E-007   3.5905661873037814E-007   2.1919004539765783E-007   1.3185703105524867E-007   7.8191168597066367E-008   4.5713154962457131E-008   2.6342828513826740E-008   1.4951686611370573E-008   8.3445514817838242E-009   4.5648222237163636E-009   2.4334048102795300E-009   1.2502561839853208E-009   6.0549318050628587E-010   2.6225284576394530E-010   8.5371859919865430E-011  -1.3225249658311645E-012  -4.0207490825182811E-011  -5.4527052080169824E-011  -5.6819541316385318E-011  -5.3705887739670667E-011  -4.8580440883851141E-011  -4.3106719171014764E-011  -3.8039435075346895E-011  -3.3670557563497687E-011  -3.0067716977458869E-011  -2.7199179960353329E-011  -2.4997670470824584E-011  -2.3391774397998106E-011  -2.2320561987548229E-011  -2.1739696434289783E-011
   4.7404052664087506E-007   2.4971802971409120E-006   6.1348605087041205E-006   1.1384209844171995E-005   1.8239846092995971E-005   2.6694332081483943E-005   3.6738005597467652E-005   4.8358711599036966E-005   6.1541479116383773E-005   7.6268150536744239E-005   9.2516965099627703E-005   1.1026209579750236E-004   1.2947313624438466E-004   1.5011453074868363E-004   1.7214493656101033E-004   1.9551650199316450E-004   2.2017403795779921E-004   2.4605405390180701E-004   2.7308362294536329E-004   3.0117903657641643E-004   3.3024420813484751E-004   3.6016878836446839E-004   3.9082596721193600E-004   4.2206995511933514E-004   4.5373316504581827E-004   4.8562315354140552E-004   5.1751942506864904E-004   5.4917025769719038E-004   5.8028976909087378E-004   6.1055550746216456E-004   6.3960691981958002E-004   6.6704511459112631E-004   6.9243439049937352E-004   7.1530603864742995E-004   7.3516492768147803E-004   7.5149933791765456E-004   7.6379440373419163E-004   7.7154933972314161E-004   7.7429835470093906E-004   7.7163479659815668E-004   7.6323763122142371E-004   7.4889886680552873E-004   7.2855004217429759E-004   7.0228546745731079E-004   6.7037962686288845E-004   6.3329611328383098E-004   5.9168574529840654E-004   5.4637216968407066E-004   4.9832427751352070E-004   4.4861609224578842E-004   3.9837628261976357E-004   3.4873090513510028E-004   3.0074414679383482E-004   2.5536248235313429E-004   2.1336760635577492E-004   1.7534268389284664E-004   1.4165496173536822E-004   1.1245581006119050E-004   8.7697145755051607E-005   6.7161280735319312E-005   5.0499861149812008E-005   3.7276920945937349E-005   2.7011216051728831E-005   1.9213825334145581E-005   1.3418273733160477E-005   9.2018677495814125E-006   6.1982644614193679E-006   4.1023238195743000E-006   2.6689212695556315E-006   1.7076237539423780E-006   1.0750313851381002E-006   6.6627285570329990E-007   4.0673229823663879E-007   2.4467496359351724E-007   1.4509152171377386E-007   8.4824871508032920E-008   4.8881165715475697E-008   2.7743785234637088E-008   1.5483666927810265E-008   8.4700963642675214E-009   4.5151260787402604E-009   2.3197487947791888E-009   1.1233843292983444E-009   4.8651151232340074E-010   1.5832385494019777E-010  -2.5222533190820615E-012  -7.4659736221396578E-011  -1.0121845811700073E-010  -1.0546323402789114E-010  -9.9678887642597581E-011  -9.0163267603753114E-011  -8.0002691670439881E-011  -7.0597243035870040E-011  -6.2488443047336375E-011  -5.5801605329839374E-011  -5.0477717694442277E-011  -4.6391853159434311E-011  -4.3411433726041493E-011  -4.1423356479592065E-011  -4.0345323823310302E-011
   7.5951043825591253E-007   4.0009965302575889E-006   9.8293085463191946E-006   1.8239846092995971E-005   2.9223985893938114E-005   4.2769812351822173E-005   5.8861845138043002E-005   7.7480610234755641E-005   9.8602122370761001E-005   1.2219729116265160E-004   1.4823125387585155E-004   1.7666263349992630E-004   2.0744271661212230E-004   2.4051454017383442E-004   2.7581186957345338E-004   3.1325804178581083E-004   3.5276463768241321E-004   3.9422993700553133E-004   4.3753709966396203E-004   4.8255200987101137E-004   5.2912071786126306E-004   5.7706642039406938E-004   6.2618593869903541E-004   6.7624568304520472E-004   7.2697713793625212E-004   7.7807196134021259E-004   8.2917686485411046E-004   8.7988852811431227E-004   9.2974889818063229E-004   9.7824132998990967E-004   1.0247881323791200E-003   1.0687501879427621E-003   1.1094294027841607E-003   1.1460747984330614E-003   1.1778930628564912E-003   1.2040643070233995E-003   1.2237636027024926E-003   1.2361885826680614E-003   1.2405929496481934E-003   1.2363251618166822E-003   1.2228708576055346E-003   1.1998967958031538E-003   1.1672932952484776E-003   1.1252114712895431E-003   1.0740911184487156E-003   1.0146750251030364E-003   9.4800595588492766E-004   8.7540358306251501E-004   7.9842029037413152E-004   7.1877690430610674E-004   6.3828180215728784E-004   5.5873917261625933E-004   4.8185407257096599E-004   4.0914295499602088E-004   3.4185825623501910E-004   2.8093432304743677E-004   2.2695955271380408E-004   1.8017646083804312E-004   1.4050799597661043E-004   1.0760536396041452E-004   8.0910417564284266E-005   5.9724638048401853E-005   4.3276963821436707E-005   3.0784035217244697E-005   2.1498457990527067E-005   1.4742986980485254E-005   9.9306639395706650E-006   6.5725915172062669E-006   4.2760304360628457E-006   2.7358689929857597E-006   1.7223525509648830E-006   1.0674572222376933E-006   6.5163445554435809E-007   3.9199577798759430E-007   2.3245006842277596E-007   1.3589570623116626E-007   7.8310094897860855E-008   4.4446125691798215E-008   2.4804565299104016E-008   1.3568509593140072E-008   7.2325904671178165E-009   3.7156513868901424E-009   1.7991687108079610E-009   7.7899477772239769E-010   2.5332336148267140E-010  -4.2821511583220765E-012  -1.1979131712671860E-010  -1.6229607067731453E-010  -1.6906415495801245E-010  -1.5977355786716131E-010  -1.4451151871990248E-010  -1.2822081118800767E-010  -1.1314322020160445E-010  -1.0014540640263009E-010  -8.9427492489616937E-011  -8.0894483279915697E-011  -7.4345917194666846E-011  -6.9569172633581031E-011  -6.6382900773715330E-011  -6.4655160420825471E-011
   1.1115567302686647E-006   5.8555279806029125E-006   1.4385363973172843E-005   2.6694332081483943E-005   4.2769812351822173E-005   6.2594366878898874E-005   8.6145341361962930E-005   1.1339423758726328E-004   1.4430595625262722E-004   1.7883792812609182E-004   2.1693913776897175E-004   2.5854903786852435E-004   3.0359634604256933E-004   3.5199770817848742E-004   4.0365620238005538E-004   4.5845964525947067E-004   5.1627864795016499E-004   5.7696435386102773E-004   6.4034577581330353E-004   7.0622663978880831E-004   7.7438163991659452E-004   8.4455201877494290E-004   9.1644041257059002E-004   9.8970494536787458E-004   1.0639526220733884E-003   1.1387321567800908E-003   1.2135264806160501E-003   1.2877452997185920E-003   1.3607182165581828E-003   1.4316890820835594E-003   1.4998124048484240E-003   1.5641527951694080E-003   1.6236885508703605E-003   1.6773205734406276E-003   1.7238878102415183E-003   1.7621903152529597E-003   1.7910207708920591E-003   1.8092048823991169E-003   1.8156504198633850E-003   1.8094038362394694E-003   1.7897123578621429E-003   1.7560882924307101E-003   1.7083711408174562E-003   1.6467820934068734E-003   1.5719648364303715E-003   1.4850065006651201E-003   1.3874332433519068E-003   1.2811764844464575E-003   1.1685082218143418E-003   1.0519469695741334E-003   9.3413936804502258E-004   8.1772591850000419E-004   7.0520202976871792E-004   5.9878707275684529E-004   5.0031401221870496E-004   4.1115027078429304E-004   3.3215695729773686E-004   2.6368896864105196E-004   2.0563350472873693E-004   1.5748006341622801E-004   1.1841175178779460E-004   8.7406244210232084E-005   6.3335052392599119E-005   4.5051695502526420E-005   3.1462334734766508E-005   2.1575801212454434E-005   1.4533067170007676E-005   9.6186222394929956E-006   6.2576875412040331E-006   4.0037301648619484E-006   2.5205042674078626E-006   1.5621081335189009E-006   9.5358426442575132E-007   5.7362732977872676E-007   3.4014981318309040E-007   1.9885509128889224E-007   1.1458740537471781E-007   6.5033641576197650E-008   3.6292453096623080E-008   1.9851376842169642E-008   1.0580721687902586E-008   5.4350084453838398E-009   2.6311318916205400E-009   1.1387121329538502E-009   3.6980109153705109E-010  -6.9268908129064707E-012  -1.7578509427455602E-010  -2.3786069560159082E-010  -2.4767575903366315E-010  -2.3401614428609048E-010  -2.1163591192808329E-010  -1.8776303083315558E-010  -1.6567445896010289E-010  -1.4663591863732101E-010  -1.3093849791801414E-010  -1.1844194973403425E-010  -1.0885206576771939E-010  -1.0185711097400902E-010  -9.7191309384428211E-011  -9.4661334079788711E-011
   1.5297770577766136E-006   8.0586551526894335E-006   1.9797819819952234E-005   3.6738005597467652E-005   5.8861845138043002E-005   8.6145341361962930E-005   1.1855731963672700E-004   1.5605856477895097E-004   1.9860077965818261E-004   2.4612539010412509E-004   2.9856220185828578E-004   3.5582790677847042E-004   4.1782442698133756E-004   4.8443707487250381E-004   5.5553249328628689E-004   6.3095632302709803E-004   7.1053052541579715E-004   7.9405026641038705E-004   8.8128024918190950E-004   9.7195036777193646E-004   1.0657505508999937E-003   1.1623246779465361E-003   1.2612634840978871E-003   1.3620964328854247E-003   1.4642826243959929E-003   1.5672009269228854E-003   1.6701396677937018E-003   1.7722863932007897E-003   1.8727184031904645E-003   1.9703949803408461E-003   2.0641524491390776E-003   2.1527034121708397E-003   2.2346416861274174E-003   2.3084545738732394E-003   2.3725441181716060E-003   2.4252588406865282E-003   2.4649371258272591E-003   2.4899628157352112E-003   2.4988327067755516E-003   2.4902344725323921E-003   2.4631321181714013E-003   2.4168544861794348E-003   2.3511807389104346E-003   2.2664153593381347E-003   2.1634443096710085E-003   2.0437638594384615E-003   1.9094745010226960E-003   1.7632344767951821E-003   1.6081707500175757E-003   1.4477495451989202E-003   1.2856134064850044E-003   1.1253964085275099E-003   9.7053291672861757E-004   8.2407737043584876E-004   6.8855238803028113E-004   5.6583985794937946E-004   4.5712483090397447E-004   3.6289566600235533E-004   2.8299704401477327E-004   2.1672630502692430E-004   1.6295912210367180E-004   1.2028845001058495E-004   8.7161149137618258E-005   6.1999331322321846E-005   4.3297570725782873E-005   2.9691753479029116E-005   1.9999635288966648E-005   1.3236495542321583E-005   8.6113006795050430E-006   5.5095187579603767E-006   3.4684017127092723E-006   2.1495375817289207E-006   1.3121505427682291E-006   7.8930228764669032E-007   4.6802658963720304E-007   2.7360304578708466E-007   1.5765262900871212E-007   8.9469965665402109E-008   4.9925549348057205E-008   2.7305689160028853E-008   1.4551760569280127E-008   7.4731919814313323E-009   3.6165098425209393E-009   1.5640085872491666E-009   5.0676250306328678E-010  -1.1056842754251443E-011  -2.4300537991667527E-010  -3.2813463190283484E-010  -3.4143443437915932E-010  -3.2249072954051351E-010  -2.9158845828168064E-010  -2.5866154775097987E-010  -2.2821082043608172E-010  -2.0197210292636661E-010  -1.8034185961028175E-010  -1.6312425884550757E-010  -1.4991248227966064E-010  -1.4027621314767897E-010  -1.3384882636542706E-010  -1.3036372821987320E-010
   2.0136652684215371E-006   1.0607711708995623E-005   2.6060125699804048E-005   4.8358711599036966E-005   7.7480610234755641E-005   1.1339423758726328E-004   1.5605856477895097E-004   2.0542198336282350E-004   2.6142093587146968E-004   3.2397834401973061E-004   3.9300184195345132E-004   4.6838181066413665E-004   5.4998919844145703E-004   6.3767309810173122E-004   7.3125803370108525E-004   8.3054088725251489E-004   9.3528737020439365E-004   1.0452279169495217E-003   1.1600528519225240E-003   1.2794066632349722E-003   1.4028812111614914E-003   1.5300077167515183E-003   1.6602474216340340E-003   1.7929808903984262E-003   1.9274960451665778E-003   2.0629751790520513E-003   2.1984813898959796E-003   2.3329451048788264E-003   2.4651516251860128E-003   2.5937308996411557E-003   2.7171510239856009E-003   2.8337172378598099E-003   2.9415784244647592E-003   3.0387432669594389E-003   3.1231082279389636E-003   3.1924993313858637E-003   3.2447292735177011E-003   3.2776706079181558E-003   3.2893445972050875E-003   3.2780237893730562E-003   3.2423445074755679E-003   3.1814233550358879E-003   3.0949697405329869E-003   2.9833846024767468E-003   2.8478343296695612E-003   2.6902887028590846E-003   2.5135128773038549E-003   2.3210061985160487E-003   2.1168849982106234E-003   1.9057121695260830E-003   1.6922826693473031E-003   1.4813802638388113E-003   1.2775257858630273E-003   1.0847399062929978E-003   9.0634319091055407E-004   7.4481274560681834E-004   6.0170836939602121E-004   4.7767275900686339E-004   3.7250130544240197E-004   2.8526891947493866E-004   2.1449547127523226E-004   1.5832870155538015E-004   1.1472406907353698E-004   8.1604483633995482E-005   5.6988266482233460E-005   3.9079775676796845E-005   2.6322788426427453E-005   1.7421101714643274E-005   1.1333476935939503E-005   7.2510138371034471E-006   4.5646104651629434E-006   2.8288305391172656E-006   1.7267561367068831E-006   1.0386602592954788E-006   6.1585732154084036E-007   3.6000250350228129E-007   2.0742204236448586E-007   1.1770417957653167E-007   6.5672971569235333E-008   3.5912736161944759E-008   1.9134364091786702E-008   9.8233089879017595E-009   4.7510963230308787E-009   2.0523020834969058E-009   6.6261019822798775E-010  -1.7669782415249778E-011  -3.2208259661224602E-010  -4.3352155417554161E-010  -4.5060264944929137E-010  -4.2537095460352299E-010  -3.8448629609750419E-010  -3.4099713133355721E-010  -3.0080937985790531E-010  -2.6619541799073971E-010  -2.3766864213789188E-010  -2.1496551681883085E-010  -1.9754662647015132E-010  -1.8484289748493364E-010  -1.7636999535290108E-010  -1.7177591969683357E-010
   2.5625979467746127E-006   1.3499413588067025E-005   3.3164213677203105E-005   6.1541479116383773E-005   9.8602122370761001E-005   1.4430595625262722E-004   1.9860077965818261E-004   2.6142093587146968E-004   3.3268557230164389E-004   4.1229664265247451E-004   5.0013666062746483E-004   5.9606619985284989E-004   6.9992112033375983E-004   8.1150948376779771E-004   9.3060809716941876E-004   1.0569585961955703E-003   1.1902629470623607E-003   1.3301782113256985E-003   1.4763103854564745E-003   1.6282071037482357E-003   1.7853489872887579E-003   1.9471394431456366E-003   2.1128927757800690E-003   2.2818205743565649E-003   2.4530164895305941E-003   2.6254397128048844E-003   2.7978977191613305E-003   2.9690291254596823E-003   3.1372878464293909E-003   3.3009300864171283E-003   3.4580060715908760E-003   3.6063587779972318E-003   3.7436322074329135E-003   3.8672919528512113E-003   3.9746608106168962E-003   4.0629719588923582E-003   4.1294416448193734E-003   4.1713623290044110E-003   4.1862157680984087E-003   4.1718035636917070E-003   4.1263903264051952E-003   4.0488519488462290E-003   3.9388188097082260E-003   3.7968014127896799E-003   3.6242844543489753E-003   3.4237750982070224E-003   3.1987927571079560E-003   2.9537912080929989E-003   2.6940094122794105E-003   2.4252546029918708E-003   2.1536292862896927E-003   1.8852216480869234E-003   1.6257851647283441E-003   1.3804366919169407E-003   1.1534020129466409E-003   9.4783341141115463E-004   7.6571570897824627E-004   6.0786654861158616E-004   4.7402524500659231E-004   3.6301421114576406E-004   2.7294952302966719E-004   2.0147371383289346E-004   1.4598466277409748E-004   1.0383887921035853E-004   7.2514346342405226E-005   4.9725847069483610E-005   3.3492890764541430E-005   2.2165920228112300E-005   1.4419868577439194E-005   9.2253565733204196E-006   5.8072749963364125E-006   3.5987969728267963E-006   2.1966460102727540E-006   1.3212267348492940E-006   7.8334621612379812E-007   4.5787030377959292E-007   2.6378280725732153E-007   1.4966700893248824E-007   8.3492264789062431E-008   4.5646498235599809E-008   2.4312555320487159E-008   1.2475511772302534E-008   6.0287865117826356E-009   2.5997786575239090E-009   8.3493798832395171E-010  -2.8301852600933536E-011  -4.1401122463542333E-010  -5.5467572450554066E-010  -5.7561877528183754E-010  -5.4295661581781742E-010  -4.9053916593920356E-010  -4.3492023597432022E-010  -3.8358105564433552E-010  -3.3939009986545063E-010  -3.0298490017272770E-010  -2.7401932960247330E-010  -2.5179961797615577E-010  -2.3559662869922217E-010  -2.2479074603333006E-010  -2.1893199791644294E-010
   3.1758189759899749E-006   1.6729777677847919E-005   4.1100298476855776E-005   7.6268150536744239E-005   1.2219729116265160E-004   1.7883792812609182E-004   2.4612539010412509E-004   3.2397834401973061E-004   4.1229664265247451E-004   5.1095885294356067E-004   6.1981947575558941E-004   7.3870584984593016E-004   8.6741471491725273E-004   1.0057083863047669E-003   1.1533104656401331E-003   1.3099009773507775E-003   1.4751107810561331E-003   1.6485150676420663E-003   1.8296257073587882E-003   2.0178821897969940E-003   2.2126408885749728E-003   2.4131624098475703E-003   2.6185968547702003E-003   2.8279669510834732E-003   3.0401491938263120E-003   3.2538533817445168E-003   3.4676012425490111E-003   3.6797052019229247E-003   3.8882487597685015E-003   4.0910703793798223E-003   4.2857532500462717E-003   4.4696237186468753E-003   4.6397615535869723E-003   4.7930254396771708E-003   4.9260971218036895E-003   5.0355473200510434E-003   5.1179258240467628E-003   5.1698769418834093E-003   5.1882796596287983E-003   5.1704094471904140E-003   5.1141156971716900E-003   5.0180054923995984E-003   4.8816210869151756E-003   4.7055956118506742E-003   4.4917696460353308E-003   4.2432510264655172E-003   3.9644021572193657E-003   3.6607434502919497E-003   3.3387684020930344E-003   3.0056747256035246E-003   2.6690259729196817E-003   2.3363678122390831E-003   2.0148309342313897E-003   1.7107568723192224E-003   1.4293826556570654E-003   1.1746147391282508E-003   9.4891258367582772E-004   7.5328904704353582E-004   5.8742054283995014E-004   4.4984714443426367E-004   3.3823358156987674E-004   2.4965777731533382E-004   1.8089453392779357E-004   1.2866747468022853E-004   8.9850856855062586E-005   6.1612487082880166E-005   4.1497889184387164E-005   2.7462765863469115E-005   1.7864997030540736E-005   1.1428929695772434E-005   7.1940370462604050E-006   4.4579171395755408E-006   2.7208509120199615E-006   1.6363891415956001E-006   9.7010908276225803E-007   5.6696697160264401E-007   3.2658633173214002E-007   1.8526651736427473E-007   1.0332660830448642E-007   5.6471831082225075E-008   3.0064538993534710E-008   1.5416220870820578E-008   7.4410633097170186E-009   3.2010496379747197E-009   1.0202995304253107E-009  -4.5185791425197855E-011  -5.2025965418370160E-010  -6.9257955536131403E-010  -7.1715287802317126E-010  -6.7571461934861806E-010  -6.1008013753311211E-010  -5.4067459918159595E-010  -4.7670918645792247E-010  -4.2169817141371507E-010  -3.7640413910748194E-010  -3.4037944257603373E-010  -3.1275158831321581E-010  -2.9260838561322914E-010  -2.7917629640991927E-010  -2.7189416835664167E-010
   3.8524221930244590E-006   2.0294030446118743E-005   4.9856653019264875E-005   9.2516965099627703E-005   1.4823125387585155E-004   2.1693913776897175E-004   2.9856220185828578E-004   3.9300184195345132E-004   5.0013666062746483E-004   6.1981947575558941E-004   7.5187395377283698E-004   8.9609085781816426E-004   1.0522238790801664E-003   1.2199849925898104E-003   1.3990392446702235E-003   1.5889988378967358E-003   1.7894163319071184E-003   1.9997767281014394E-003   2.2194881594692030E-003   2.4478708730373859E-003   2.6841441842248631E-003   2.9274111138789544E-003   3.1766405038529616E-003   3.4306465571471404E-003   3.6880659713220618E-003   3.9473331318288108E-003   4.2066542033008239E-003   4.4639813958457474E-003   4.7169891797163238E-003   4.9630547590915055E-003   5.1992456683491294E-003   5.4223178826850868E-003   5.6287282815232660E-003   5.8146655886725431E-003   5.9761039364235611E-003   6.1088828423826501E-003   6.2088165201689451E-003   6.2718339495335864E-003   6.2941489238385389E-003   6.2724563562512161E-003   6.2041475478867378E-003   6.0875331284448476E-003   5.9220583632241548E-003   5.7084920347744011E-003   5.4490678374609176E-003   5.1475569029498644E-003   4.8092523606948654E-003   4.4408521462929503E-003   4.0502346066623677E-003   3.6461322689774309E-003   3.2377212904428332E-003   2.8341559091989155E-003   2.4440866916548300E-003   2.0752065980710463E-003   1.7338684421638070E-003   1.4248106764245855E-003   1.1510162145668334E-003   9.1371297080872465E-004   7.1250756527597710E-004   5.4562813919217280E-004   4.1024102915132729E-004   3.0280083513547996E-004   2.1939458540243533E-004   1.5604737443697939E-004   1.0896717386178227E-004   7.4718183013186378E-005   5.0322906203749800E-005   3.3301503190287776E-005   2.1662055241465614E-005   1.3857222361330317E-005   8.7219442749902262E-006   5.4042804638402271E-006   3.2981468462505834E-006   1.9833701770399237E-006   1.1756558972856922E-006   6.8698537231331858E-007   3.9564091151325653E-007   2.2438334116302975E-007   1.2510172911237409E-007   6.8342462562524545E-008   3.6361396528513961E-008   1.8627270038334619E-008   8.9764328902003726E-009   3.8487754646828651E-009   1.2139547488335328E-009  -7.1424148015729189E-011  -6.4289030813369192E-010  -8.4862833439306938E-010  -8.7616760271546349E-010  -8.2432363166447490E-010  -7.4359908124288833E-010  -6.5862292758745885E-010  -5.8046973780574517E-010  -5.1333575836490116E-010  -4.5810085306317715E-010  -4.1419129494105994E-010  -3.8052783310999415E-010  -3.5598985086963481E-010  -3.3962972715483244E-010  -3.3076100186414773E-010
   4.5913321041776270E-006   2.4186506352838451E-005   5.9419358851695255E-005   1.1026209579750236E-004   1.7666263349992630E-004   2.5854903786852435E-004   3.5582790677847042E-004   4.6838181066413665E-004   5.9606619985284989E-004   7.3870584984593016E-004   8.9609085781816426E-004   1.0679721770174005E-003   1.2540566494790388E-003   1.4540014651860526E-003   1.6674079355335901E-003   1.8938144203712742E-003   2.1326881924123610E-003   2.3834159643365679E-003   2.6452927497089573E-003   2.9175086898892036E-003   3.1991334698541606E-003   3.4890979828793600E-003   3.7861730038709100E-003   4.0889448078421931E-003   4.3957879330606591E-003   4.7048356416344020E-003   5.0139490720730075E-003   5.3206866017379267E-003   5.6222755296567780E-003   5.9155888320395087E-003   6.1971304029407714E-003   6.4630328235125399E-003   6.7090722362563790E-003   6.9307052412117612E-003   7.1231327585524360E-003   7.2813953744402856E-003   7.4005036521567827E-003   7.4756051071898210E-003   7.5021869128558179E-003   7.4763099021021304E-003   7.3948651656353150E-003   7.2558397870986988E-003   7.0585734683288525E-003   6.8039836434105241E-003   6.4947339753958899E-003   6.1353207491711571E-003   5.7320544006358443E-003   5.2929197522485483E-003   4.8273084632799515E-003   4.3456300993555850E-003   3.8588227092513326E-003   3.3777978656670867E-003   2.9128664190645804E-003   2.4731974407450697E-003   2.0663622959894820E-003   1.6980078645042348E-003   1.3716883555118591E-003   1.0888660528690344E-003   8.4907078639724068E-004   6.5018944417501287E-004   4.8884349968040760E-004   3.6080631568522490E-004   2.6141338373306610E-004   1.8592661595086258E-004   1.2982611430721600E-004   8.9016750352967751E-005   5.9949785978843877E-005   3.9669728826382305E-005   2.5802688221339680E-005   1.6504680444047268E-005   1.0387349284902417E-005   6.4355181247620414E-006   3.9270104729103297E-006   2.3611985287691238E-006   1.3993717002817928E-006   8.1753830970001392E-007   4.7070370367966880E-007   2.6686550267700315E-007   1.4872254960383947E-007   8.1198821598477810E-008   4.3165674487945902E-008   2.2084983261632470E-008   1.0619816540649073E-008   4.5332611274206275E-009   1.4095976116223904E-009  -1.1117491758283198E-010  -7.8468816881997601E-010  -1.0247207377875034E-009  -1.0539831231258766E-009  -9.8972164802627125E-010  -8.9177828279399193E-010  -7.8927419674812388E-010  -6.9525275625041318E-010  -6.1461039705570855E-010  -5.4832487443753055E-010  -4.9566425858183656E-010  -4.5530955991343333E-010  -4.2590313568926547E-010  -4.0630105255177697E-010  -3.9567616030666618E-010
   5.3912825181160620E-006   2.8400535291878923E-005   6.9772029624872768E-005   1.2947313624438466E-004   2.0744271661212230E-004   3.0359634604256933E-004   4.1782442698133756E-004   5.4998919844145703E-004   6.9992112033375983E-004   8.6741471491725273E-004   1.0522238790801664E-003   1.2540566494790388E-003   1.4725693713955172E-003   1.7073601842229366E-003   1.9579616896178717E-003   2.2238326122982792E-003   2.5043481999448758E-003   2.7987890421410791E-003   3.1063279269181888E-003   3.4260143096241967E-003   3.7567559588483918E-003   4.0972973870180033E-003   4.4461947884034550E-003   4.8017874115399073E-003   5.1621655984494599E-003   5.5251361350269809E-003   5.8881860742278497E-003   6.2484468083667368E-003   6.6026608640215893E-003   6.9471546488247722E-003   7.2778211567173469E-003   7.5901173809646396E-003   7.8790818111906524E-003   8.1393777909788793E-003   8.3653685447232593E-003   8.5512291795793796E-003   8.6910997521443354E-003   8.7792813940590214E-003   8.8104743984649906E-003   8.7800530566809025E-003   8.6843670241678623E-003   8.5210534048089266E-003   8.2893381197518996E-003   7.9903002487575689E-003   7.6270698566728579E-003   7.2049293729686053E-003   6.7312917972446162E-003   6.2155364406392610E-003   5.6686945878821875E-003   5.1029926128700054E-003   4.5312770916326054E-003   3.9663629789768572E-003   3.4203591749121668E-003   2.9040331161115963E-003   2.4262753933780553E-003   1.9937160842472246E-003   1.6105273728396999E-003   1.2784245792808067E-003   9.9685359741871976E-004   7.6333103547402044E-004   5.7388769001010019E-004   4.2355869360030597E-004   3.0686532344828402E-004   2.1824281005898151E-004   1.5238294471678452E-004   1.0447662068045904E-004   7.0356590323499097E-005   4.6552419727863669E-005   3.0276750835921973E-005   1.9364541786729812E-005   1.2185798829731194E-005   7.5487293125598200E-006   4.6055704656167894E-006   2.7686770368068844E-006   1.6404958893554339E-006   9.5814512163179856E-007   5.5147207741367116E-007   3.1252283768495263E-007   1.7406959627462591E-007   9.4965718991638982E-008   5.0429881029354563E-008   2.5759194322886592E-008   1.2351906390912257E-008   5.2420287017763529E-009   1.5990692224814146E-009  -1.6984671557996997E-010  -9.4929559603789654E-010  -1.2233535651437859E-009  -1.2523449797506750E-009  -1.1731555798268896E-009  -1.0555295027767889E-009  -9.3331201162130752E-010  -8.2158462398614974E-010  -7.2593896406382937E-010  -6.4741622189411398E-010  -5.8508428965858750E-010  -5.3734498957538847E-010  -5.0257081838651647E-010  -4.7939658010278679E-010  -4.6683739775796770E-010
   6.2507928150504885E-006   3.2928317580055766E-005   8.0895503973366393E-005   1.5011453074868363E-004   2.4051454017383442E-004   3.5199770817848742E-004   4.8443707487250381E-004   6.3767309810173122E-004   8.1150948376779771E-004   1.0057083863047669E-003   1.2199849925898104E-003   1.4540014651860526E-003   1.7073601842229366E-003   1.9795961831571307E-003   2.2701686198556754E-003   2.5784510608006755E-003   2.9037202847702428E-003   3.2451432381328895E-003   3.6017617059017444E-003   3.9724742145513334E-003   4.3560146724163163E-003   4.7509273026441878E-003   5.1555375544410104E-003   5.5679189108410907E-003   5.9858558603939757E-003   6.4068037736708851E-003   6.8278470228706053E-003   7.2456573952995561E-003   7.6564556615724613E-003   8.0559800385404667E-003   8.4394661912962597E-003   8.8016442823838185E-003   9.1367593049997663E-003   9.4386214018069257E-003   9.7006929080290481E-003   9.9162182735185560E-003   1.0078401606803192E-002   1.0180634152619283E-002   1.0216770426906429E-002   1.0181446962605999E-002   1.0070431808194219E-002   9.8809864376347180E-003   9.6122152099200869E-003   9.2653718600785705E-003   8.8440888231489968E-003   8.3544946799408385E-003   7.8051887339817575E-003   7.2070503579682622E-003   6.5728742912893202E-003   5.9168406405399792E-003   5.2538480639154617E-003   4.5987577803938452E-003   3.9656114183049349E-003   3.3668941880466464E-003   2.8129141200505126E-003   2.3113573014719637E-003   1.8670591867013626E-003   1.4820060164170059E-003   1.1555524019832234E-003   8.8481596396558352E-004   6.6519175354150760E-004   4.9092073965339945E-004   3.5564856375972951E-004   2.5292161758191586E-004   1.7658427401110219E-004   1.2106004918865101E-004   8.1517039811284531E-005   5.3931544544608328E-005   3.5072041132581328E-005   2.2428655484289334E-005   1.4111912741888612E-005   8.7404009482797342E-006   5.3315547620314104E-006   3.2043483015873680E-006   1.8980999374954026E-006   1.1082173135508029E-006   6.3757438038291847E-007   3.6112106962996398E-007   2.0099519578080961E-007   1.0954990043917661E-007   5.8094905581463387E-008   2.9612220191165679E-008   1.4148493299177255E-008   5.9593730247061218E-009   1.7720606442441311E-009  -2.5430025027534766E-010  -1.1413510413848861E-009  -1.4477189084639442E-009  -1.4734934553362748E-009  -1.3762318250557549E-009  -1.2360316732728469E-009  -1.0916233860509521E-009  -9.6015059349231186E-010  -8.4786579652647256E-010  -7.5582008100598845E-010  -6.8282667497159377E-010  -6.2696052771753909E-010  -5.8628603714852592E-010  -5.5918831482270816E-010  -5.4450560149239880E-010
