# Version 0.33
# Potential name = chengdu_MMWLY_1600  
# L = 0
# S = 0
# J = 0
# Order = 2                   
# K_MAX = 3200 MeV
# For uncoupled channels, e.g., 3P0 (LSJ = 110)
# storage = D(1:N，1:N) (row, column)
# D(i,j)  = <pout(j),L|V|L,pin(i)>
# Normalization
# If V were so weak as to validate the Born approximation, the relation of V
# in 1S0 and the respective scattering length 'a' would have been
# <p|V|p> = 2/pi * a + ... for p->0, in unit of MeV^(-1)
# Momenta are in unit of MeV
# The value of pin and pout, where pin(1:N) = pout(1:N)
  0.45803716249383797        2.4128789766466525        5.9277844269997786        11.000100740090602        17.624967611213151        25.795934870308656        35.505026420930790        46.742758778069856        59.498153190695120        73.758747319213171        89.510607781990302        106.73834393107268        125.42512296746554        145.55268642795249        167.10136804683680        190.05011298397062        214.37649840453673        240.05675539265394        267.06579217855870        295.37721865731805        324.96337217549672        355.79534456080728        387.84301036846864        421.07505631676690        455.45901188310972        490.96128103071692        527.54717503497454        565.18094637739318        603.82582367406758        643.44404760451403        683.99690780579010        725.44478069584932        767.74716818917921        810.86273726689444        854.74936036262704        899.36415652474966        944.66353331471748        990.60322940059211        1037.1383578041252        1084.2234497591535        1131.8124991384448        1179.8590074055944        1228.3160290480416        1277.1362174468225        1326.2718711382347        1375.6749804222177        1425.2972742719021        1475.0902674985014        1525.0053081254534        1574.9936249255311        1625.0063750744689        1674.9946918745466        1724.9097325014986        1774.7027257280979        1824.3250195777823        1873.7281288617653        1922.8637825531775        1971.6839709519584        2020.1409925944056        2068.1875008615552        2115.7765502408465        2162.8616421958750        2209.3967705994078        2255.3364666852826        2300.6358434752501        2345.2506396373728        2389.1372627331057        2432.2528318108207        2474.5552193041508        2516.0030921942098        2556.5559523954862        2596.1741763259324        2634.8190536226066        2672.4528249650257        2709.0387189692829        2744.5409881168903        2778.9249436832333        2812.1569896315314        2844.2046554391927        2875.0366278245033        2904.6227813426822        2932.9342078214413        2959.9432446073461        2985.6235015954635        3009.9498870160296        3032.8986319531632        3054.4473135720473        3074.5748770325345        3093.2616560689276        3110.4893922180099        3126.2412526807866        3140.5018468093049        3153.2572412219301        3164.4949735790692        3174.2040651296911        3182.3750323887871        3188.9998992599094        3194.0722155730000        3197.5871210233536        3199.5419628375062     
# Matrix elements start here 
   8.0354641141002232E-003   8.0355638479851291E-003   8.0360847105209066E-003   8.0376090528391855E-003   8.0409694857487939E-003   8.0472336103154796E-003   8.0576753953095041E-003   8.0737273496228820E-003   8.0969079443241401E-003   8.1287204884510841E-003   8.1705230753996438E-003   8.2233740257347844E-003   8.2878625088433650E-003   8.3639382111203569E-003   8.4507554795747921E-003   8.5465455009879013E-003   8.6485252641702610E-003   8.7528459435298363E-003   8.8545779555394277E-003   8.9477267396952873E-003   9.0252727241671039E-003   9.0792304680593783E-003   9.1007247268401481E-003   9.0800843172519387E-003   9.0069575974924456E-003   8.8704558467897088E-003   8.6593327174023568E-003   8.3622091820820948E-003   7.9678539142564678E-003   7.4655286410181890E-003   6.8454064402097316E-003   6.0990678872010103E-003   5.2200750446800455E-003   4.2046162178338946E-003   3.0522049789261929E-003   1.7664052438061406E-003   3.5554056448999782E-004  -1.1666688117539653E-003  -2.7806116660548733E-003  -4.4605162802037954E-003  -6.1744935868347992E-003  -7.8849782874047675E-003  -9.5496388836637316E-003  -1.1122799107594693E-002  -1.2557369748020276E-002  -1.3807232810865017E-002  -1.4829953827559257E-002  -1.5589630789701263E-002  -1.6059630388557594E-002  -1.6224926301352187E-002  -1.6083751868583011E-002  -1.5648318834657386E-002  -1.4944436717794350E-002  -1.4009987274693016E-002  -1.2892350069354453E-002  -1.1645015998136023E-002  -1.0323740474264355E-002  -8.9826541315205198E-003  -7.6707519027985095E-003  -6.4291190437408899E-003  -5.2891364984468826E-003  -4.2717604966820413E-003  -3.3878207826039571E-003  -2.6391557122951246E-003  -2.0203205820823749E-003  -1.5205766180181450E-003  -1.1258887757890311E-003  -8.2071812884752251E-004  -5.8947148855371923E-004  -4.1754933628824120E-004  -2.9199940004278588E-004  -2.0182947190125228E-004  -1.3805755093451445E-004  -9.3582951381174538E-005  -6.2954057096070284E-005  -4.2092942749084971E-005  -2.8019296834913424E-005  -1.8599592522362232E-005  -1.2334224768191490E-005  -8.1859715756996187E-006  -5.4473501307603271E-006  -3.6414786868543011E-006  -2.4500622902997644E-006  -1.6623252398805533E-006  -1.1395268432306112E-006  -7.9072360610102242E-007  -5.5644750375206354E-007  -3.9784217541826616E-007  -2.8949865757076478E-007  -2.1476419877333704E-007  -1.6268603590421127E-007  -1.2602678218199109E-007  -9.9977745850605254E-008  -8.1324875618449002E-008  -6.7907582096731170E-008  -5.8267015922123983E-008  -5.1417143519861937E-008  -4.6695806309543506E-008  -4.3668357088241565E-008  -4.2066107412174853E-008
   8.0355638479851291E-003   8.0356635710492237E-003   8.0361843770869607E-003   8.0377085541934422E-003   8.0410686235943864E-003   8.0473320731188746E-003   8.0577727402314780E-003   8.0738229937084502E-003   8.0970011691153809E-003   8.1288104616334764E-003   8.1706088910581988E-003   8.2234547613096558E-003   8.2879372927291226E-003   8.3640062915273216E-003   8.4508162842952400E-003   8.5465986797542623E-003   8.6485707096405247E-003   8.7528837918397877E-003   8.8546085710500370E-003   8.9477506901322959E-003   9.0252907519608426E-003   9.0792434621492397E-003   9.1007336973716081E-003   9.0800903740319190E-003   9.0069619319961391E-003   8.8704597169037957E-003   8.6593374338206994E-003   8.3622160952072089E-003   7.9678644005055383E-003   7.4655440875276945E-003   6.8454282270534773E-003   6.0990973663800456E-003   5.2201135153180783E-003   4.2046648972352829E-003   3.0522649694395762E-003   1.7664774958001048E-003   3.5562583619093424E-004  -1.1665699962910697E-003  -2.7804990589955433E-003  -4.4603899495653174E-003  -6.1743539507119263E-003  -7.8848261393782842E-003  -9.5494754057713072E-003  -1.1122625867352694E-002  -1.2557188676500332E-002  -1.3807046159807421E-002  -1.4829764104956858E-002  -1.5589440675141467E-002  -1.6059442631719115E-002  -1.6224743609178853E-002  -1.6083576788510606E-002  -1.5648153642523754E-002  -1.4944283319443266E-002  -1.4009847129604219E-002  -1.2892224142863232E-002  -1.1644904746109602E-002  -1.0323643860808782E-002  -8.9825716768716472E-003  -7.6706827555151364E-003  -6.4290620691233331E-003  -5.2890903740591133E-003  -4.2717238060525752E-003  -3.3877920994917947E-003  -2.6391336700172709E-003  -2.0203039248881927E-003  -1.5205642339342598E-003  -1.1258797123935285E-003  -8.2071159484583948E-004  -5.8946684475303475E-004  -4.1754607966648367E-004  -2.9199714423441478E-004  -2.0182792676264868E-004  -1.3805650308608560E-004  -9.3582246890690224E-005  -6.2953586856187783E-005  -4.2092630649702859E-005  -2.8019090537787164E-005  -1.8599456487383930E-005  -1.2334135123606176E-005  -8.1859124336075500E-006  -5.4473109952530974E-006  -3.6414526634690493E-006  -2.4500448681769782E-006  -1.6623134743309084E-006  -1.1395188130658198E-006  -7.9071805656110572E-007  -5.5644361316539833E-007  -3.9783940347497089E-007  -2.8949664697540481E-007  -2.1476271158918271E-007  -1.6268491234394827E-007  -1.2602591388322121E-007  -9.9977058488437123E-008  -8.1324317538795162E-008  -6.7907116837393260E-008  -5.8266617249552730E-008  -5.1416792096793078E-008  -4.6695487419939072E-008  -4.3668059044175786E-008  -4.2065820395106403E-008
   8.0360847105209066E-003   8.0361843770869607E-003   8.0367048881348248E-003   8.0382282026299941E-003   8.0415863740591412E-003   8.0478462990013298E-003   8.0582811293051729E-003   8.0743225020880067E-003   8.0974880452733336E-003   8.1292803593336089E-003   8.1710570794540586E-003   8.2238764222662825E-003   8.2883278737855854E-003   8.3643618655391706E-003   8.4511338616732896E-003   8.5468764298585707E-003   8.6488080705746113E-003   8.7530814735038362E-003   8.8547684755951525E-003   8.9478757821743679E-003   9.0253849088990819E-003   9.0793113268791831E-003   9.1007805460900457E-003   9.0801220036677271E-003   9.0069845661928365E-003   8.8704799262996799E-003   8.6593620649650024E-003   8.3622522021226959E-003   7.9679191731438399E-003   7.4656247718618181E-003   6.8455420321836269E-003   6.0992513547772319E-003   5.2203144732479861E-003   4.2049191835691856E-003   3.0525783425564626E-003   1.7668549201785982E-003   3.5607127261021165E-004  -1.1660538103018536E-003  -2.7799108288141666E-003  -4.4597300305003890E-003  -6.1736245267914949E-003  -7.8840313560786940E-003  -9.5486214377744905E-003  -1.1121720902990385E-002  -1.2556242803230692E-002  -1.3806071140187261E-002  -1.4828773040147840E-002  -1.5588447562677382E-002  -1.6058461835275338E-002  -1.6223789269197507E-002  -1.6082662212204168E-002  -1.5647290718342984E-002  -1.4943482003080023E-002  -1.4009115045050695E-002  -1.2891566332818807E-002  -1.1644323591932671E-002  -1.0323139175012666E-002  -8.9821409532956434E-003  -7.6703215464434121E-003  -6.4287644471628935E-003  -5.2888494311246741E-003  -4.2715321428377535E-003  -3.3876422656549362E-003  -2.6390185263320794E-003  -2.0202169116116412E-003  -1.5204995423808211E-003  -1.1258323673362079E-003  -8.2067746274847508E-004  -5.8944258662279843E-004  -4.1752906783430884E-004  -2.9198536041739334E-004  -2.0181985531851366E-004  -1.3805102936979044E-004  -9.3578566796253057E-005  -6.2951130432332199E-005  -4.2091000315017165E-005  -2.8018012889481564E-005  -1.8598745872211427E-005  -1.2333666841073553E-005  -8.1856034890209466E-006  -5.4471065604254756E-006  -3.6413167233273443E-006  -2.4499538590377644E-006  -1.6622520138200160E-006  -1.1394768653409035E-006  -7.9068906704669031E-007  -5.5642328963917029E-007  -3.9782492348313871E-007  -2.8948614408927031E-007  -2.1475494288229172E-007  -1.6267904312429589E-007  -1.2602137809068349E-007  -9.9973467866947795E-008  -8.1321402259329281E-008  -6.7904686429843569E-008  -5.8264534675912416E-008  -5.1414956343656103E-008  -4.6693821614117839E-008  -4.3666502130641786E-008  -4.2064321084063810E-008
   8.0376090528391855E-003   8.0377085541934422E-003   8.0382282026299941E-003   8.0397489946643450E-003   8.0431016159786279E-003   8.0493512340787908E-003   8.0597689955714969E-003   8.0757843972746289E-003   8.0989129963895418E-003   8.1306556520646667E-003   8.1723688716800000E-003   8.2251106129398281E-003   8.2894711351652328E-003   8.3654026958271347E-003   8.4520634998476018E-003   8.5476895053072863E-003   8.6495029263210007E-003   8.7536601767750355E-003   8.8552365861018743E-003   8.9482419727477426E-003   9.0256605274084065E-003   9.0795099648472710E-003   9.1009176513360719E-003   9.0802145503646077E-003   9.0070507792586879E-003   8.8705390476952212E-003   8.6594341453250130E-003   8.3623579001773311E-003   7.9680795460721210E-003   7.4658610411779645E-003   6.8458753116061102E-003   6.0997023287260657E-003   5.2209030173024709E-003   4.2056639216325395E-003   3.0534961398576907E-003   1.7679603167916474E-003   3.5737586897024998E-004  -1.1645419964432593E-003  -2.7781880057422964E-003  -4.4577972388912257E-003  -6.1714881633675930E-003  -7.8817035623611337E-003  -9.5461202985437990E-003  -1.1119070400732581E-002  -1.2553472482721872E-002  -1.3803215452353107E-002  -1.4825870356524037E-002  -1.5585538880175234E-002  -1.6055589223210188E-002  -1.6220994143090549E-002  -1.6079983547184720E-002  -1.5644763334200805E-002  -1.4941135058831920E-002  -1.4006970870491405E-002  -1.2889639697489290E-002  -1.1642621470663191E-002  -1.0321661018824507E-002  -8.9808794221129633E-003  -7.6692636136201347E-003  -6.4278927522586141E-003  -5.2881437413634779E-003  -4.2709707867044878E-003  -3.3872034221417921E-003  -2.6386812856318354E-003  -2.0199620611340472E-003  -1.5203100692734312E-003  -1.1256936998285045E-003  -8.2057749426545199E-004  -5.8937153769807638E-004  -4.1747924237241392E-004  -2.9195084713308191E-004  -2.0179621509399645E-004  -1.3803499755503189E-004  -9.3567788269254633E-005  -6.2943935879553389E-005  -4.2086225271774098E-005  -2.8014856594149480E-005  -1.8596664570225276E-005  -1.2332295300627480E-005  -8.1846986292366845E-006  -5.4465077965155239E-006  -3.6409185717119404E-006  -2.4496873046712949E-006  -1.6620720036718563E-006  -1.1393540056943055E-006  -7.9060416037508287E-007  -5.5636376456274109E-007  -3.9778251338883504E-007  -2.8945538244124803E-007  -2.1473218930445648E-007  -1.6266185290805539E-007  -1.2600809331657623E-007  -9.9962951381355714E-008  -8.1312863766639675E-008  -6.7897568066810715E-008  -5.8258435075247622E-008  -5.1409579649638143E-008  -4.6688942674720959E-008  -4.3661942123259360E-008  -4.2059929787241019E-008
   8.0409694857487939E-003   8.0410686235943864E-003   8.0415863740591412E-003   8.0431016159786279E-003   8.0464420253010191E-003   8.0526689644047425E-003   8.0630491659549400E-003   8.0790074134735462E-003   8.1020547005310490E-003   8.1336880429863350E-003   8.1752614503478004E-003   8.2278322912870058E-003   8.2919925077580402E-003   8.3676983610015358E-003   8.4541140819183631E-003   8.5494830956695782E-003   8.6510358060348982E-003   8.7549368484873616E-003   8.8562692689140680E-003   8.9490497683839161E-003   9.0262684543253747E-003   9.0799480054668189E-003   9.1012198955909094E-003   9.0804184656947187E-003   9.0071966006024969E-003   8.8706692601947055E-003   8.6595930231966774E-003   8.3625910629938488E-003   7.9684334951902313E-003   7.4663826422647107E-003   6.8466111933028172E-003   6.1006981723441406E-003   5.2222027183869840E-003   4.2073086117738641E-003   3.0555230668190131E-003   1.7704015932808598E-003   3.6025711540366850E-004  -1.1612030722491160E-003  -2.7743830295553704E-003  -4.4535285093261420E-003  -6.1667698084968622E-003  -7.8765623983716795E-003  -9.5405962681073403E-003  -1.1113216472435003E-002  -1.2547353910288751E-002  -1.3796908325505890E-002  -1.4819459424305945E-002  -1.5579114690264483E-002  -1.6049244691975183E-002  -1.6214820743039302E-002  -1.6074067361001858E-002  -1.5639181267024592E-002  -1.4935951513264115E-002  -1.4002235165878094E-002  -1.2885384455297268E-002  -1.1638862096612187E-002  -1.0318396301179145E-002  -8.9780931499546385E-003  -7.6669270163328314E-003  -6.4259674873172034E-003  -5.2865851221723763E-003  -4.2697309489053200E-003  -3.3862341711100282E-003  -2.6379364391841938E-003  -2.0193991855743647E-003  -1.5198915892978399E-003  -1.1253874315828259E-003  -8.2035669861539920E-004  -5.8921461525373101E-004  -4.1736919516507996E-004  -2.9187461920537769E-004  -2.0174400198576958E-004  -1.3799958879183872E-004  -9.3543982205045292E-005  -6.2928045579426184E-005  -4.2075678836019514E-005  -2.8007885416726751E-005  -1.8592067684608126E-005  -1.2329266035333377E-005  -8.1827001020370553E-006  -5.4451853306404686E-006  -3.6400391900225962E-006  -2.4490985765094483E-006  -1.6616744222632454E-006  -1.1390826503338172E-006  -7.9041663025973403E-007  -5.5623229378796087E-007  -3.9768884381352887E-007  -2.8938744034223361E-007  -2.1468193432479371E-007  -1.6262388551436337E-007  -1.2597875172577403E-007  -9.9939724005612558E-008  -8.1294005109993281E-008  -6.7881845997735811E-008  -5.8244963108861708E-008  -5.1397704340447231E-008  -4.6678166737805888E-008  -4.3651870599742093E-008  -4.2050230888531629E-008
   8.0472336103154796E-003   8.0473320731188746E-003   8.0478462990013298E-003   8.0493512340787908E-003   8.0526689644047425E-003   8.0588537835520023E-003   8.0691642205445481E-003   8.0850162913791036E-003   8.1079124875634949E-003   8.1393426444458933E-003   8.1806560730590481E-003   8.2329089775333344E-003   8.2966963553389693E-003   8.3719818518701861E-003   8.4579408714663702E-003   8.5528307318526627E-003   8.6538971131924838E-003   8.7573200186985434E-003   8.8581969415613103E-003   8.9505574851426080E-003   9.0274028583207828E-003   9.0807650587783340E-003   9.1017832734951541E-003   9.0807981861456936E-003   9.0074678781670910E-003   8.8709115340316769E-003   8.6598890909011673E-003   8.3630262477746541E-003   7.9690947765448973E-003   7.4673576863132744E-003   6.8479872266018864E-003   6.1025606521081383E-003   5.2246337631829849E-003   4.2103851708911802E-003   3.0593148246564270E-003   1.7749686280431054E-003   3.6564735950880140E-004  -1.1549564897357367E-003  -2.7672644417326558E-003  -4.4455422173569903E-003  -6.1579422457653105E-003  -7.8669437371704717E-003  -9.5302612399760303E-003  -1.1102264180144983E-002  -1.2535906442011781E-002  -1.3785108043621389E-002  -1.4807464892993151E-002  -1.5567095323290397E-002  -1.6037374335378447E-002  -1.6203270541926260E-002  -1.6062998376691277E-002  -1.5628737390218223E-002  -1.4926253242949918E-002  -1.3993374780727669E-002  -1.2877422992598708E-002  -1.1631828383214523E-002  -1.0312288072764800E-002  -8.9728800786988659E-003  -7.6625552750707714E-003  -6.4223653396082506E-003  -5.2836689615266726E-003  -4.2674112229145779E-003  -3.3844207091094499E-003  -2.6365428354751452E-003  -2.0183460475988089E-003  -1.5191086143123613E-003  -1.1248144040537028E-003  -8.1994358993036330E-004  -5.8892101315139529E-004  -4.1716329656464319E-004  -2.9173199647626391E-004  -2.0164631101488560E-004  -1.3793333879309565E-004  -9.3499440899155408E-005  -6.2898314706325215E-005  -4.2055946364579709E-005  -2.7994842278218515E-005  -1.8583466864645465E-005  -1.2323598246663570E-005  -8.1789608342011737E-006  -5.4427109805497032E-006  -3.6383938553694004E-006  -2.4479970580437063E-006  -1.6609305417608696E-006  -1.1385749404232443E-006  -7.9006575853129395E-007  -5.5598630988422780E-007  -3.9751358651149265E-007  -2.8926031953971550E-007  -2.1458790639919153E-007  -1.6255284785905241E-007  -1.2592385308895276E-007  -9.9896265167233492E-008  -8.1258720219185713E-008  -6.7852429716263156E-008  -5.8219756808711578E-008  -5.1375485413988737E-008  -4.6658004756356424E-008  -4.3633026588310995E-008  -4.2032084064778726E-008
   8.0576753953095041E-003   8.0577727402314780E-003   8.0582811293051729E-003   8.0597689955714969E-003   8.0630491659549400E-003   8.0691642205445481E-003   8.0793590834806854E-003   8.0950352093815282E-003   8.1176809324346733E-003   8.1487740729890065E-003   8.1896559899864475E-003   8.2413807559214777E-003   8.3045482282598729E-003   8.3791341317149461E-003   8.4643323218899572E-003   8.5584231943241079E-003   8.6586779204625101E-003   8.7613022401622827E-003   8.8614179114903033E-003   8.9530762553815795E-003   9.0292971961737252E-003   9.0821284573680324E-003   9.1027222483213693E-003   9.0814299622050346E-003   9.0079184533932675E-003   8.8713140363668123E-003   8.6603823152369402E-003   8.3637532510255769E-003   7.9702014133635132E-003   7.4689909779526269E-003   6.8502934683160287E-003   6.1056831798217207E-003   5.2287103189175600E-003   4.2155448302064608E-003   3.0656744798435373E-003   1.7826290593430313E-003   3.7468897381146005E-004  -1.1444781180183078E-003  -2.7553230318235339E-003  -4.4321449867014626E-003  -6.1431335412667418E-003  -7.8508077311624305E-003  -9.5129233069433938E-003  -1.1083890581737282E-002  -1.2516702002476648E-002  -1.3765311601661022E-002  -1.4787342469872441E-002  -1.5546931143758005E-002  -1.6017460061580988E-002  -1.6183893306177193E-002  -1.6044428395287295E-002  -1.5611216073782061E-002  -1.4909982759104642E-002  -1.3978509952866879E-002  -1.2864066231095064E-002  -1.1620028059258040E-002  -1.0302040395793088E-002  -8.9641341755661887E-003  -7.6552208470802175E-003  -6.4163220407730988E-003  -5.2787765304780493E-003  -4.2635194217966344E-003  -3.3813782618482896E-003  -2.6342047816140307E-003  -2.0165791918944015E-003  -1.5177950109169988E-003  -1.1238530299876961E-003  -8.1925051249608387E-004  -5.8842843279326314E-004  -4.1681785722219253E-004  -2.9149271581477792E-004  -2.0148241299041347E-004  -1.3782218978696512E-004  -9.3424712951787632E-005  -6.2848434510355531E-005  -4.2022840698211118E-005  -2.7972959457420627E-005  -1.8569037028993669E-005  -1.2314089232577166E-005  -8.1726873513614451E-006  -5.4385596857961196E-006  -3.6356334241147150E-006  -2.4461490037499314E-006  -1.6596825079305442E-006  -1.1377231376560602E-006  -7.8947708841315972E-007  -5.5557361365695126E-007  -3.9721955077858195E-007  -2.8904704413132699E-007  -2.1443015211445434E-007  -1.6243366520124109E-007  -1.2583174746834762E-007  -9.9823352531570283E-008  -8.1199521329798136E-008  -6.7803076820724725E-008  -5.8177467163727384E-008  -5.1338207803642509E-008  -4.6624178164188289E-008  -4.3601411206888310E-008  -4.2001638382934369E-008
   8.0737273496228820E-003   8.0738229937084502E-003   8.0743225020880067E-003   8.0757843972746289E-003   8.0790074134735462E-003   8.0850162913791036E-003   8.0950352093815282E-003   8.1104433672217844E-003   8.1327073743140410E-003   8.1632864750318702E-003   8.2035095190887454E-003   8.2544268459931857E-003   8.3166452205447189E-003   8.3901583763782844E-003   8.4741881026805313E-003   8.5670500663445667E-003   8.6660546808438026E-003   8.7674475357693380E-003   8.8663881338842503E-003   8.9569616980009828E-003   9.0322174416569128E-003   9.0842277382008792E-003   9.1041652256599239E-003   9.0823981005591289E-003   9.0086069788148770E-003   8.8719293545678497E-003   8.6611397145949127E-003   8.3648747013322314E-003   7.9719132770456648E-003   7.4715214658440179E-003   6.8538696921457976E-003   6.1105276775712848E-003   5.2350369584939736E-003   4.2235540339414131E-003   3.0755477597763092E-003   1.7945229131800938E-003   3.8872826479796618E-004  -1.1282070882412329E-003  -2.7367794533686221E-003  -4.4113400730101532E-003  -6.1201361701415657E-003  -7.8257486331726467E-003  -9.4859972048156674E-003  -1.1055355702231755E-002  -1.2486876467014817E-002  -1.3734566363292164E-002  -1.4756090703071358E-002  -1.5515614299106355E-002  -1.5986531144700153E-002  -1.6153798290816646E-002  -1.6015586985424518E-002  -1.5584003236630180E-002  -1.4884712513582421E-002  -1.3955422786222256E-002  -1.2843321225295114E-002  -1.1601700364327335E-002  -1.0286124144876185E-002  -8.9505503729625895E-003  -7.6438292603257831E-003  -6.4069357663031103E-003  -5.2711777300565778E-003  -4.2574747593680188E-003  -3.3766527864097628E-003  -2.6305733493051731E-003  -2.0138349305374508E-003  -1.5157547319447416E-003  -1.1223598280025165E-003  -8.1817402561128920E-004  -5.8766335628564269E-004  -4.1628131941029445E-004  -2.9112106348233943E-004  -2.0122784506898587E-004  -1.3764955186217802E-004  -9.3308644467555231E-005  -6.2770959789677352E-005  -4.1971420377267117E-005  -2.7938970620227796E-005  -1.8546624290915294E-005  -1.2299319605689054E-005  -8.1629432178677435E-006  -5.4321117822258747E-006  -3.6313458432154469E-006  -2.4432785502100556E-006  -1.6577440225311050E-006  -1.1364000897180733E-006  -7.8856274601460149E-007  -5.5493259941622083E-007  -3.9676284387190179E-007  -2.8871577687079088E-007  -2.1418512218115211E-007  -1.6224854608605919E-007  -1.2568868538913657E-007  -9.9710101706458784E-008  -8.1107571211449116E-008  -6.7726419876028478E-008  -5.8111781132884220E-008  -5.1280306660747021E-008  -4.6571637278575248E-008  -4.3552304861349137E-008  -4.1954348861258003E-008
   8.0969079443241401E-003   8.0970011691153809E-003   8.0974880452733336E-003   8.0989129963895418E-003   8.1020547005310490E-003   8.1079124875634949E-003   8.1176809324346733E-003   8.1327073743140410E-003   8.1544271412878431E-003   8.1842724446002362E-003   8.2235534867326661E-003   8.2733142676665056E-003   8.3341703378914545E-003   8.4061402373108163E-003   8.4884851498460232E-003   8.5795712032073028E-003   8.6767655628140865E-003   8.7763719519330496E-003   8.8736053203058701E-003   8.9626009598847700E-003   9.0364515076476609E-003   9.0872659725002303E-003   9.1062473930790151E-003   9.0837889797979847E-003   9.0095918280043361E-003   8.8728100591047455E-003   8.6622313645725590E-003   8.3665023212466313E-003   7.9744084373762694E-003   7.4752185281733337E-003   6.8591014690762217E-003   6.1176203242111482E-003   5.2443039556071755E-003   4.2352891775136389E-003   3.0900171415767855E-003   1.8119559649715303E-003   4.0930804653482172E-004  -1.1043540499081003E-003  -2.7095933306719375E-003  -4.3808373179733545E-003  -6.0864177894582039E-003  -7.7890063328342196E-003  -9.4465165299168277E-003  -1.1013515323577715E-002  -1.2443142890423468E-002  -1.3689483574029410E-002  -1.4710264608185149E-002  -1.5469692278510430E-002  -1.5941177531198579E-002  -1.6109667113334239E-002  -1.5973293756952757E-002  -1.5544097872069770E-002  -1.4847655554610345E-002  -1.3921566946321524E-002  -1.2812899841270840E-002  -1.1574823688914774E-002  -1.0262783619620512E-002  -8.9306301941306891E-003  -7.6271238170725255E-003  -6.3931710000681135E-003  -5.2600342113579245E-003  -4.2486103257202684E-003  -3.3697229017268923E-003  -2.6252478548667198E-003  -2.0098104589038883E-003  -1.5127626443068869E-003  -1.1201700271937477E-003  -8.1659533859343696E-004  -5.8654135501220376E-004  -4.1549447302352170E-004  -2.9057602448956231E-004  -2.0085451288566470E-004  -1.3739637211692562E-004  -9.3138425473722811E-005  -6.2657339828248352E-005  -4.1896010146038733E-005  -2.7889124354608286E-005  -1.8513754871880841E-005  -1.2277659159939594E-005  -8.1486529027301162E-006  -5.4226555573059816E-006  -3.6250578476134800E-006  -2.4390688513491439E-006  -1.6549011092462144E-006  -1.1344597525866893E-006  -7.8722180098700593E-007  -5.5399250762566474E-007  -3.9609305088714059E-007  -2.8822994955380974E-007  -2.1382576781835273E-007  -1.6197705512282217E-007  -1.2547887405529481E-007  -9.9544010724147437E-008  -8.0972719269351110E-008  -6.7613996500727985E-008  -5.8015447419064734E-008  -5.1195390068673542E-008  -4.6494581907966839E-008  -4.3480286503821412E-008  -4.1884995013865138E-008
   8.1287204884510841E-003   8.1288104616334764E-003   8.1292803593336089E-003   8.1306556520646667E-003   8.1336880429863350E-003   8.1393426444458933E-003   8.1487740729890065E-003   8.1632864750318702E-003   8.1842724446002362E-003   8.2131267409973098E-003   8.2511329238265530E-003   8.2993245401546990E-003   8.3583269578641709E-003   8.4281904499348831E-003   8.5082283922535314E-003   8.5968751580545420E-003   8.6915758608251473E-003   8.7887150668918244E-003   8.8835856064980734E-003   8.9703936451192186E-003   9.0422936327663132E-003   9.0914469204766007E-003   9.1091000662913216E-003   9.0856821102232675E-003   9.0109234722794817E-003   8.8740020642297402E-003   8.6637244588895143E-003   8.3687514424097345E-003   7.9778779150194330E-003   7.4803767688724453E-003   6.8664148329076538E-003   6.1275459326689818E-003   5.2572812321218798E-003   4.2517299991043991E-003   3.1102945786041017E-003   1.8363917098654717E-003   4.3815878369833638E-004  -1.0709109039128348E-003  -2.6714738920114028E-003  -4.3380646799470804E-003  -6.0391336347663527E-003  -7.7374795576692634E-003  -9.3911476531349375E-003  -1.0954835490870528E-002  -1.2381806457654729E-002  -1.3626253585646689E-002  -1.4645990977988639E-002  -1.5405283108582073E-002  -1.5877564719274082E-002  -1.6047768120047948E-002  -1.5913972031830169E-002  -1.5488124863210835E-002  -1.4795677356100906E-002  -1.3874078407490338E-002  -1.2770228363297876E-002  -1.1537124020169855E-002  -1.0230043845352966E-002  -8.9026879568480377E-003  -7.6036907749073013E-003  -6.3738627865262808E-003  -5.2444028050949686E-003  -4.2361758055935537E-003  -3.3600020064347902E-003  -2.6177774814319195E-003  -2.0041650777174579E-003  -1.5085654348183024E-003  -1.1170982281607613E-003  -8.1438078600900850E-004  -5.8496742648965201E-004  -4.1439069120770061E-004  -2.8981144541340349E-004  -2.0033080181533128E-004  -1.3704120994176511E-004  -9.2899640425224346E-005  -6.2497952037683560E-005  -4.1790223236767387E-005  -2.7819198872440887E-005  -1.8467644778648613E-005  -1.2247273236641896E-005  -8.1286059726755152E-006  -5.4093900204388597E-006  -3.6162367996573615E-006  -2.4331633081743420E-006  -1.6509129430634760E-006  -1.1317377558956047E-006  -7.8534065678800514E-007  -5.5267369820773971E-007  -3.9515342928662069E-007  -2.8754840398620102E-007  -2.1332164493563782E-007  -1.6159619163331258E-007  -1.2518453808752379E-007  -9.9311008092828046E-008  -8.0783540536844389E-008  -6.7456281859048631E-008  -5.7880304299952079E-008  -5.1076263567472371E-008  -4.6386483600816081E-008  -4.3379254423625717E-008  -4.1787700870571669E-008
   8.1705230753996438E-003   8.1706088910581988E-003   8.1710570794540586E-003   8.1723688716800000E-003   8.1752614503478004E-003   8.1806560730590481E-003   8.1896559899864475E-003   8.2035095190887454E-003   8.2235534867326661E-003   8.2511329238265530E-003   8.2874946877373370E-003   8.3336556778683697E-003   8.3902503428644384E-003   8.4573665998799660E-003   8.5343829919054329E-003   8.6198215838955913E-003   8.7112297934268442E-003   8.8051001142838738E-003   8.8968307937214441E-003   8.9807249725005096E-003   9.0500223543228953E-003   9.0969568650981075E-003   9.1128355832782414E-003   9.0881374283542666E-003   9.0126336334299031E-003   8.8755351907685697E-003   8.6656749070794098E-003   8.3717333190776559E-003   7.9825184351290657E-003   7.4873089696597776E-003   6.8762692168380102E-003   6.1409406809018983E-003   5.2748107146973651E-003   4.2739514138540602E-003   3.1377126849709419E-003   1.8694417922639761E-003   4.7718818442609584E-004  -1.0256621023135709E-003  -2.6198921900312255E-003  -4.2801813728771468E-003  -5.9751405436676702E-003  -7.6677407146068521E-003  -9.3162052798550429E-003  -1.0875408659595465E-002  -1.2298781058443405E-002  -1.3540662673807657E-002  -1.4558985240222089E-002  -1.5318092037450534E-002  -1.5791450052958400E-002  -1.5963972080800706E-002  -1.5833663746175640E-002  -1.5412348923998120E-002  -1.4725308661507085E-002  -1.3809787100997388E-002  -1.2712457888372046E-002  -1.1486084065835810E-002  -1.0185718448238967E-002  -8.8648574556424928E-003  -7.5719649197857029E-003  -6.3477212987192826E-003  -5.2232392012420397E-003  -4.2193403914890515E-003  -3.3468405458311392E-003  -2.6076630134413510E-003  -1.9965214982988191E-003  -1.5028825767026159E-003  -1.1129391076173428E-003  -8.1138233375613539E-004  -5.8283635276350503E-004  -4.1289618083498387E-004  -2.8877620732540703E-004  -1.9962169504676182E-004  -1.3656031684926087E-004  -9.2576321719387705E-005  -6.2282137577979849E-005  -4.1646984947967371E-005  -2.7724517554866647E-005  -1.8405210029015593E-005  -1.2206129447357460E-005  -8.1014615176505504E-006  -5.3914278252284848E-006  -3.6042926283931168E-006  -2.4251668646335435E-006  -1.6455127238346526E-006  -1.1280519981520456E-006  -7.8279346138128727E-007  -5.5088793804839011E-007  -3.9388111345987890E-007  -2.8662554017272832E-007  -2.1263902361792121E-007  -1.6108047228010361E-007  -1.2478598331874825E-007  -9.8995503255744359E-008  -8.0527376613517562E-008  -6.7242722768331727E-008  -5.7697308838418168E-008  -5.0914955891149969E-008  -4.6240108992441820E-008  -4.3242448062956539E-008  -4.1655955982757796E-008
   8.2233740257347844E-003   8.2234547613096558E-003   8.2238764222662825E-003   8.2251106129398281E-003   8.2278322912870058E-003   8.2329089775333344E-003   8.2413807559214777E-003   8.2544268459931857E-003   8.2733142676665056E-003   8.2993245401546990E-003   8.3336556778683697E-003   8.3772991512065399E-003   8.4308949496686332E-003   8.4945720503110285E-003   8.5677856193333603E-003   8.6491649293939481E-003   8.7363860450559421E-003   8.8260802858538302E-003   8.9137840239127825E-003   8.9939293402626110E-003   9.0598705448140804E-003   9.1039398597970653E-003   9.1175266933989484E-003   9.0911779433157404E-003   9.0147204646857833E-003   8.8774102904544752E-003   8.6681159142042562E-003   8.3755447549330921E-003   7.9885227544606759E-003   7.4963368187360192E-003   6.8891483236647698E-003   6.1584828958518578E-003   5.2977968331809552E-003   4.3031135537982060E-003   3.1737141699677979E-003   1.9128547140260452E-003   5.2846908922147412E-004  -9.6619764238857486E-004  -2.5520950110133195E-003  -4.2040926897351852E-003  -5.8910126575712554E-003  -7.5760523986650521E-003  -9.2176696589338428E-003  -1.0770971464668648E-002  -1.2189607445814425E-002  -1.3428111389973726E-002  -1.4444569787952867E-002  -1.5203429617833893E-002  -1.5678200330597830E-002  -1.5853769103852874E-002  -1.5728045470727113E-002  -1.5312689551628796E-002  -1.4632759229443654E-002  -1.3725229355460757E-002  -1.2636475406222085E-002  -1.1418952962029525E-002  -1.0127418019690027E-002  -8.8150990473455024E-003  -7.5302354660402686E-003  -6.3133366668681572E-003  -5.1954018328865537E-003  -4.1971958541047148E-003  -3.3295283980131520E-003  -2.5943586599246806E-003  -1.9864672128951000E-003  -1.4954073430486639E-003  -1.1074681563601331E-003  -8.0743810850297673E-004  -5.8003307493179252E-004  -4.1093024397268851E-004  -2.8741440612524855E-004  -1.9868889659139887E-004  -1.3592771956082289E-004  -9.2151005343120022E-005  -6.1998238364999693E-005  -4.1458557119926982E-005  -2.7599965076034784E-005  -1.8323077249770668E-005  -1.2152004636278786E-005  -8.0657527307219204E-006  -5.3677982916465821E-006  -3.5885798338570879E-006  -2.4146473460895743E-006  -1.6384085780416679E-006  -1.1232032608374895E-006  -7.7944253074901706E-007  -5.4853869732904922E-007  -3.9220732547103706E-007  -2.8541146892489840E-007  -2.1174100083240928E-007  -1.6040201609727992E-007  -1.2426166242400431E-007  -9.8580438486778850E-008  -8.0190377758471229E-008  -6.6961772761488252E-008  -5.7456566905486953E-008  -5.0702745417114204E-008  -4.6047543795278698E-008  -4.3062470432056527E-008  -4.1482637005560680E-008
   8.2878625088433650E-003   8.2879372927291226E-003   8.2883278737855854E-003   8.2894711351652328E-003   8.2919925077580402E-003   8.2966963553389693E-003   8.3045482282598729E-003   8.3166452205447189E-003   8.3341703378914545E-003   8.3583269578641709E-003   8.3902503428644384E-003   8.4308949496686332E-003   8.4808990787607914E-003   8.5404321095636643E-003   8.6090336641551947E-003   8.6854575317116718E-003   8.7675347527794156E-003   8.8520688419233794E-003   8.9347716666405737E-003   9.0102423392237757E-003   9.0719858480497895E-003   9.1124650036129521E-003   9.1231792931046815E-003   9.0947667809483830E-003   9.0171289600554996E-003   8.8795822532413120E-003   8.6710429594490084E-003   8.3802545356539762E-003   7.9960671150885766E-003   7.5077790185799700E-003   6.9055485728819303E-003   6.1808815680922807E-003   5.3271948680551490E-003   4.3404497468207161E-003   3.2198392790022123E-003   1.9685025993644439E-003   5.9422545397856685E-004  -8.8992793777068618E-004  -2.4651206372844833E-003  -4.1064666565598373E-003  -5.7830589298105625E-003  -7.4583856792654821E-003  -9.0912055337181649E-003  -1.0636924187161265E-002  -1.2049473037753437E-002  -1.3283634490994775E-002  -1.4297693811002633E-002  -1.5056231203891775E-002  -1.5532810730247405E-002  -1.5712286762898979E-002  -1.5592445532834294E-002  -1.5184736966578460E-002  -1.4513932452292155E-002  -1.3616661097560219E-002  -1.2538915531379320E-002  -1.1332756531424869E-002  -1.0052558937846498E-002  -8.7512071099411816E-003  -7.4766522561377433E-003  -6.2691840435722852E-003  -5.1596559436505735E-003  -4.1687597527619346E-003  -3.3072973649595459E-003  -2.5772739551354540E-003  -1.9735559210863189E-003  -1.4858078602680938E-003  -1.1004424453288301E-003  -8.0237294656144726E-004  -5.7643308092606837E-004  -4.0840554827617059E-004  -2.8566553880837172E-004  -1.9749095819451010E-004  -1.3511530563469612E-004  -9.1604788160861025E-005  -6.1633635129967049E-005  -4.1216563281060914E-005  -2.7440003953021058E-005  -1.8217594544828848E-005  -1.2082492013857987E-005  -8.0198915966934503E-006  -5.3374504974652604E-006  -3.5683995357456246E-006  -2.4011368264404641E-006  -1.6292844792318760E-006  -1.1169758348173130E-006  -7.7513878063082722E-007  -5.4552145144316616E-007  -3.9005758966419705E-007  -2.8385216718633223E-007  -2.1058761509091502E-007  -1.5953063096080454E-007  -1.2358824163671309E-007  -9.8047341627585210E-008  -7.9757545653695463E-008  -6.6600927698677908E-008  -5.7147363667128981E-008  -5.0430187019637531E-008  -4.5800217152390716E-008  -4.2831310861734396E-008  -4.1260029603767175E-008
   8.3639382111203569E-003   8.3640062915273216E-003   8.3643618655391706E-003   8.3654026958271347E-003   8.3676983610015358E-003   8.3719818518701861E-003   8.3791341317149461E-003   8.3901583763782844E-003   8.4061402373108163E-003   8.4281904499348831E-003   8.4573665998799660E-003   8.4945720503110285E-003   8.5404321095636643E-003   8.5951505660962092E-003   8.6583535562613795E-003   8.7289317119547752E-003   8.8048944806404794E-003   8.8832510181658404E-003   8.9599292607777832E-003   9.0297391751448797E-003   9.0863797225062097E-003   9.1224842320166734E-003   9.1296972582129467E-003   9.0987775969176999E-003   9.0197257408890126E-003   8.8819381851128684E-003   8.6743945680944120E-003   8.3858861440205511E-003   8.0052953648903705E-003   7.5219363619817570E-003   6.9259647517733863E-003   6.2088622537646194E-003   5.3639968264933627E-003   4.3872521320729302E-003   3.2777109525070555E-003   2.0383657389543078E-003   6.7681615855835764E-004  -7.9410082779506758E-004  -2.3558167173529099E-003  -3.9837527655428237E-003  -5.6473426823581696E-003  -7.3104403997888770E-003  -8.9321830633589394E-003  -1.0468352138639669E-002  -1.1873233572540554E-002  -1.3101922646258223E-002  -1.4112954816512285E-002  -1.4871078037033851E-002  -1.5349925213337154E-002  -1.5534309583053206E-002  -1.5421862371905924E-002  -1.5023769157128608E-002  -1.4364440949878314E-002  -1.3480071900873074E-002  -1.2416172961662083E-002  -1.1224308153777295E-002  -9.9583726968676539E-003  -8.6708179155521661E-003  -7.4092322924910643E-003  -6.2136289307139856E-003  -5.1146778578387564E-003  -4.1329788001802630E-003  -3.2793237791245954E-003  -2.5557757441779481E-003  -1.9573090176943039E-003  -1.4737282053408373E-003  -1.0916014223565965E-003  -7.9599896395035185E-004  -5.7190280771523595E-004  -4.0522840706860245E-004  -2.8346469615999752E-004  -1.9598341046220719E-004  -1.3409291183231345E-004  -9.0917386966015177E-005  -6.1174786606570483E-005  -4.0912014511294182E-005  -2.7238691549923919E-005  -1.8084842650428704E-005  -1.1995008471813006E-005  -7.9621736955023657E-006  -5.2992564425771373E-006  -3.5430015686236614E-006  -2.3841330251780616E-006  -1.6178011878965202E-006  -1.1091381595243658E-006  -7.6972216676984681E-007  -5.4172398866714329E-007  -3.8735195123028387E-007  -2.8188963613890943E-007  -2.0913596310628141E-007  -1.5843390152231444E-007  -1.2274066856589391E-007  -9.7376379675096015E-008  -7.9212776842807329E-008  -6.6146761931198148E-008  -5.6758194536460257E-008  -5.0087139328021852E-008  -4.5488926354372652E-008  -4.2540368093031873E-008  -4.0979850681051156E-008
