# Version 0.33
# Potential name = chengdu_MMWLY_800   
# L = 0
# S = 0
# J = 0
# Order = 2                   
# K_MAX = 1600 MeV
# For uncoupled channels, e.g., 3P0 (LSJ = 110)
# storage = D(1:N，1:N) (row, column)
# D(i,j)  = <pout(j),L|V|L,pin(i)>
# Normalization
# If V were so weak as to validate the Born approximation, the relation of V
# in 1S0 and the respective scattering length 'a' would have been
# <p|V|p> = 2/pi * a + ... for p->0, in unit of MeV^(-1)
# Momenta are in unit of MeV
# The value of pin and pout, where pin(1:N) = pout(1:N)
  0.22901858124691898        1.2064394883233263        2.9638922134998893        5.5000503700453010        8.8124838056065755        12.897967435154328        17.752513210465395        23.371379389034928        29.749076595347560        36.879373659606586        44.755303890995151        53.369171965536339        62.712561483732770        72.776343213976247        83.550684023418398        95.025056491985310        107.18824920226837        120.02837769632697        133.53289608927935        147.68860932865903        162.48168608774836        177.89767228040364        193.92150518423432        210.53752815838345        227.72950594155486        245.48064051535846        263.77358751748727        282.59047318869659        301.91291183703379        321.72202380225701        341.99845390289505        362.72239034792466        383.87358409458960        405.43136863344722        427.37468018131352        449.68207826237483        472.33176665735874        495.30161470029606        518.56917890206262        542.11172487957674        565.90624956922238        589.92950370279721        614.15801452402081        638.56810872341123        663.13593556911735        687.83749021110884        712.64863713595105        737.54513374925068        762.50265406272672        787.49681246276555        812.50318753723445        837.49734593727328        862.45486625074932        887.35136286404895        912.16250978889116        936.86406443088265        961.43189127658877        985.84198547597919        1010.0704962972028        1034.0937504307776        1057.8882751204233        1081.4308210979375        1104.6983852997039        1127.6682333426413        1150.3179217376251        1172.6253198186864        1194.5686313665528        1216.1264159054103        1237.2776096520754        1258.0015460971049        1278.2779761977431        1298.0870881629662        1317.4095268113033        1336.2264124825128        1354.5193594846414        1372.2704940584451        1389.4624718416167        1406.0784948157657        1422.1023277195964        1437.5183139122516        1452.3113906713411        1466.4671039107207        1479.9716223036730        1492.8117507977317        1504.9749435080148        1516.4493159765816        1527.2236567860236        1537.2874385162672        1546.6308280344638        1555.2446961090050        1563.1206263403933        1570.2509234046524        1576.6286206109651        1582.2474867895346        1587.1020325648456        1591.1875161943935        1594.4999496299547        1597.0361077865000        1598.7935605116768        1599.7709814187531     
# Matrix elements start here 
  -1.5313483643822677E-003  -1.5313062491705380E-003  -1.5310862572794604E-003  -1.5304420080903187E-003  -1.5290194999974375E-003  -1.5263595185425422E-003  -1.5219013109052828E-003  -1.5149879169940610E-003  -1.5048735940612829E-003  -1.4907337830008811E-003  -1.4716780279457515E-003  -1.4467661661023508E-003  -1.4150279464252456E-003  -1.3754860171075586E-003  -1.3271819588334169E-003  -1.2692047633254826E-003  -1.2007209068626418E-003  -1.1210049929443991E-003  -1.0294698775827891E-003  -9.2569526630912789E-004  -8.0945397687802402E-004  -6.8073535792261648E-004  -5.3976567928788158E-004  -3.8702559193399188E-004  -2.2326492783702827E-004  -4.9515126737250011E-005   1.3290058264572510E-004   3.2235944677670410E-004   5.1693456282252788E-004   7.1439459077821251E-004   9.1220962316559354E-004   1.1075655994366405E-003   1.2973901132081016E-003   1.4783927298272700E-003   1.6471229125941964E-003   1.8000482449659428E-003   1.9336547334945393E-003   2.0445695027553230E-003   2.1297041140923151E-003   2.1864140931959243E-003   2.2126671798718151E-003   2.2072095880133775E-003   2.1697165938920349E-003   2.1009115867748861E-003   2.0026369165510090E-003   1.8778610331113398E-003   1.7306099532317584E-003   1.5658171346866947E-003   1.3890940746036709E-003   1.2064335629148396E-003   1.0238672131492443E-003   8.4710703496670287E-004   6.8120573505315273E-004   5.3027079168989529E-004   3.9726250183131587E-004   2.8389647808448396E-004   1.9065784166459165E-004   1.1691981539454794E-004   6.1146155795747600E-005   2.1147263226468406E-005  -5.6445071287937812E-006  -2.1913373334735229E-005  -3.0239097673263838E-005  -3.2933296678604390E-005  -3.1939215347264469E-005  -2.8791373160520512E-005  -2.4624372961743195E-005  -2.0216366270171349E-005  -1.6052079172806238E-005  -1.2392191783699855E-005  -9.3392010281139414E-006  -6.8936617165152173E-006  -4.9981074178003917E-006  -3.5685434357945372E-006  -2.5150386480396963E-006  -1.7537131487549593E-006  -1.2125419335195829E-006  -8.3311938370767763E-007  -5.7007073203962164E-007  -3.8930906216209148E-007  -2.6590927426827041E-007  -1.8204124541645362E-007  -1.2517597005797957E-007  -8.6635334978327609E-008  -6.0476569522743595E-008  -4.2665338137670356E-008  -3.0480039820035679E-008  -2.2092156647597392E-008  -1.6275771524242041E-008  -1.2209230661496773E-008  -9.3411294445714848E-009  -7.3004553739714340E-009  -5.8366599778434896E-009  -4.7798259067478247E-009  -4.0142391675498557E-009  -3.4608701425000141E-009  -3.0657698434186460E-009  -2.7924038614225271E-009  -2.6166267370474688E-009  -2.5234344196802497E-009
  -1.5313062491705380E-003  -1.5312641347134388E-003  -1.5310441467639515E-003  -1.5303999091150424E-003  -1.5289774264884916E-003  -1.5263174925998131E-003  -1.5218593645279675E-003  -1.5149460936127561E-003  -1.5048319497821226E-003  -1.4906923874485004E-003  -1.4716369645815450E-003  -1.4467255318985075E-003  -1.4149878507988673E-003  -1.3754465800661449E-003  -1.3271433083521381E-003  -1.2691670320610364E-003  -1.2006842283950898E-003  -1.1209694978100760E-003  -1.0294356894011364E-003  -9.2566249830252159E-004  -8.0942272903440204E-004  -6.8070571496513699E-004  -5.3973770951159085E-004  -3.8699934686747210E-004  -2.2324044260506131E-004  -4.9492420949529513E-005   1.3292150367284978E-004   3.2237859064833613E-004   5.1695194869652182E-004   7.1441024811344641E-004   9.1222359065944603E-004   1.1075779241854116E-003   1.2974008500915794E-003   1.4784019410928996E-003   1.6471306675964340E-003   1.8000546200025733E-003   1.9336598116718780E-003   2.0445733738094427E-003   2.1297068740921202E-003   2.1864158440582284E-003   2.2126680286272526E-003   2.2072096457771903E-003   2.1697159745151570E-003   2.1009104051770491E-003   2.0026352867697668E-003   1.8778590661341840E-003   1.7306077547114967E-003   1.5658148026679985E-003   1.3890916974072832E-003   1.2064312173309423E-003   1.0238649630802538E-003   8.4710493063227740E-004   6.8120381282612760E-004   5.3026907457828960E-004   3.9726100056247313E-004   2.8389519269251488E-004   1.9065676343841056E-004   1.1691892901772964E-004   6.1145441503958689E-005   2.1146698823766314E-005  -5.6449445208083156E-006  -2.1913705877383595E-005  -3.0239345796121602E-005  -3.2933478441507513E-005  -3.1939346136464469E-005  -2.8791465654356562E-005  -2.4624437291864503E-005  -2.0216410305958789E-005  -1.6052108866261127E-005  -1.2392211526046420E-005  -9.3392139845574224E-006  -6.8936701195112626E-006  -4.9981128104483965E-006  -3.5685468649935734E-006  -2.5150408120161663E-006  -1.7537145060353329E-006  -1.2125427810801911E-006  -8.3311991156836126E-007  -5.7007106052154561E-007  -3.8930926679386106E-007  -2.6590940213444772E-007  -1.8204132571960870E-007  -1.2517602084989902E-007  -8.6635367400742950E-008  -6.0476590454069734E-008  -4.2665351832730394E-008  -3.0480048920432198E-008  -2.2092162802087118E-008  -1.6275775768994039E-008  -1.2209233653178021E-008  -9.3411316034567279E-009  -7.3004569720966859E-009  -5.8366611935657913E-009  -4.7798268587253946E-009  -4.0142399360720966E-009  -3.4608707830089613E-009  -3.0657703951885538E-009  -2.7924043532287657E-009  -2.6166271909656953E-009  -2.5234348537355073E-009
  -1.5310862572794604E-003  -1.5310441467639515E-003  -1.5308241794021560E-003  -1.5301800020301160E-003  -1.5287576524191508E-003  -1.5260979669781190E-003  -1.5216402544921597E-003  -1.5147276260098783E-003  -1.5046144176667808E-003  -1.4904761544864426E-003  -1.4714224667129092E-003  -1.4465132756364496E-003  -1.4147784076637259E-003  -1.3752405769005707E-003  -1.3269414136236281E-003  -1.2689699386989701E-003  -1.2004926341617006E-003  -1.1207840845792797E-003  -1.0292571029269764E-003  -9.2549133003935616E-004  -8.0925950131387648E-004  -6.8055087038806342E-004  -5.3959160486845813E-004  -3.8686225136831350E-004  -2.2311253977155832E-004  -4.9373813255471121E-005   1.3303078842091722E-004   3.2247859214560920E-004   5.1704276699060872E-004   7.1449203706583494E-004   9.1229655239499947E-004   1.1076423047063355E-003   1.2974569360623984E-003   1.4784500576676554E-003   1.6471711770570914E-003   1.8000879209033750E-003   1.9336863381351705E-003   2.0445935945912243E-003   2.1297212910311308E-003   2.1864249895422738E-003   2.2126724617582885E-003   2.2072099469951038E-003   2.1697127385505079E-003   2.1009042323439104E-003   2.0026267727739199E-003   1.8778487907483727E-003   1.7305962698408710E-003   1.5658026204742690E-003   1.3890792792560884E-003   1.2064189643541320E-003   1.0238532090867079E-003   8.4709393795451456E-004   6.8119377146388417E-004   5.3026010471631663E-004   3.9725315823401636E-004   2.8388847807181081E-004   1.9065113101710603E-004   1.1691429878305046E-004   6.1141710208678993E-005   2.1143750519010598E-005  -5.6472293484626478E-006  -2.1915442995012156E-005  -3.0240641924128607E-005  -3.2934427920976953E-005  -3.1940029341988091E-005  -2.8791948814820023E-005  -2.4624773332674048E-005  -2.0216640334866929E-005  -1.6052263975014388E-005  -1.2392314653242520E-005  -9.3392816643513748E-006  -6.8937140136045245E-006  -4.9981409795248633E-006  -3.5685647777221249E-006  -2.5150521157003547E-006  -1.7537215958578397E-006  -1.2125472083374460E-006  -8.3312266885166979E-007  -5.7007277634070564E-007  -3.8931033567875178E-007  -2.6591007003415001E-007  -1.8204174517498392E-007  -1.2517628615476418E-007  -8.6635536753891292E-008  -6.0476699784694882E-008  -4.2665423365674729E-008  -3.0480096453895836E-008  -2.2092194948171645E-008  -1.6275797939989649E-008  -1.2209249279076237E-008  -9.3411428794821736E-009  -7.3004653191691930E-009  -5.8366675432882403E-009  -4.7798318308753665E-009  -4.0142439500164737E-009  -3.4608741283298523E-009  -3.0657732770201761E-009  -2.7924069218676727E-009  -2.6166295617144356E-009  -2.5234371207395132E-009
  -1.5304420080903187E-003  -1.5303999091150424E-003  -1.5301800020301160E-003  -1.5295360011373875E-003  -1.5281140409711487E-003  -1.5254550829389105E-003  -1.5209985872133816E-003  -1.5140878396630369E-003  -1.5039773702741513E-003  -1.4898429108199519E-003  -1.4707943031725932E-003  -1.4458916752808689E-003  -1.4141650439284687E-003  -1.3746372852583477E-003  -1.3263501514955906E-003  -1.2683927352164493E-003  -1.1999315327016948E-003  -1.1202410820940383E-003  -1.0287340906976247E-003  -9.2499004042770772E-004  -8.0878146433550674E-004  -6.8009738262241981E-004  -5.3916371162832794E-004  -3.8646074149001320E-004  -2.2273795113350852E-004  -4.9026446350537885E-005   1.3335085181128033E-004   3.2277146797349233E-004   5.1730874800691527E-004   7.1473157367118534E-004   9.1251023638215002E-004   1.1078308564118110E-003   1.2976211949470660E-003   1.4785909759497274E-003   1.6472898157208621E-003   1.8001854471901861E-003   1.9337640234781467E-003   2.0446528118758262E-003   2.1297635100503490E-003   2.1864517695735254E-003   2.2126854403293431E-003   2.2072108241355907E-003   2.1697032561494821E-003   2.1008861486456441E-003   2.0026018325254562E-003   1.8778186920290849E-003   1.7305626291062859E-003   1.5657669377717558E-003   1.3890429058525788E-003   1.2063830750937959E-003   1.0238187816277392E-003   8.4706174060511161E-004   6.8116436067471031E-004   5.3023383245631370E-004   3.9723018857941005E-004   2.8386881149541649E-004   1.9063463419523134E-004   1.1690073733607292E-004   6.1130781710347012E-005   2.1135115346146947E-005  -5.6539212543605527E-006  -2.1920530715311033E-005  -3.0244438039508980E-005  -3.2937208751136846E-005  -3.1942030297751585E-005  -2.8793363873907615E-005  -2.4625757507144375E-005  -2.0217314023434642E-005  -1.6052718240289687E-005  -1.2392616678095862E-005  -9.3394798738609440E-006  -6.8938425621767698E-006  -4.9982234748259334E-006  -3.5686172359318167E-006  -2.5150852186368470E-006  -1.7537423581982408E-006  -1.2125601732553765E-006  -8.3313074324846943E-007  -5.7007780084809745E-007  -3.8931346568910985E-007  -2.6591202580749024E-007  -1.8204297342006126E-007  -1.2517706300275370E-007  -8.6636032632346828E-008  -6.0477019905961938E-008  -4.2665632810262593E-008  -3.0480235626104782E-008  -2.2092289065780658E-008  -1.6275862850878393E-008  -1.2209295026519382E-008  -9.3411758911444283E-009  -7.3004897554571113E-009  -5.8366861318529672E-009  -4.7798463863358079E-009  -4.0142557001943999E-009  -3.4608839210465963E-009  -3.0657817128437664E-009  -2.7924144408100466E-009  -2.6166365013318711E-009  -2.5234437566449905E-009
  -1.5290194999974375E-003  -1.5289774264884916E-003  -1.5287576524191508E-003  -1.5281140409711487E-003  -1.5266929402107405E-003  -1.5240355873885874E-003  -1.5195817767596469E-003  -1.5126751799948918E-003  -1.5025707548992739E-003  -1.4884446895610164E-003  -1.4694072929790939E-003  -1.4445191493242576E-003  -1.4128106957480783E-003  -1.3733051663045994E-003  -1.3250445827432673E-003  -1.2671181963632434E-003  -1.1986925353883796E-003  -1.1190420360060402E-003  -1.0275791727592512E-003  -9.2388307718567660E-004  -8.0772583597970660E-004  -6.7909595421329128E-004  -5.3821879358611157E-004  -3.8557407795437870E-004  -2.2191073202994802E-004  -4.8259337266696274E-005   1.3405766845456767E-004   3.2341824663690687E-004   5.1789613382000315E-004   7.1526056014620774E-004   9.1298212950219684E-004   1.1082472462413170E-003   1.2979839348117635E-003   1.4789021683570209E-003   1.6475518035275775E-003   1.8004008080449588E-003   1.9339355652451427E-003   2.0447835665706963E-003   2.1298567237895590E-003   2.1865108861675777E-003   2.2127140764589028E-003   2.2072127345574843E-003   2.1696822880937598E-003   2.1008461854749548E-003   2.0025467277912240E-003   1.8777521962002365E-003   1.7304883123550815E-003   1.5656881131409194E-003   1.3889625577518210E-003   1.2063037982455588E-003   1.0237427352090770E-003   8.4699062138470470E-004   6.8109939747991108E-004   5.3017580247074168E-004   3.9717945399051890E-004   2.8382537314941992E-004   1.9059819743801488E-004   1.1687078433245384E-004   6.1106644355007726E-005   2.1116043402866214E-005  -5.6687010446892193E-006  -2.1931767342869141E-005  -3.0252821941707548E-005  -3.2943350258737717E-005  -3.1946449372960645E-005  -2.8796488956248632E-005  -2.4627930966565062E-005  -2.0218801775960093E-005  -1.6053721405864493E-005  -1.2393283633452853E-005  -9.3399175662250132E-006  -6.8941264204081237E-006  -4.9984056346106330E-006  -3.5687330670031882E-006  -2.5151583099318603E-006  -1.7537882000480306E-006  -1.2125887979859090E-006  -8.3314856976989367E-007  -5.7008889346264103E-007  -3.8932037554710719E-007  -2.6591634322210216E-007  -1.8204568467972724E-007  -1.2517877775717257E-007  -8.6637127142781003E-008  -6.0477726446351297E-008  -4.2666095051304065E-008  -3.0480542760159289E-008  -2.2092496758743642E-008  -1.6276006083994740E-008  -1.2209395967493940E-008  -9.3412487266169340E-009  -7.3005436675408195E-009  -5.8367271402638024E-009  -4.7798784956141724E-009  -4.0142816197976473E-009  -3.4609055217899904E-009  -3.0658003198865833E-009  -2.7924310249971015E-009  -2.6166518074160458E-009  -2.5234583926901348E-009
  -1.5263595185425422E-003  -1.5263174925998131E-003  -1.5260979669781190E-003  -1.5254550829389105E-003  -1.5240355873885874E-003  -1.5213812328117820E-003  -1.5169324374972378E-003  -1.5100335937943748E-003  -1.4999404587379373E-003  -1.4858300729886724E-003  -1.4668136184831236E-003  -1.4419525321888475E-003  -1.4102780373621256E-003  -1.3708140378071508E-003  -1.3226030602245505E-003  -1.2647346541361409E-003  -1.1963754092980481E-003  -1.1167995732814051E-003  -1.0254191874571824E-003  -9.2181273009614493E-004  -8.0575145481277333E-004  -6.7722290453563292E-004  -5.3645140441950425E-004  -3.8391561950281588E-004  -2.2036343780414396E-004  -4.6824459611891729E-005   1.3537978160039132E-004   3.2462806531925129E-004   5.1899485969659955E-004   7.1625004739784290E-004   9.1386481762513981E-004   1.1090261068866366E-003   1.2986624327728322E-003   1.4794842351632765E-003   1.6480418208566451E-003   1.8008035972652279E-003   1.9342563787987732E-003   2.0450280765774917E-003   2.1300310031954414E-003   2.1866213780032655E-003   2.2127675473521385E-003   2.2072162095919494E-003   2.1696429654455233E-003   2.1007713309597505E-003   2.0024435514460672E-003   1.8776277151584201E-003   1.7303492063484201E-003   1.5655405807218949E-003   1.3888121824942763E-003   1.2061554345051215E-003   1.0236004223246591E-003   8.4685753342940949E-004   6.8097783292855006E-004   5.3006721471875358E-004   3.9708451995142807E-004   2.8374409367414814E-004   1.9053002053225424E-004   1.1681474049046996E-004   6.1061482994238629E-005   2.1080360363237658E-005  -5.6963529062557805E-006  -2.1952789672649749E-005  -3.0268506752540066E-005  -3.2954839614636900E-005  -3.1954716202678597E-005  -2.8802334907608780E-005  -2.4631996621784450E-005  -2.0221584653181779E-005  -1.6055597779357435E-005  -1.2394531090634134E-005  -9.3407361796697848E-006  -6.8946572940141443E-006  -4.9987462941139993E-006  -3.5689496727493112E-006  -2.5152949839272169E-006  -1.7538739148930830E-006  -1.2126423168943370E-006  -8.3318189725472208E-007  -5.7010963008577929E-007  -3.8933329188597018E-007  -2.6592441293760481E-007  -1.8205075187536545E-007  -1.2518198224417181E-007  -8.6639172336649699E-008  -6.0479046548736428E-008  -4.2666958612992954E-008  -3.0481116487422506E-008  -2.2092884686318942E-008  -1.6276273583361336E-008  -1.2209584461194909E-008  -9.3413847214802784E-009  -7.3006443182383443E-009  -5.8368036922428986E-009  -4.7799384290864967E-009  -4.0143299953806510E-009  -3.4609458333921924E-009  -3.0658350421237751E-009  -2.7924619706651127E-009  -2.6166803670203754E-009  -2.5234857014430759E-009
  -1.5219013109052828E-003  -1.5218593645279675E-003  -1.5216402544921597E-003  -1.5209985872133816E-003  -1.5195817767596469E-003  -1.5169324374972378E-003  -1.5124920316483487E-003  -1.5056061572758408E-003  -1.4955319087357226E-003  -1.4814477535782899E-003  -1.4624663351909622E-003  -1.4376505189637261E-003  -1.4060328458221478E-003  -1.3666383434921565E-003  -1.3185103877797369E-003  -1.2607390321766249E-003  -1.1924909748152030E-003  -1.1130401530666956E-003  -1.0217978883455964E-003  -9.1834156961768552E-004  -8.0244105883643061E-004  -6.7408228960471987E-004  -5.3348785153722975E-004  -3.8113463532282559E-004  -2.1776879042765835E-004  -4.4418270661037047E-005   1.3759690900495879E-004   3.2665690208177238E-004   5.2083740611345115E-004   7.1790940055324300E-004   9.1534505858957126E-004   1.1103322114008902E-003   1.2998002056266444E-003   1.4804602657085119E-003   1.6488634549943516E-003   1.8014789197278273E-003   1.9347941985332724E-003   2.0454379074786727E-003   2.1303230323416501E-003   2.1868064139520180E-003   2.2128569420227923E-003   2.2072217488566213E-003   2.1695767257950103E-003   2.1006455024689639E-003   2.0022702306036894E-003   1.8774186747097226E-003   1.7301156527821694E-003   1.5652929129828328E-003   1.3885597674594252E-003   1.2059064153013641E-003   1.0233615743901851E-003   8.4663418024361926E-004   6.8077382873484200E-004   5.2988499580276793E-004   3.9692521981541523E-004   2.8360771160220854E-004   1.9041562839839342E-004   1.1672070988156310E-004   6.0985714161145531E-005   2.1020496159708871E-005  -5.7427414678454421E-006  -2.1988054987038055E-005  -3.0294817043472529E-005  -3.2974111332117638E-005  -3.1968581873469820E-005  -2.8812139575507207E-005  -2.4638815022750464E-005  -2.0226251447899590E-005  -1.6058744185760705E-005  -1.2396622745948933E-005  -9.3421086728649706E-006  -6.8955472880003675E-006  -4.9993173500542459E-006  -3.5693127405666446E-006  -2.5155240498952776E-006  -1.7540175579785599E-006  -1.2127319950905431E-006  -8.3323773525747526E-007  -5.7014436847935697E-007  -3.8935492664218375E-007  -2.6593792769030888E-007  -1.8205923686321642E-007  -1.2518734727355102E-007  -8.6642595869795135E-008  -6.0481255930196994E-008  -4.2668403641151453E-008  -3.0482076342071456E-008  -2.2093533567802593E-008  -1.6276720936630171E-008  -1.2209899625532514E-008  -9.3416120612404165E-009  -7.3008125406619508E-009  -5.8369316129020118E-009  -4.7800385616688304E-009  -4.0144108044532764E-009  -3.4610131620331788E-009  -3.0658930281014014E-009  -2.7925136446307957E-009  -2.6167280532743379E-009  -2.5235312972998818E-009
  -1.5149879169940610E-003  -1.5149460936127561E-003  -1.5147276260098783E-003  -1.5140878396630369E-003  -1.5126751799948918E-003  -1.5100335937943748E-003  -1.5056061572758408E-003  -1.4987403328751256E-003  -1.4886952832889881E-003  -1.4746516837032017E-003  -1.4557244397862869E-003  -1.4309786297793284E-003  -1.3994488382324840E-003  -1.3601618391673033E-003  -1.3121623319568157E-003  -1.2545411617862089E-003  -1.1864652077752476E-003  -1.1072079408931692E-003  -1.0161795810771151E-003  -9.1295584194600859E-004  -7.9730443883032861E-004  -6.6920881785079546E-004  -5.2888888167492288E-004  -3.7681877019736889E-004  -2.1374193441155262E-004  -4.0683769960006468E-005   1.4103806957389180E-004   3.2980587598498970E-004   5.2369726114564986E-004   7.2048491309458819E-004   9.1764253829253531E-004   1.1123593621522338E-003   1.3015660232058119E-003   1.4819749682335754E-003   1.6501384389580988E-003   1.8025267320488179E-003   1.9356285134556842E-003   2.0460734962813171E-003   2.1307757136617873E-003   2.1870929731572734E-003   2.2129950095705654E-003   2.2072296300592650E-003   2.1694731778988379E-003   2.1004494593980082E-003   2.0020004809102928E-003   1.8770935038441919E-003   1.7297524662041718E-003   1.5649078612212462E-003   1.3881673972654714E-003   1.2055193718752133E-003   1.0229903778316736E-003   8.4628709474755121E-004   6.8045683589915140E-004   5.2960187446329278E-004   3.9667772515221671E-004   2.8339583717951894E-004   1.9023792758932241E-004   1.1657464881341482E-004   6.0868027454077586E-005   2.0927519295063993E-005  -5.8147839177308952E-006  -2.2042818834295836E-005  -3.0335671455835852E-005  -3.3004033919065362E-005  -3.1990108850542048E-005  -2.8827360334900956E-005  -2.4649398901039439E-005  -2.0233494760591093E-005  -1.6063627185770955E-005  -1.2399868475228732E-005  -9.3442381809331714E-006  -6.8969279884645919E-006  -5.0002031394855994E-006  -3.5698758267929047E-006  -2.5158792545338817E-006  -1.7542402624920582E-006  -1.2128710071445862E-006  -8.3332427420092457E-007  -5.7019819572316579E-007  -3.8938844243488602E-007  -2.6595885940926559E-007  -1.8207237523193178E-007  -1.2519565246919843E-007  -8.6647894139313132E-008  -6.0484674200417614E-008  -4.2670638669276713E-008  -3.0483560494683350E-008  -2.2094536568204787E-008  -1.6277412204386357E-008  -1.2210386471321569E-008  -9.3419631272734137E-009  -7.3010722327853170E-009  -5.8371290286421074E-009  -4.7801930479701748E-009  -4.0145354446595349E-009  -3.4611169851739601E-009  -3.0659824263687876E-009  -2.7925932986578746E-009  -2.6168015518817416E-009  -2.5236015694001328E-009
  -1.5048735940612829E-003  -1.5048319497821226E-003  -1.5046144176667808E-003  -1.5039773702741513E-003  -1.5025707548992739E-003  -1.4999404587379373E-003  -1.4955319087357226E-003  -1.4886952832889881E-003  -1.4786927591934485E-003  -1.4647082303766547E-003  -1.4458599034596607E-003  -1.4212160891825011E-003  -1.3898143624717250E-003  -1.3506840594978363E-003  -1.3028718307979718E-003  -1.2454697018642184E-003  -1.1776448446870168E-003  -1.0986700797550599E-003  -1.0079540482361286E-003  -9.0507004306240673E-004  -7.8978266421748445E-004  -6.6207173658730035E-004  -5.2215324162490848E-004  -3.7049729657554647E-004  -2.0784339931544755E-004  -3.5213192175617084E-005   1.4607914041201049E-004   3.3441903508778063E-004   5.2788692168075991E-004   7.2425800496668524E-004   9.2100825082218254E-004   1.1153289395008969E-003   1.3041526133790319E-003   1.4841935200790371E-003   1.6520056366960230E-003   1.8040609533409944E-003   1.9368497946555263E-003   2.0470034872069852E-003   2.1314376039975481E-003   2.1875113735045325E-003   2.2131957723806554E-003   2.2072395993188911E-003   2.1693198615644962E-003   2.1001606250976735E-003   2.0016036830522877E-003   1.8766155584481730E-003   1.7292188977088424E-003   1.5643423522480066E-003   1.3875912767710372E-003   1.2049511783459085E-003   1.0224455314797268E-003   8.4577770586684656E-004   6.7999166603605748E-004   5.2918645391254390E-004   3.9631461609791925E-004   2.8308501847554290E-004   1.8997726659767192E-004   1.1636041939673287E-004   6.0695431963214697E-005   2.0791176166244391E-005  -5.9204174140980483E-006  -2.2123108576576744E-005  -3.0395561655245868E-005  -3.3047893452152347E-005  -3.2021658391726904E-005  -2.8849664613085223E-005  -2.4664906155787212E-005  -2.0244105889335811E-005  -1.6070779408321439E-005  -1.2404621738252528E-005  -9.3473562019732895E-006  -6.8989492102588699E-006  -5.0014995838977848E-006  -3.5706997769905055E-006  -2.5163988922612436E-006  -1.7545659791547890E-006  -1.2130742638334946E-006  -8.3345077041571496E-007  -5.7027685200351578E-007  -3.8943740199725685E-007  -2.6598942557004062E-007  -1.8209155381188540E-007  -1.2520777113675115E-007  -8.6655622015817186E-008  -6.0489657822290381E-008  -4.2673895733074450E-008  -3.0485722313568894E-008  -2.2095996839169676E-008  -1.6278418130320641E-008  -1.2211094574174571E-008  -9.3424734905221006E-009  -7.3014495777086585E-009  -5.8374157484416651E-009  -4.7804173189055201E-009  -4.0147163133591758E-009  -3.4612675907618910E-009  -3.0661120670533864E-009  -2.7927087802388905E-009  -2.6169080906322077E-009  -2.5237034210516487E-009
  -1.4907337830008811E-003  -1.4906923874485004E-003  -1.4904761544864426E-003  -1.4898429108199519E-003  -1.4884446895610164E-003  -1.4858300729886724E-003  -1.4814477535782899E-003  -1.4746516837032017E-003  -1.4647082303766547E-003  -1.4508057654711260E-003  -1.4320670928827100E-003  -1.4075650324686267E-003  -1.3763413404704638E-003  -1.3374289490032765E-003  -1.2898772651192924E-003  -1.2327800075877739E-003  -1.1653048130854389E-003  -1.0867236556671525E-003  -9.9644303421678919E-004  -8.9403291800728511E-004  -7.7925360218959695E-004  -6.5207988544130455E-004  -5.1272228749605654E-004  -3.6164530609975845E-004  -1.9958290279275225E-004  -2.7551451894035437E-005   1.5313974048750210E-004   3.4088054025006821E-004   5.3375535111268050E-004   7.2954293028580988E-004   9.2572243473163559E-004   1.1194880475093134E-003   1.3077750001882727E-003   1.4873000831103220E-003   1.6546197222659965E-003   1.8062082959576196E-003   1.9385584665249731E-003   2.0483038331795128E-003   2.1323621368269669E-003   2.1880946055735408E-003   2.2134739631477617E-003   2.2072504028554114E-003   2.1691018657530280E-003   2.0997527832278384E-003   2.0010446492559602E-003   1.8759429498982644E-003   1.7284685176531308E-003   1.5635474173866914E-003   1.3867816987315849E-003   1.2041529507082187E-003   1.0216802700095447E-003   8.4506238004771091E-004   6.7933854523072844E-004   5.2860327301842112E-004   3.9580494563435081E-004   2.8264880533588471E-004   1.8961149686318440E-004   1.1605984575151652E-004   6.0453306510320839E-005   2.0599934766519449E-005  -6.0685620083167531E-006  -2.2235692660195917E-005  -3.0479527417256926E-005  -3.3109373795124760E-005  -3.2065875150121383E-005  -2.8880918129353260E-005  -2.4686631030872630E-005  -2.0258968321902637E-005  -1.6080794825849040E-005  -1.2411276198923149E-005  -9.3517202119729041E-006  -6.9017773345166951E-006  -5.0033130431048517E-006  -3.5718519433485603E-006  -2.5171252751330811E-006  -1.7550211194995641E-006  -1.2133581732414627E-006  -8.3362738664425239E-007  -5.7038662427082380E-007  -3.8950569723808069E-007  -2.6603204176091315E-007  -1.8211827882209094E-007  -1.2522464874042340E-007  -8.6666378181592281E-008  -6.0496590023306599E-008  -4.2678423345267311E-008  -3.0488725404797824E-008  -2.2098023961977510E-008  -1.6279813545649725E-008  -1.2212076144030979E-008  -9.3431804457321733E-009  -7.3019719057984542E-009  -5.8378123594951381E-009  -4.7807273448518660E-009  -4.0149661914800023E-009  -3.4614755479266575E-009  -3.0662909943330808E-009  -2.7928681076857089E-009  -2.6170550418381937E-009  -2.5238438866462855E-009
  -1.4716780279457515E-003  -1.4716369645815450E-003  -1.4714224667129092E-003  -1.4707943031725932E-003  -1.4694072929790939E-003  -1.4668136184831236E-003  -1.4624663351909622E-003  -1.4557244397862869E-003  -1.4458599034596607E-003  -1.4320670928827100E-003  -1.4134749754115225E-003  -1.3891624290838017E-003  -1.3581768458070713E-003  -1.3195560285310642E-003  -1.2723531506602644E-003  -1.2156642908377161E-003  -1.1486578121806387E-003  -1.0706046627776350E-003  -9.8090857328414125E-004  -8.7913514531036462E-004  -7.6503896624344572E-004  -6.3858812928042029E-004  -4.9998583228058168E-004  -3.4968900905302204E-004  -1.8842414319515579E-004  -1.7200472078926065E-005   1.6267932428800985E-004   3.4961114102275131E-004   5.4168480066097823E-004   7.3668391081500081E-004   9.3209198903085148E-004   1.1251071863089181E-003   1.3126684096668988E-003   1.4914959229281825E-003   1.6581494948665993E-003   1.8091067608865443E-003   1.9408635688223513E-003   2.0500566123054908E-003   2.1336065820604568E-003   2.1888774255399736E-003   2.2138442413361364E-003   2.2072591179242308E-003   2.1688012652004603E-003   2.0991956114381760E-003   2.0002832454594204E-003   1.8750282471527435E-003   1.7274489890682643E-003   1.5624680285958020E-003   1.3856829340673869E-003   1.2030699828178976E-003   1.0206423374719033E-003   8.4409242455531740E-004   6.7845313986503869E-004   5.2781284809382510E-004   3.9511429156810583E-004   2.8205780665231054E-004   1.8911603135244974E-004   1.1565277083083140E-004   6.0125452520836190E-005   2.0341032196319938E-005  -6.2690792315142976E-006  -2.2388045492113037E-005  -3.0593127577555274E-005  -3.3192533126983129E-005  -3.2125668619429606E-005  -2.8923170525715653E-005  -2.4715993199854740E-005  -2.0279049593449573E-005  -1.6094322782288228E-005  -1.2420261413235913E-005  -9.3576105958618073E-006  -6.9055931527607162E-006  -5.0057588182922085E-006  -3.5734051557707302E-006  -2.5181040316874955E-006  -1.7556340813853721E-006  -1.2137403213547247E-006  -8.3386497778369614E-007  -5.7053420276006475E-007  -3.8959745314366062E-007  -2.6608925718676587E-007  -1.8215413241092954E-007  -1.2524727344497409E-007  -8.6680785005352634E-008  -6.0505866910910603E-008  -4.2684476803553045E-008  -3.0492736754194962E-008  -2.2100729019476242E-008  -1.6281673766483891E-008  -1.2213383341278513E-008  -9.3441209706371890E-009  -7.3026661083450120E-009  -5.8383389649496985E-009  -4.7811386061695393E-009  -4.0152973819358068E-009  -3.4617509663101528E-009  -3.0665278118378002E-009  -2.7930788749448424E-009  -2.6172493652887119E-009  -2.5240295948120881E-009
  -1.4467661661023508E-003  -1.4467255318985075E-003  -1.4465132756364496E-003  -1.4458916752808689E-003  -1.4445191493242576E-003  -1.4419525321888475E-003  -1.4376505189637261E-003  -1.4309786297793284E-003  -1.4212160891825011E-003  -1.4075650324686267E-003  -1.3891624290838017E-003  -1.3650950440906588E-003  -1.3344176363701775E-003  -1.2961744165635512E-003  -1.2494235673774377E-003  -1.1932643833301932E-003  -1.1268663467642580E-003  -1.0494992600491413E-003  -9.6056343893239824E-004  -8.5961896813416575E-004  -7.4641313703139396E-004  -6.2090539354545213E-004  -4.8328943414319701E-004  -3.3401232395901246E-004  -1.7379074478596234E-004  -3.6245415665969380E-006   1.7519235593794948E-004   3.6106382798030802E-004   5.5208689060875929E-004   7.4605160160554984E-004   9.4044728375474850E-004   1.1324773730096976E-003   1.3190856710478989E-003   1.4969970644134068E-003   1.6627757663309822E-003   1.8129037378764876E-003   1.9438810527052227E-003   2.0523485052357741E-003   2.1352306918942000E-003   2.1898951580574377E-003   2.2143201426678936E-003   2.2072602392307593E-003   2.1683963345557385E-003   2.0984540142766159E-003   1.9992738341014383E-003   1.8738180204521150E-003   1.7261017031349433E-003   1.5610428163794869E-003   1.3842330226919632E-003   1.2016416005207510E-003   1.0192738951362822E-003   8.4281403964377340E-004   6.7728654411923148E-004   5.2677168732594842E-004   3.9420479025999502E-004   2.8127973669513778E-004   1.8846389783413412E-004   1.1511711206643998E-004   5.9694148546312296E-005   2.0000525583244080E-005  -6.5327263523533297E-006  -2.2588307689723561E-005  -3.0742406486298666E-005  -3.3301776372194518E-005  -3.2204191019145250E-005  -2.8978638021918100E-005  -2.4754524443114465E-005  -2.0305391249807268E-005  -1.6112060566833000E-005  -1.2432037425028970E-005  -9.3653267739995721E-006  -6.9105891284447583E-006  -5.0089592395656781E-006  -3.5754364004797370E-006  -2.5193832021792176E-006  -1.7564346340611209E-006  -1.2142390564667799E-006  -8.3417481109356135E-007  -5.7072649300303806E-007  -3.8971690148725957E-007  -2.6616366967378455E-007  -1.8220071523836278E-007  -1.2527663710569335E-007  -8.6699461834615132E-008  -6.0517879010858113E-008  -4.2692305280864072E-008  -3.0497917577849638E-008  -2.2104218011810995E-008  -1.6284069774113126E-008  -1.2215064681935718E-008  -9.3453289895851585E-009  -7.3035565085678736E-009  -5.8390134884595065E-009  -4.7816647094451189E-009  -4.0157205508434070E-009  -3.4621024994022059E-009  -3.0668298014504668E-009  -2.7933474501329441E-009  -2.6174968579831663E-009  -2.5242660452668523E-009
  -1.4150279464252456E-003  -1.4149878507988673E-003  -1.4147784076637259E-003  -1.4141650439284687E-003  -1.4128106957480783E-003  -1.4102780373621256E-003  -1.4060328458221478E-003  -1.3994488382324840E-003  -1.3898143624717250E-003  -1.3763413404704638E-003  -1.3581768458070713E-003  -1.3344176363701775E-003  -1.3041278522115157E-003  -1.2663599274212161E-003  -1.2201785594373891E-003  -1.1646873459584574E-003  -1.0990574651671275E-003  -1.0225575739657340E-003  -9.3458396838707897E-004  -8.3469002087775722E-004  -7.2261399494167895E-004  -5.9830452851339811E-004  -4.6194333646367911E-004  -3.1396495134590539E-004  -1.5507353206297260E-004   1.3743139025983089E-005   1.9120242048847403E-004   3.7571853284314128E-004   5.6539783578835436E-004   7.5803878442817123E-004   9.5113827042046448E-004   1.1419066247045162E-003   1.3272940338959569E-003   1.5040314100664212E-003   1.6686887526154845E-003   1.8177536462274718E-003   1.9477316505598606E-003   2.0552688767690817E-003   2.1372949793790220E-003   2.1911821589411604E-003   2.2149127145714848E-003   2.2072444768747191E-003   2.1678604992523588E-003   2.0974872177800651E-003   1.9979645032912243E-003   1.8722521957600952E-003   1.7243612492491445E-003   1.5592036453951959E-003   1.3823634441251995E-003   1.1998009163448273E-003   1.0175113490846037E-003   8.4116820782711987E-004   6.7578521989912141E-004   5.2543227081457144E-004   3.9303514697373258E-004   2.8027944695412262E-004   1.8762578456150026E-004   1.1442891452488960E-004   5.9140205845655686E-005   1.9563346320556653E-005  -6.8711060744745985E-006  -2.2845241289078631E-005  -3.0933855470300633E-005  -3.3441823025442876E-005  -3.2304811145090259E-005  -2.9049682677247698E-005  -2.4803852566328190E-005  -2.0339096632131302E-005  -1.6134744310194484E-005  -1.2447088098645144E-005  -9.3751823962662467E-006  -6.9169659821528146E-006  -5.0130412703771517E-006  -3.5780251580797400E-006  -2.5210120964693798E-006  -1.7574531393412866E-006  -1.2148729612411228E-006  -8.3456820980108882E-007  -5.7097037577927192E-007  -3.8986821919981749E-007  -2.6625781666728723E-007  -1.8225957270276950E-007  -1.2531368506100466E-007  -8.6722990568620859E-008  -6.0532987435922286E-008  -4.2702135139422676E-008  -3.0504411482583471E-008  -2.2108583327371113E-008  -1.6287061965799793E-008  -1.2217160372684247E-008  -9.3468318198830730E-009  -7.3046620948975841E-009  -5.8398494695908436E-009  -4.7823155872734598E-009  -4.0162432193378705E-009  -3.4625360468927666E-009  -3.0672017756639180E-009  -2.7936779315100094E-009  -2.6178011766511267E-009  -2.5245566665924386E-009
  -1.3754860171075586E-003  -1.3754465800661449E-003  -1.3752405769005707E-003  -1.3746372852583477E-003  -1.3733051663045994E-003  -1.3708140378071508E-003  -1.3666383434921565E-003  -1.3601618391673033E-003  -1.3506840594978363E-003  -1.3374289490032765E-003  -1.3195560285310642E-003  -1.2961744165635512E-003  -1.2663599274212161E-003  -1.2291753237960524E-003  -1.1836936134105253E-003  -1.1290240616893530E-003  -1.0643403663320654E-003  -9.8891023606468621E-004  -9.0212546925253498E-004  -8.0353156991514970E-004  -6.9285598791872668E-004  -5.7003422438959162E-004  -4.3523327443426843E-004  -2.8887213521235707E-004  -1.3163932273885237E-004   3.5492548801814572E-005   2.1125511383341886E-004   3.9407573291458603E-004   5.8207268582264856E-004   7.7305517211927535E-004   9.6452978666645896E-004   1.1537157076239833E-003   1.3375713137015466E-003   1.5128352410463718E-003   1.6760848956146358E-003   1.8238150482376963E-003   1.9525382566733616E-003   2.0589074033325674E-003   2.1398585755842484E-003   2.1927698875330096E-003   2.2156287913060770E-003   2.2071972232727052E-003   2.1671609842309654E-003   2.0962475904929972E-003   1.9962960506983932E-003   1.8702631918332668E-003   1.7221546950470720E-003   1.5568750265071811E-003   1.3799986498799714E-003   1.1974744698001038E-003   1.0152850854303116E-003   8.3909051069350551E-004   6.7389088190626494E-004   5.2374299090099039E-004   3.9156061917255090E-004   2.7901894115324628E-004   1.8657007707131336E-004   1.1356240106129636E-004   5.8443025059962822E-005   1.9013358014441459E-005  -7.2966110805849568E-006  -2.3168179230567947E-005  -3.1174368615203380E-005  -3.3617669728482416E-005  -3.2431083617721337E-005  -2.9138787778885478E-005  -2.4865682168032023E-005  -2.0381316172023167E-005  -1.6163137963266599E-005  -1.2465913007301405E-005  -9.3874994697210317E-006  -6.9249285030665507E-006  -5.0181335591570727E-006  -3.5812513519063008E-006  -2.5230398802647055E-006  -1.7587195851820689E-006  -1.2156601961638993E-006  -8.3505610900403419E-007  -5.7127240745635626E-007  -3.9005532627452743E-007  -2.6637403873757994E-007  -1.8233210243689909E-007  -1.2535925310067897E-007  -8.6751872389730838E-008  -6.0551493904174437E-008  -4.2714148919332876E-008  -3.0512329545010569E-008  -2.2113892985935618E-008  -1.6290692268002182E-008  -1.2219696419950659E-008  -9.3486456818513408E-009  -7.3059930236578821E-009  -5.8408532759175898E-009  -4.7830952209124439E-009  -4.0168678550826052E-009  -3.4630531121873033E-009  -3.0676446246707285E-009  -2.7940708255447976E-009  -2.6181625999480229E-009  -2.5249016230045442E-009
