# Version 0.33
# Potential name = chengdu_MMWLY_350   
# L = 0
# S = 0
# J = 0
# Order = 2                   
# K_MAX = 0700 MeV
# For uncoupled channels, e.g., 3P0 (LSJ = 110)
# storage = D(1:N，1:N) (row, column)
# D(i,j)  = <pout(j),L|V|L,pin(i)>
# Normalization
# If V were so weak as to validate the Born approximation, the relation of V
# in 1S0 and the respective scattering length 'a' would have been
# <p|V|p> = 2/pi * a + ... for p->0, in unit of MeV^(-1)
# Momenta are in unit of MeV
# The value of pin and pout, where pin(1:N) = pout(1:N)
  0.10019562929556969       0.52781727614143392        1.2967028434061945        2.4062720368947907        3.8554616649528839        5.6428607528800399        7.7667245295785960        10.224978482702795        13.015221010464529        16.134725976077902        19.580445452310414        23.349012734922155        27.436745649133115        31.839650156114601        36.553424260245549        41.573462215243580        46.894859025992389        52.512415242143049        58.420642039059715        64.613766581288303        71.085737663389921        77.830231622676592        84.840658518102487        92.110168569292739        99.631658849430238        107.39778022546929        115.40094453890066        123.63333202005475        132.08689892870228        140.75338541348742        149.62432358251658        158.69104577721706        167.94469304138295        177.37622377713316        186.97642257932469        196.73590923978898        206.64514791259447        216.69445643137951        226.87401576965237        237.17387963481480        247.58398418653479        258.09415786997380        268.69413135425907        279.37354756649239        290.12197181148883        300.92890196736010        311.78377874697861        322.67599601529719        333.59491115244293        344.52985545245991        355.47014454754009        366.40508884755707        377.32400398470281        388.21622125302139        399.07109803263990        409.87802818851117        420.62645243350761        431.30586864574093        441.90584213002620        452.41601581346521        462.82612036518520        473.12598423034763        483.30554356862046        493.35485208740556        503.26409076021105        513.02357742067534        522.62377622286681        532.05530695861705        541.30895422278297        550.37567641748342        559.24661458651258        567.91310107129766        576.36666797994530        584.59905546109940        592.60221977453068        600.36834115056979        607.88983143070732        615.15934148189751        622.16976837732341        628.91426233661014        635.38623341871175        641.57935796094034        647.48758475785689        653.10514097400755        658.42653778475642        663.44657573975451        668.16034984388534        672.56325435086683        676.65098726507790        680.41955454768959        683.86527402392210        686.98477898953547        689.77502151729720        692.23327547042140        694.35713924711990        696.14453833504717        697.59372796310527        698.70329715659386        699.47218272385862        699.89980437070449     
# Matrix elements start here 
  -4.6689625674201492E-004  -4.6688958213833391E-004  -4.6685471590256114E-004  -4.6675260044498287E-004  -4.6652707989122385E-004  -4.6610519381514213E-004  -4.6539757451639896E-004  -4.6429895820265847E-004  -4.6268882227335720E-004  -4.6043216269965761E-004  -4.5738042724761165E-004  -4.5337262212063296E-004  -4.4823661166623271E-004  -4.4179063328467883E-004  -4.3384505277841763E-004  -4.2420438924916769E-004  -4.1266964338283741E-004  -3.9904096855624489E-004  -3.8312073049414963E-004  -3.6471700782217891E-004  -3.4364759213100513E-004  -3.1974455104695959E-004  -2.9285941979565816E-004  -2.6286908382048050E-004  -2.2968240457411259E-004  -1.9324761946849989E-004  -1.5356051150313115E-004  -1.1067329039952446E-004  -6.4704051400116648E-005  -1.5846577242278307E-005   3.5619878205347391E-005   8.9321338253253377E-005   1.4478106911579747E-004   2.0141362941861673E-004   2.5852204237991681E-004   3.1529926872419329E-004   3.7083523168822364E-004   4.2413061431777936E-004   4.7411847238089410E-004   5.1969434559816425E-004   5.5975497907192031E-004   5.9324498138175184E-004   6.1920977459092950E-004   6.3685210589125457E-004   6.4558830974939096E-004   6.4509959580533681E-004   6.3537308223040961E-004   6.1672728732945132E-004   5.8981748440469547E-004   5.5561778176478399E-004   5.1537895152475475E-004   4.7056369008014799E-004   4.2276380213284478E-004   3.7360631522411728E-004   3.2465729231570821E-004   2.7733273852635469E-004   2.3282529713976948E-004   1.9205344759349653E-004   1.5563695903415429E-004   1.2389892469962590E-004   9.6891406414075832E-005   7.4439114488553928E-005   5.6194028898370158E-005   4.1693579472212790E-005   3.0415834858801204E-005   2.1826787114595281E-005   1.5416840027438942E-005   1.0725598129971194E-005   7.3556871122902557E-006   4.9774352581242171E-006   3.3267762944465564E-006   2.1987777683754980E-006   1.4389013201407494E-006   9.3362216582527318E-007   6.0151231145522892E-007   3.8542108639826154E-007   2.4601800707616547E-007   1.5670999409299655E-007   9.9796159179542844E-008   6.3655212414466533E-008   4.0746921527949117E-008   2.6227140057140544E-008   1.7008599790377684E-008   1.1135759124004155E-008   7.3752539414143373E-009   4.9511527998938345E-009   3.3756865109880068E-009   2.3419639631278887E-009   1.6564255360811188E-009   1.1965136954993810E-009   8.8422117142509293E-010   6.6957932549245109E-010   5.2034651539320698E-010   4.1555644339502016E-010   3.4146949514062193E-010   2.8902262420051537E-010   2.5221724806401742E-010   2.2709804172324151E-010   2.1110784384093542E-010   2.0268449717134190E-010
  -4.6688958213833391E-004  -4.6688290759057621E-004  -4.6684804164692816E-004  -4.6674592704492354E-004  -4.6652040838067368E-004  -4.6609852583929406E-004  -4.6539091246909734E-004  -4.6429230535943321E-004  -4.6268218291900076E-004  -4.6042554224911885E-004  -4.5737383235886072E-004  -4.5336606079802408E-004  -4.4823009335277200E-004  -4.4178416894150941E-004  -4.3383865494975266E-004  -4.2419807211084619E-004  -4.1266342277264682E-004  -3.9903486198413472E-004  -3.8311475713044438E-004  -3.6471118846185190E-004  -3.4364194913198183E-004  -3.1973910824022118E-004  -2.9285420236459985E-004  -2.6286411814649630E-004  -2.2967771804472783E-004  -1.9324324024356458E-004  -1.5355646823367986E-004  -1.1066961189302554E-004  -6.4700766225116559E-005  -1.5843713265131613E-005   3.5622294358567596E-005   8.9323281815199200E-005   1.4478251787941414E-004   2.0141456452022204E-004   2.5852244915585201E-004   3.1529913762481801E-004   3.7083455922275904E-004   4.2412940399183443E-004   4.7411673557595769E-004   5.1969210233031825E-004   5.5975225855690522E-004   5.9324182232740755E-004   6.1920622513799502E-004   6.3684822313157851E-004   6.4558415876853742E-004   6.4509524822492070E-004   6.3536861426368449E-004   6.1672277740930500E-004   5.8981301049199791E-004   5.5561341849105121E-004   5.1537476735941373E-004   4.7055974473235950E-004   4.2276014439531786E-004   3.7360298143887158E-004   3.2465430559020956E-004   2.7733010875815917E-004   2.3282302182777077E-004   1.9205151333529717E-004   1.5563534354376266E-004   1.2389759913704942E-004   9.6890337804160542E-005   7.4438268021003579E-005   5.6193369939785547E-005   4.1693075175840442E-005   3.0415455318315358E-005   2.1826506064856908E-005   1.5416635140266759E-005   1.0725450982339062E-005   7.3555829173403871E-006   4.9773624481710788E-006   3.3267260336929083E-006   2.1987434559159149E-006   1.4388781250788876E-006   9.3360661904903497E-007   6.0150196459774608E-007   3.8541423843730736E-007   2.4601349271584923E-007   1.5670702486718977E-007   9.9794207265432316E-008   6.3653927627402143E-008   4.0746073214310916E-008   2.6226577129238819E-008   1.7008223653999331E-008   1.1135505574458624E-008   7.3750811859613331E-009   4.9510336014421397E-009   3.3756030691227647E-009   2.3419045945275697E-009   1.6563825281696883E-009   1.1964819204169245E-009   8.8419719065855985E-010   6.6956081036937337E-010   5.2033187073386498E-010   4.1554456189848336E-010   3.4145959603264786E-010   2.8901414631205463E-010   2.5220977814178193E-010   2.2709126554975668E-010   2.1110151204852326E-010   2.0267840040573692E-010
  -4.6685471590256114E-004  -4.6684804164692816E-004  -4.6681317722926995E-004  -4.6671106709653170E-004  -4.6648555830253386E-004  -4.6606369422542222E-004  -4.6535611182424620E-004  -4.6425755279403216E-004  -4.6264750081557261E-004  -4.6039095889380309E-004  -4.5733938253098949E-004  -4.5333178631005717E-004  -4.4819604353228562E-004  -4.4175040104640944E-004  -4.3380523450747160E-004  -4.2416507317199565E-004  -4.1263092806942295E-004  -3.9900296298368571E-004  -3.8308355397330906E-004  -3.6468078977535616E-004  -3.4361247170796162E-004  -3.1971067656544599E-004  -2.9282694799058717E-004  -2.6283817888290013E-004  -2.2965323695707936E-004  -1.9322036443192401E-004  -1.5353534736404540E-004  -1.1065039644867619E-004  -6.4683605441345771E-005  -1.5828752709247319E-005   3.5634915598125520E-005   8.9333434359460326E-005   1.4479008572373529E-004   2.0141944912491347E-004   2.5852457392116167E-004   3.1529845266538878E-004   3.7083104630333537E-004   4.2412308142465108E-004   4.7410766281503211E-004   5.1968038393475921E-004   5.5973804714268835E-004   5.9322532009503637E-004   6.1918768356318868E-004   6.3682794044853585E-004   6.4556247496872984E-004   6.4507253744256073E-004   6.3534527461856644E-004   6.1669921861600189E-004   5.8978963979929803E-004   5.5559062575591682E-004   5.1535291024944240E-004   4.7053913515351237E-004   4.2274103722857084E-004   3.7358556652572787E-004   3.2463870363797225E-004   2.7731637146872622E-004   2.3281113613539091E-004   1.9204140922852563E-004   1.5562690460542395E-004   1.2389067471349854E-004   9.6884755640724895E-005   7.4433846276736240E-005   5.6189927697869452E-005   4.1690440852528761E-005   3.0413472690003020E-005   2.1825037928664917E-005   1.5415564859074310E-005   1.0724682318642051E-005   7.3550386281236082E-006   4.9769821066129546E-006   3.3264634837089539E-006   2.1985642159630687E-006   1.4387569597186701E-006   9.3352540647723497E-007   6.0144791513805465E-007   3.8537846636168918E-007   2.4598991080136399E-007   1.5669151435841018E-007   9.9784010944445864E-008   6.3647216214951316E-008   4.0741641832172234E-008   2.6223636532240472E-008   1.7006258810090925E-008   1.1134181094061216E-008   7.3741787540441161E-009   4.9504109381245377E-009   3.3751671894096951E-009   2.3415944676194923E-009   1.6561578654668149E-009   1.1963159352415777E-009   8.8407192106572885E-010   6.6946409194806670E-010   5.2025537065885419E-010   4.1548249590299166E-010   3.4140788554482329E-010   2.8896985992344969E-010   2.5217075711935473E-010   2.2705586849912736E-010   2.1106843633466371E-010   2.0264655241373624E-010
  -4.6675260044498287E-004  -4.6674592704492354E-004  -4.6671106709653170E-004  -4.6660897005324832E-004  -4.6638349016695337E-004  -4.6596168016744080E-004  -4.6525418846742050E-004  -4.6415577025088890E-004  -4.6254592463940809E-004  -4.6028967192827518E-004  -4.5723848663687435E-004  -4.5323140394662253E-004  -4.4809631916896566E-004  -4.4165150237892410E-004  -4.3370735345132992E-004  -4.2406842660546980E-004  -4.1253575829759047E-004  -3.9890953789485021E-004  -3.8299216685883433E-004  -3.6459175878328658E-004  -3.4352613889928918E-004  -3.1962740653895713E-004  -2.9274712603730244E-004  -2.6276220862377395E-004  -2.2958153740764475E-004  -1.9315336642522680E-004  -1.5347348924938688E-004  -1.1059411897003884E-004  -6.4633345688482643E-005  -1.5784937029733452E-005   3.5671879831695595E-005   8.9363168211618643E-005   1.4481224943017391E-004   2.0143375407355468E-004   2.5853079575893193E-004   3.1529644528213675E-004   3.7082075628795371E-004   4.2410456240896642E-004   4.7408108892992213E-004   5.1964606141814956E-004   5.5969642298488729E-004   5.9317698651294311E-004   6.1913337709427097E-004   6.3676853457950199E-004   6.4549896548749420E-004   6.4500602013617143E-004   6.3527691552408790E-004   6.1663021772942906E-004   5.8972118989398061E-004   5.5552386866616877E-004   5.1528889353059958E-004   4.7047877233068560E-004   4.2268507480795661E-004   3.7353456052146173E-004   3.2459300757944854E-004   2.7727613677803044E-004   2.3277632453932182E-004   1.9201181566821631E-004   1.5560218810657699E-004   1.2387039402857034E-004   9.6868406256433342E-005   7.4420895603602519E-005   5.6179845853691782E-005   4.1682725290928063E-005   3.0407665852785352E-005   2.1820737967069334E-005   1.5412430158861419E-005   1.0722431013407084E-005   7.3534444838042369E-006   4.9758681415126358E-006   3.3256945131703554E-006   2.1980392484474215E-006   1.4384020842367847E-006   9.3328754687286952E-007   6.0128961230053203E-007   3.8527369528665958E-007   2.4592084290309663E-007   1.5664608640747833E-007   9.9754147456536344E-008   6.3627559502248114E-008   4.0728662985645427E-008   2.6215023970661910E-008   1.7000504081779690E-008   1.1130301893375352E-008   7.3715356691904676E-009   4.9485872528580067E-009   3.3738905647856003E-009   2.3406861537078562E-009   1.6554998631010010E-009   1.1958297903353490E-009   8.8370502583231793E-010   6.6918081869377458E-010   5.2003131381910422E-010   4.1530071425081382E-010   3.4125643357208077E-010   2.8884015198740487E-010   2.5205647062469574E-010   2.2695219605580494E-010   2.1097156272655694E-010   2.0255327461240643E-010
  -4.6652707989122385E-004  -4.6652040838067368E-004  -4.6648555830253386E-004  -4.6638349016695337E-004  -4.6615807412252381E-004  -4.6573638355190932E-004  -4.6502909216292448E-004  -4.6393098492962504E-004  -4.6232159507416358E-004  -4.6006598107726978E-004  -4.5701565945735565E-004  -4.5300971088744254E-004  -4.4787607928844006E-004  -4.4143308603089224E-004  -4.3349118447965013E-004  -4.2385498398532842E-004  -4.1232557716087829E-004  -3.9870320987625541E-004  -3.8279033969865407E-004  -3.6439513512150328E-004  -3.4333547419210345E-004  -3.1944350602248497E-004  -2.9257084065228761E-004  -2.6259442979892063E-004  -2.2942319057714101E-004  -1.9300540312878215E-004  -1.5333687763257101E-004  -1.1046983247259620E-004  -6.4522349684246636E-005  -1.5688173171460600E-005   3.5753511796266521E-005   8.9428831339046226E-005   1.4486119328982342E-004   2.0146534121041155E-004   2.5854453064267139E-004   3.1529200519340647E-004   3.7079802324745115E-004   4.2406365485845405E-004   4.7402239145226833E-004   5.1957025037531143E-004   5.5960448561215531E-004   5.9307023080049895E-004   6.1901342978548548E-004   6.3663732488955190E-004   6.4535869275026162E-004   6.4485910454605932E-004   6.3512593243007375E-004   6.1647781748036014E-004   5.8957000688277016E-004   5.5537642477580698E-004   5.1514750241186307E-004   4.7034545160635458E-004   4.2256147321339328E-004   3.7342190606183350E-004   3.2449208104333351E-004   2.7718727257218967E-004   2.3269943810350503E-004   1.9194645407519348E-004   1.5554759824409025E-004   1.2382560132050385E-004   9.6832296399208654E-005   7.4392292287079524E-005   5.6157578750443387E-005   4.1665684451348790E-005   3.0394840692256065E-005   2.1811240944780266E-005   1.5405506771590667E-005   1.0717458720169183E-005   7.3499236158650167E-006   4.9734078110658155E-006   3.3239961470360323E-006   2.1968797936476964E-006   1.4376182988412101E-006   9.3276220544398566E-007   6.0093998168638861E-007   3.8504229603190458E-007   2.4576829838464023E-007   1.5654575351536191E-007   9.9688190510615932E-008   6.3584145409398862E-008   4.0699997732746421E-008   2.6196002159384190E-008   1.6987794121047851E-008   1.1121734247747343E-008   7.3656981244244458E-009   4.9445594436887790E-009   3.3710709998545721E-009   2.3386800437049802E-009   1.6540465936819592E-009   1.1947560869327021E-009   8.8289469833309198E-010   6.6855517941671695E-010   5.1953646040189810E-010   4.1489923014608213E-010   3.4092193582749467E-010   2.8855367828182681E-010   2.5180405682453654E-010   2.2672322452339054E-010   2.1075760714816508E-010   2.0234726075721563E-010
  -4.6610519381514213E-004  -4.6609852583929406E-004  -4.6606369422542222E-004  -4.6596168016744080E-004  -4.6573638355190932E-004  -4.6531491639680705E-004  -4.6460799972952797E-004  -4.6351047425248991E-004  -4.6190193698006084E-004  -4.5964751782693811E-004  -4.5659881187997656E-004  -4.5259498491476607E-004  -4.4746407178815909E-004  -4.4102448983252527E-004  -4.3308679248117124E-004  -4.2345569222527866E-004  -4.1193238673859498E-004  -3.9831722760166725E-004  -3.8241277735186641E-004  -3.6402730719961492E-004  -3.4297879401439825E-004  -3.1909948005296655E-004  -2.9224106087818487E-004  -2.6228056397338366E-004  -2.2912697009314030E-004  -1.9272860824023609E-004  -1.5308131968167003E-004  -1.1023733272598290E-004  -6.4314714335780409E-005  -1.5507164050091544E-005   3.5906211250650156E-005   8.9551655180687153E-005   1.4495273742853930E-004   2.0152441292644631E-004   2.5857020275320578E-004   3.1528367384324983E-004   3.7075546765030234E-004   4.2398709657338234E-004   4.7391254999046024E-004   5.1942839116851137E-004   5.5943245573702657E-004   5.9287047746533626E-004   6.1878899658285975E-004   6.3639182133133328E-004   6.4509623373237932E-004   6.4458421818407836E-004   6.3484343712151971E-004   6.1619267193421421E-004   5.8928713994110642E-004   5.5510055476236928E-004   5.1488295803795749E-004   4.7009600770826407E-004   4.2233021443655277E-004   3.7321112986763013E-004   3.2430324815773694E-004   2.7702100855191191E-004   2.3255558463260292E-004   1.9182416364015920E-004   1.5544546170344808E-004   1.2374179519202846E-004   9.6764735787494189E-005   7.4338776297235714E-005   5.6115917693349372E-005   4.1633801613989257E-005   3.0370845279856711E-005   2.1793472381333593E-005   1.5392553396114813E-005   1.0708155773136774E-005   7.3433362307594150E-006   4.9688046488786693E-006   3.3208185875385184E-006   2.1947105130007884E-006   1.4361518779123321E-006   9.3177932042930729E-007   6.0028584258475437E-007   3.8460936150521075E-007   2.4548289672324292E-007   1.5635803683698282E-007   9.9564789214370944E-008   6.3502920434893407E-008   4.0646366927867296E-008   2.6160413624853088E-008   1.6964014651661771E-008   1.1105704777288035E-008   7.3547764896503677E-009   4.9370237008092696E-009   3.3657957982535798E-009   2.3349267591135548E-009   1.6513276344614374E-009   1.1927472683793403E-009   8.8137863691134632E-010   6.6738465607523924E-010   5.1861062770185718E-010   4.1414808445041366E-010   3.4029611657156367E-010   2.8801770836941974E-010   2.5133181040645236E-010   2.2629483680013214E-010   2.1035731312648660E-010   2.0196182509126879E-010
  -4.6539757451639896E-004  -4.6539091246909734E-004  -4.6535611182424620E-004  -4.6525418846742050E-004  -4.6502909216292448E-004  -4.6460799972952797E-004  -4.6390171156112650E-004  -4.6280516183042878E-004  -4.6119805454754173E-004  -4.5894563944068095E-004  -4.5589964337757583E-004  -4.5189937487565598E-004  -4.4677302131992627E-004  -4.4033916100366330E-004  -4.3240851521294209E-004  -4.2278596944941751E-004  -4.1127289762400688E-004  -3.9766982865119412E-004  -3.8177950116804094E-004  -3.6341035871354356E-004  -3.4238054396121129E-004  -3.1852245545677690E-004  -2.9168793227526767E-004  -2.6175412905125612E-004  -2.2863013335408237E-004  -1.9226435621235089E-004  -1.5265269110493611E-004  -1.0984738304647133E-004  -6.3966473766004011E-005  -1.5203588421418886E-005   3.6162297576557536E-005   8.9757624926254287E-005   1.4510623483428840E-004   2.0162343683119942E-004   2.5861319747806665E-004   3.1526962615494925E-004   3.7068400699553548E-004   4.2385859453147011E-004   4.7372821356708055E-004   5.1919034327227182E-004   5.5914379511176203E-004   5.9253530970064311E-004   6.1841242782071184E-004   6.3597990714728487E-004   6.4465587756730989E-004   6.4412301671194750E-004   6.3436947398993093E-004   6.1571426615401512E-004   5.8881256037600187E-004   5.5463771705109208E-004   5.1443912413260068E-004   4.6967751029874591E-004   4.2194222826411423E-004   3.7285750901172392E-004   3.2398644291680898E-004   2.7674206808353801E-004   2.3231424302467261E-004   1.9161899875550219E-004   1.5527410920829112E-004   1.2360119566124381E-004   9.6651391269415366E-005   7.4248994269775627E-005   5.6046024469933565E-005   4.1580313076332510E-005   3.0330589245512480E-005   2.1763662919746551E-005   1.5370822189406561E-005   1.0692548733264196E-005   7.3322849610797135E-006   4.9610822085708617E-006   3.3154878026141059E-006   2.1910712585240938E-006   1.4336917676460039E-006   9.3013040681807053E-007   5.9918844350502457E-007   3.8388306154201946E-007   2.4500410168509881E-007   1.5604312036646563E-007   9.9357769534483472E-008   6.3366656502674730E-008   4.0556395399627854E-008   2.6100710046322866E-008   1.6924122090541065E-008   1.1078813683753410E-008   7.3364543372101553E-009   4.9243817383496111E-009   3.3569461278793939E-009   2.3286302597381353E-009   1.6467663198793353E-009   1.1893772852076758E-009   8.7883530210261659E-010   6.6542099486414298E-010   5.1705745849802915E-010   4.1288796928783768E-010   3.3924624831855987E-010   2.8711857079596962E-010   2.5053957492185761E-010   2.2557617833681679E-010   2.0968578443986272E-010   2.0131522266444769E-010
  -4.6429895820265847E-004  -4.6429230535943321E-004  -4.6425755279403216E-004  -4.6415577025088890E-004  -4.6393098492962504E-004  -4.6351047425248991E-004  -4.6280516183042878E-004  -4.6171012694992762E-004  -4.6010523973421321E-004  -4.5785593592602040E-004  -4.5481414698972779E-004  -4.5081940306044833E-004  -4.4570012833992857E-004  -4.3927515103783874E-004  -4.3135545306632124E-004  -4.2174618857291691E-004  -4.1024900513877852E-004  -3.9666470706847931E-004  -3.8079630649186572E-004  -3.6245251460591439E-004  -3.4145173163255510E-004  -3.1762659891226201E-004  -2.9082917849431139E-004  -2.6093682259816788E-004  -2.2785878481042620E-004  -1.9154360368908138E-004  -1.5198725394409966E-004  -1.0924200667622604E-004  -6.3425864556350647E-005  -1.4732337338771982E-005   3.6559803653675861E-005   9.0077305137581691E-005   1.4534442996910952E-004   2.0177703838959553E-004   2.5867978885207128E-004   3.1524763324975022E-004   3.7057285392745718E-004   4.2365885810713281E-004   4.7344176819112097E-004   5.1882048594179063E-004   5.5869533849594341E-004   5.9201463029421881E-004   6.1782745615320120E-004   6.3534004836713199E-004   6.4397185366751224E-004   6.4340662633831955E-004   6.3363327206588630E-004   6.1497117307200526E-004   5.8807541854292815E-004   5.5391882015634998E-004   5.1374975048805688E-004   4.6902749483953014E-004   4.2133960738333131E-004   3.7230826786838656E-004   3.2349438636923643E-004   2.7630882482122148E-004   2.3193939927940795E-004   1.9130034503620570E-004   1.5500797273815562E-004   1.2338282418051247E-004   9.6475351522518017E-005   7.4109550902226769E-005   5.5937471470603731E-005   4.1497238938128058E-005   3.0268067005732304E-005   2.1717365569108699E-005   1.5337071366286164E-005   1.0668309457926169E-005   7.3151213019634082E-006   4.9490885710418035E-006   3.3072086436820813E-006   2.1854192055213195E-006   1.4298710305175488E-006   9.2756952630908996E-007   5.9748410886284043E-007   3.8275507163995174E-007   2.4426050442285729E-007   1.5555403743177088E-007   9.9036257079485618E-008   6.3155031896486137E-008   4.0416665463165781E-008   2.6007987812112144E-008   1.6862167335079358E-008   1.1037050804082624E-008   7.3079993919850217E-009   4.9047483575878121E-009   3.3432023204443203E-009   2.3188516176930109E-009   1.6396824778123093E-009   1.1841436182759041E-009   8.7488544456850572E-010   6.6237138664697608E-010   5.1464535524830407E-010   4.1093098634858987E-010   3.3761578388837892E-010   2.8572219459152506E-010   2.4930922004417153E-010   2.2446009016662525E-010   2.0864288981169571E-010   2.0031103903866122E-010
  -4.6268882227335720E-004  -4.6268218291900076E-004  -4.6264750081557261E-004  -4.6254592463940809E-004  -4.6232159507416358E-004  -4.6190193698006084E-004  -4.6119805454754173E-004  -4.6010523973421321E-004  -4.5850360611195378E-004  -4.5625886204219611E-004  -4.5322323884683748E-004  -4.4923659147241607E-004  -4.4412769121950638E-004  -4.3771573261163843E-004  -4.2981207959221770E-004  -4.2022228012069616E-004  -4.0874838298615940E-004  -3.9519159625915065E-004  -3.7935533309631334E-004  -3.6104869721390487E-004  -3.4009046658072352E-004  -3.1631363870260760E-004  -2.8957060278078054E-004  -2.5973900100191138E-004  -2.2672833066697393E-004  -1.9048731763664819E-004  -1.5101205604547979E-004  -1.0835485555340965E-004  -6.2633661847382761E-005  -1.4041815715149517E-005   3.7142210575712240E-005   9.0545612319615728E-005   1.4569327057082769E-004   2.0200185308590925E-004   2.5877703292230829E-004   3.1521499750556650E-004   3.7040949307779467E-004   4.2336561732536247E-004   4.7302139563364706E-004   5.1827781605103289E-004   5.5803742848754357E-004   5.9125083074849168E-004   6.1696939662193016E-004   6.3440152086876645E-004   6.4296858126713604E-004   6.4235591086461556E-004   6.3255352424577841E-004   6.1388133938627271E-004   5.8699433089164847E-004   5.5286450554001211E-004   5.1273874667890577E-004   4.6807422276666315E-004   4.2045585034313458E-004   3.7150280102124988E-004   3.2277278753598871E-004   2.7567348061122447E-004   2.3138970123634192E-004   1.9083305151768070E-004   1.5461769645926354E-004   1.2306259506573671E-004   9.6217201074415965E-005   7.3905067826561294E-005   5.5778287699354662E-005   4.1375418445631189E-005   3.0176384460593356E-005   2.1649475542756061E-005   1.5287579710309654E-005   1.0632765556350154E-005   7.2899530377901016E-006   4.9315015498525706E-006   3.2950684494176984E-006   2.1771313197672362E-006   1.4242685176135620E-006   9.2381441114085419E-007   5.9498498880361953E-007   3.8110107042024641E-007   2.4317015217553148E-007   1.5483688737010561E-007   9.8564819840597153E-008   6.2844725405044471E-008   4.0211779201926416E-008   2.5872029424678981E-008   1.6771323477247577E-008   1.0975814322886172E-008   7.2662763008487278E-009   4.8759602704645789E-009   3.3230500565383032E-009   2.3045134236066397E-009   1.6292956252487179E-009   1.1764696423243711E-009   8.6909389062221653E-010   6.5789984674292208E-010   5.1110857229841640E-010   4.0806153363122810E-010   3.3522509563834444E-010   2.8367474268686351E-010   2.4750519990196899E-010   2.2282361554131065E-010   2.0711373642288746E-010   1.9883864627848515E-010
  -4.6043216269965761E-004  -4.6042554224911885E-004  -4.6039095889380309E-004  -4.6028967192827518E-004  -4.6006598107726978E-004  -4.5964751782693811E-004  -4.5894563944068095E-004  -4.5785593592602040E-004  -4.5625886204219611E-004  -4.5402050822580657E-004  -4.5099352605962751E-004  -4.4701822574044211E-004  -4.4192386507879917E-004  -4.3553015207091115E-004  -4.2764898620375401E-004  -4.1808646754472534E-004  -4.0664520742107269E-004  -3.9312698010130116E-004  -3.7733576118379180E-004  -3.5908120499073698E-004  -3.3818261948103865E-004  -3.1447350198636384E-004  -2.8780670094151825E-004  -2.5806026570306486E-004  -2.2514403594266493E-004  -1.8900700082145585E-004  -1.4964542259487284E-004  -1.0711166561902432E-004  -6.1523596235395217E-005  -1.3074318758167611E-005   3.7958113567525546E-005   9.1201524885476835E-005   1.4618166312916833E-004   2.0231632859774918E-004   2.5891261748109840E-004   3.1516845032920644E-004   3.7017962691697167E-004   4.2295361632921358E-004   4.7243111348470421E-004   5.1751603309212321E-004   5.5711404315216461E-004   5.9017895853230909E-004   6.1576534982251980E-004   6.3308464507480554E-004   6.4156093064446622E-004   6.4088175390489776E-004   6.3103868458937759E-004   6.1235239179250884E-004   5.8547768896060129E-004   5.5138545338180990E-004   5.1132047902348603E-004   4.6673696466441382E-004   4.1921612674440775E-004   3.7037291718966569E-004   3.2176056378716272E-004   2.7478226104657390E-004   2.3061862900496035E-004   1.9017757653165047E-004   1.5407025934785772E-004   1.2261341673026069E-004   9.5855102390137489E-005   7.3618248995436857E-005   5.5555009948057317E-005   4.1204549356079108E-005   3.0047788766284552E-005   2.1554252409619333E-005   1.5218162796179331E-005   1.0582912091769172E-005   7.2546525636937574E-006   4.9068345300186507E-006   3.2780410921976223E-006   2.1655071304842658E-006   1.4164107500188329E-006   9.1854772955861526E-007   5.9147990426231014E-007   3.7878130074029156E-007   2.4164091932193926E-007   1.5383108030875917E-007   9.7903629564993295E-008   6.2409522829934265E-008   3.9924428974338583E-008   2.5681350402831429E-008   1.6643917215652726E-008   1.0889931993571356E-008   7.2077611215851216E-009   4.8355861161206647E-009   3.2947873901741522E-009   2.2844047929874895E-009   1.6147286006598100E-009   1.1657073134804116E-009   8.6097157313982038E-010   6.5162878479968334E-010   5.0614845888424308E-010   4.0403731484273468E-010   3.3187231711533956E-010   2.8080333320936715E-010   2.4497518896012477E-010   2.2052857699442657E-010   2.0496920928514427E-010   1.9677372238609798E-010
  -4.5738042724761165E-004  -4.5737383235886072E-004  -4.5733938253098949E-004  -4.5723848663687435E-004  -4.5701565945735565E-004  -4.5659881187997656E-004  -4.5589964337757583E-004  -4.5481414698972779E-004  -4.5322323884683748E-004  -4.5099352605962751E-004  -4.4797822854231075E-004  -4.4401827216905917E-004  -4.3894357274401998E-004  -4.3257453277887855E-004  -4.2472377620150629E-004  -4.1519815001930360E-004  -4.0380102672365987E-004  -3.9033494683438964E-004  -3.7460464727464974E-004  -3.5642052784786690E-004  -3.3560261427804060E-004  -3.1198508102354760E-004  -2.8542139888360193E-004  -2.5579016926858097E-004  -2.2300169632224516E-004  -1.8700532673595553E-004  -1.4779755149665446E-004  -1.0543081014008999E-004  -6.0022862670305920E-005  -1.1766494241101464E-005   3.9060808345459086E-005   9.2087719923695664E-005   1.4684116157022539E-004   2.0274046660121738E-004   2.5909465784028146E-004   3.1510400233862091E-004   3.6986708031328127E-004   4.2239457175106813E-004   4.7163078617371446E-004   5.1648360102369249E-004   5.5586290616979140E-004   5.8872687225468333E-004   6.1413439808230335E-004   6.3130101838029633E-004   6.3965448637191597E-004   6.3888534695408466E-004   6.2898727476411371E-004   6.1028195510107056E-004   5.8342398241057305E-004   5.4938270394946248E-004   5.0940008412093734E-004   4.6492630043404835E-004   4.1753755933450227E-004   3.6884309952199849E-004   3.2039007667811789E-004   2.7357562528795962E-004   2.2957467827069663E-004   1.8929014495620226E-004   1.5332910765338036E-004   1.2200530125923485E-004   9.5364884889110842E-005   7.3229951714325254E-005   5.5252738483531236E-005   4.0973230842595177E-005   2.9873700835371782E-005   2.1425344310675869E-005   1.5124190749538899E-005   1.0515424409893294E-005   7.2068660198289065E-006   4.8734428850333844E-006   3.2549914305711982E-006   2.1497717850460885E-006   1.4057739936137136E-006   9.1141848283533054E-007   5.8673528080749504E-007   3.7564119035197562E-007   2.3957091818603974E-007   1.5246960840621296E-007   9.7008640721605774E-008   6.1820435197962714E-008   3.9535475727256710E-008   2.5423251414048828E-008   1.6471463793755635E-008   1.0773684756522149E-008   7.1285574579600145E-009   4.7809376216360421E-009   3.2565325797914885E-009   2.2571869500200980E-009   1.5950116171127381E-009   1.1511401692718382E-009   8.4997779946317024E-010   6.4314075843876482E-010   4.9943484805143182E-010   3.9859046758482844E-010   3.2733428396297722E-010   2.7691684599120414E-010   2.4155079312991316E-010   2.1742222174940451E-010   2.0206657454354525E-010   1.9397883232806772E-010
  -4.5337262212063296E-004  -4.5336606079802408E-004  -4.5333178631005717E-004  -4.5323140394662253E-004  -4.5300971088744254E-004  -4.5259498491476607E-004  -4.5189937487565598E-004  -4.5081940306044833E-004  -4.4923659147241607E-004  -4.4701822574044211E-004  -4.4401827216905917E-004  -4.4007846525213201E-004  -4.3502958506152177E-004  -4.2869294644383340E-004  -4.2088212509873435E-004  -4.1140494952457765E-004  -4.0006579259085657E-004  -3.8666820211587504E-004  -3.7101791611720078E-004  -3.5292631496750172E-004  -3.3221436884435621E-004  -3.0871714355681793E-004  -2.8228892956524846E-004  -2.5280905577130554E-004  -2.2018843887390988E-004  -1.8437689765180666E-004  -1.4537122588229549E-004  -1.0322396394741857E-004  -5.8052733879719316E-005  -1.0049902780835478E-005   4.0507786080041619E-005   9.3250125229268812E-005   1.4770557788417328E-004   2.0329549318609487E-004   2.5933142784245614E-004   3.1501673534438716E-004   3.6945365336540524E-004   4.2165708571947967E-004   4.7057609685048803E-004   5.1512377703927356E-004   5.5421556976280469E-004   5.8681537524539018E-004   6.1198778539244816E-004   6.2895373635794469E-004   6.3714580399303750E-004   6.3625847510939454E-004   6.2628819189868576E-004   6.0755797500838121E-004   5.8072212941538692E-004   5.4674798846783817E-004   5.0687379346630538E-004   4.6254443157169836E-004   4.1532951872695102E-004   3.6683077856515187E-004   3.1858738011207631E-004   2.7198848753514921E-004   2.2820155432974360E-004   1.8812291510812923E-004   1.5235429582917122E-004   1.2120548125648566E-004   9.4720140075729947E-005   7.2719262707263610E-005   5.4855196796376425E-005   4.0669009613267444E-005   2.9644750332994877E-005   2.1255814078717508E-005   1.5000607433158025E-005   1.0426672018816555E-005   7.1440231886800797E-006   4.8295309396245045E-006   3.2246801468213386E-006   2.1290793721032972E-006   1.3917865189333011E-006   9.0204352866859226E-007   5.8049616809186862E-007   3.7151203017352145E-007   2.3684894842859073E-007   1.5067934285533569E-007   9.5831786643632595E-008   6.1045828431407473E-008   3.9024034970483139E-008   2.5083875551057068E-008   1.6244705413740588E-008   1.0620832724663579E-008   7.0244142235458023E-009   4.7090818967893785E-009   3.2062327197895902E-009   2.2213993853628228E-009   1.5690867341727454E-009   1.1319866400674051E-009   8.3552275572639361E-010   6.3198041040744155E-010   4.9060759140477110E-010   3.9142881034256117E-010   3.2136757415990312E-010   2.7180681439991654E-010   2.3704833623737271E-010   2.1333793561221458E-010   1.9825014685331299E-010   1.9030407080129088E-010
  -4.4823661166623271E-004  -4.4823009335277200E-004  -4.4819604353228562E-004  -4.4809631916896566E-004  -4.4787607928844006E-004  -4.4746407178815909E-004  -4.4677302131992627E-004  -4.4570012833992857E-004  -4.4412769121950638E-004  -4.4192386507879917E-004  -4.3894357274401998E-004  -4.3502958506152177E-004  -4.3001378989207897E-004  -4.2371867164011441E-004  -4.1595902632598949E-004  -4.0654394113616205E-004  -3.9527907217268347E-004  -3.8196925974932927E-004  -3.6642152686663427E-004  -3.4844851304192953E-004  -3.2787240178291103E-004  -3.0452940461803097E-004  -2.7827486623549204E-004  -2.4898905192750296E-004  -2.1658366763243367E-004  -1.8100914132333871E-004  -1.4226265877552240E-004  -1.0039689310538283E-004  -5.5529292318135643E-005  -7.8516896000872284E-006   4.2360124003460570E-005   9.4737374154518902E-005   1.4881050275611992E-004   2.0400344643308529E-004   2.5963101514061854E-004   3.1490052562900398E-004   3.6891891246349992E-004   4.2070650390590297E-004   4.6921847097638894E-004   5.1337459855091460E-004   5.5209746215092461E-004   5.8435831974734285E-004   6.0922907377090516E-004   6.2593759590292447E-004   6.3392265378897595E-004   6.3288379462152363E-004   6.2282101254716444E-004   6.0405904075431648E-004   5.7725181017122804E-004   5.4336406577088327E-004   5.0362926593336779E-004   4.5948550282670880E-004   4.1249392846756856E-004   3.6424661604305200E-004   3.1627247933018452E-004   2.6995044897202267E-004   2.2643837595064662E-004   1.8662415460418680E-004   1.5110263544248473E-004   1.2017853362143819E-004   9.3892322552318827E-005   7.2063579067287642E-005   5.4344795321244226E-005   4.0278429194210997E-005   2.9350813144984216E-005   2.1038167253506005E-005   1.4841951060679811E-005   1.0312733526036074E-005   7.0633481627474691E-006   4.7731594856102684E-006   3.1857689761972437E-006   2.1025165186135210E-006   1.3738310504401362E-006   8.9000923428799818E-007   5.7248734739648169E-007   3.6621171199196135E-007   2.3335498633149877E-007   1.4838135757637030E-007   9.4321193500735703E-008   6.0051564933133020E-008   3.8367570731220904E-008   2.4648270975049586E-008   1.5953653281496442E-008   1.0424643645589869E-008   6.8907451115027886E-009   4.6168549179315644E-009   3.1416732123504461E-009   2.1754666170306805E-009   1.5358127701943577E-009   1.1074036882631137E-009   8.1697026017014386E-010   6.1765659911147636E-010   4.7927824761919127E-010   3.8223721479789560E-010   3.1370965308635277E-010   2.6524840724458718E-010   2.3126972607012116E-010   2.0809602919916099E-010   1.9335202444334362E-010   1.8558777022428813E-010
  -4.4179063328467883E-004  -4.4178416894150941E-004  -4.4175040104640944E-004  -4.4165150237892410E-004  -4.4143308603089224E-004  -4.4102448983252527E-004  -4.4033916100366330E-004  -4.3927515103783874E-004  -4.3771573261163843E-004  -4.3553015207091115E-004  -4.3257453277887855E-004  -4.2869294644383340E-004  -4.2371867164011441E-004  -4.1747566127826462E-004  -4.0978024394849611E-004  -4.0044308800466795E-004  -3.8927146205684749E-004  -3.7607183117315798E-004  -3.6065283436962834E-004  -3.4282869548282220E-004  -3.2242312557746326E-004  -2.9927377957966039E-004  -2.7323733134718489E-004  -2.4419522789123675E-004  -2.1206017240976596E-004  -1.7678336411592845E-004  -1.3836248705266014E-004  -9.6850386470302913E-005  -5.2364296373979559E-005  -5.0953827452707981E-006   4.4681757483841251E-005   9.6600149921716606E-005   1.5019272368288819E-004   2.0488666949201872E-004   2.6000088995119328E-004   3.1474768860023303E-004   3.6823991052677748E-004   4.1950471042711645E-004   4.6750494430136680E-004   5.1116882191143734E-004   5.4942789388735618E-004   5.8126267688431090E-004   6.0575427200169028E-004   6.2213927701146874E-004   6.2986424903729464E-004   6.2863510034026886E-004   6.1845629143603229E-004   5.9965470688521792E-004   5.7288380322503786E-004   5.3910506484660791E-004   4.9954592857186469E-004   4.5563593394951410E-004   4.0892558134635179E-004   3.6099480046602084E-004   3.1335960181221208E-004   2.6738604127663445E-004   2.2421989011898644E-004   1.8473842617928180E-004   1.4952785296049953E-004   1.1888651104784213E-004   9.2850857596032119E-005   7.1238694664324867E-005   5.3702699599126306E-005   3.9787082754959139E-005   2.8981051615894229E-005   2.0764382222475709E-005   1.4642376412413310E-005   1.0169412762548686E-005   6.9618708778272873E-006   4.7022539195507333E-006   3.1368263766805335E-006   2.0691062950846100E-006   1.3512474290247324E-006   8.7487327563712169E-007   5.6241453841774894E-007   3.5954553313972699E-007   2.2896071905203003E-007   1.4549128300500317E-007   9.2421414381023925E-008   5.8801158613526123E-008   3.7541998513139493E-008   2.4100459615942621E-008   1.5587633750618879E-008   1.0177924159876902E-008   6.7226499908018187E-009   4.5008763548628934E-009   3.0604881884304985E-009   2.1177056325913677E-009   1.4939707121826488E-009   1.0764908178086296E-009   7.9364079782892883E-010   5.9964474769912979E-010   4.6503194473917990E-010   3.7067911980020405E-010   3.0408013708632397E-010   2.5700151250608775E-010   2.2400341038535919E-010   2.0150460593982185E-010   1.8719290070131531E-010   1.7965728246823050E-010
