# Version 0.33
# Potential name = chengdu_MMWLY_600   
# L = 0
# S = 0
# J = 0
# Order = 2                   
# K_MAX = 1200 MeV
# For uncoupled channels, e.g., 3P0 (LSJ = 110)
# storage = D(1:N，1:N) (row, column)
# D(i,j)  = <pout(j),L|V|L,pin(i)>
# Normalization
# If V were so weak as to validate the Born approximation, the relation of V
# in 1S0 and the respective scattering length 'a' would have been
# <p|V|p> = 2/pi * a + ... for p->0, in unit of MeV^(-1)
# Momenta are in unit of MeV
# The value of pin and pout, where pin(1:N) = pout(1:N)
  0.17176393593524608       0.90482961624252312        2.2229191601248885        4.1250377775339757        6.6093628542049601        9.6734755763658313        13.314384907848989        17.528534541776253        22.311807446510670        27.659530244704911        33.566477918246392        40.026878974152282        47.034421112799578        54.582257410482157        62.663013017563799        71.268792368988898        80.391186901701303        90.021283272245228        100.14967206695951        110.76645699649430        121.86126456581133        133.42325421030273        145.44112888817568        157.90314611878756        170.79712945616615        184.11048038651882        197.83019063811543        211.94285489152242        226.43468387777534        241.29151785169273        256.49884042717133        272.04179276094351        287.90518807094219        304.07352647508543        320.53101013598518        337.26155869678109        354.24882499301907        371.47621102522203        388.92688417654699        406.58379365968250        424.42968717691679        442.44712777709788        460.61851089301558        478.92608154255839        497.35195167683804        515.87811765833158        534.48647785196329        553.15885031193807        571.87699054704501        590.62260934707410        609.37739065292590        628.12300945295499        646.84114968806193        665.51352214803671        684.12188234166842        702.64804832316190        721.07391845744155        739.38148910698442        757.55287222290212        775.57031282308321        793.41620634031756        811.07311582345301        828.52378897477797        845.75117500698093        862.73844130321891        879.46898986401482        895.92647352491463        912.09481192905787        927.95820723905649        943.50115957282867        958.70848214830721        973.56531612222466        988.05714510847758        1002.1698093618845        1015.8895196134812        1029.2028705438338        1042.0968538812124        1054.5588711118244        1066.5767457896973        1078.1387354341887        1089.2335430035057        1099.8503279330405        1109.9787167277548        1119.6088130982987        1128.7312076310111        1137.3369869824362        1145.4177425895177        1152.9655788872005        1159.9731210258478        1166.4335220817536        1172.3404697552951        1177.6881925534894        1182.4714654582237        1186.6856150921510        1190.3265244236341        1193.3906371457952        1195.8749622224659        1197.7770808398750        1199.0951703837575        1199.8282360640646     
# Matrix elements start here 
  -1.2634220895506346E-003  -1.2633981752610934E-003  -1.2632732552597024E-003  -1.2629074064470947E-003  -1.2620995090260783E-003  -1.2605884336230990E-003  -1.2580547486476738E-003  -1.2541230651325675E-003  -1.2483651533797770E-003  -1.2403039759046985E-003  -1.2294187820645027E-003  -1.2151513994279799E-003  -1.1969138339486052E-003  -1.1740972548771871E-003  -1.1460823921654534E-003  -1.1122513169478127E-003  -1.0720005148455252E-003  -1.0247551045663391E-003  -9.6998400886784820E-004  -9.0721585918953165E-004  -8.3605541437117088E-004  -7.5620029850322480E-004  -6.6745790762299671E-004  -5.6976238764742991E-004  -4.6319162897388421E-004  -3.4798423559671539E-004  -2.2455638723239404E-004  -9.3518403985024152E-005   4.4309366823599029E-005   1.8788199518980750E-004   3.3591774563816604E-004   4.8688958985461817E-004   6.3902227814546797E-004   7.9029718416524569E-004   9.3846743532423078E-004   1.0810859692806105E-003   1.2155490283829937E-003   1.3391571302972683E-003   1.4491946563578301E-003   1.5430278299087101E-003   1.6182190161733384E-003   1.6726530385566436E-003   1.7046687441113701E-003   1.7131866385053157E-003   1.6978214202319304E-003   1.6589671099147257E-003   1.5978426280046764E-003   1.5164874679282027E-003   1.4177006937729211E-003   1.3049217257514395E-003   1.1820577810434134E-003   1.0532695936690773E-003   9.2273308524224839E-004   7.9439887932654819E-004   6.7177300490746644E-004   5.5774029901371584E-004   4.5444697170332225E-004   3.6325126115047471E-004   2.8474233869518100E-004   2.1881915410955160E-004   1.6481420132309697E-004   1.2164329292208573E-004   8.7961786384552101E-005   6.2310047852224344E-005   4.3235447404868228E-005   2.9383719722291218E-005   1.9557951489916495E-005   1.2747873374430087E-005   8.1350355374990935E-006   5.0807419146486795E-006   3.1035498775110789E-006   1.8521356970855146E-006   1.0778506724121739E-006   6.0974623853698128E-007   3.3349923239937946E-007   1.7465477735776126E-007   8.5946846671992099E-008   3.8107228038432497E-008   1.3451957677877989E-008   1.5570399937920209E-009  -3.5669067536533596E-009  -5.2676519081348824E-009  -5.3585236704015691E-009  -4.7844937975057794E-009  -4.0128615091439306E-009  -3.2566527710796308E-009  -2.5990215406599448E-009  -2.0605300948196310E-009  -1.6343007997693720E-009  -1.3035764297330074E-009  -1.0499355689242856E-009  -8.5672360170166626E-010  -7.1015337316237020E-010  -5.9935517756517931E-010  -5.1601743439543550E-010  -4.5392215506398759E-010  -4.0850706805264090E-010  -3.7650222986599374E-010  -3.5565060377072546E-010  -3.4450436510443290E-010
  -1.2633981752610934E-003  -1.2633742612518611E-003  -1.2632493427146793E-003  -1.2628834981898028E-003  -1.2620756102349560E-003  -1.2605645525286368E-003  -1.2580308972006357E-003  -1.2540992596287478E-003  -1.2483414150225990E-003  -1.2402803312829168E-003  -1.2293952635189320E-003  -1.2151280452793475E-003  -1.1968906885590892E-003  -1.1740743685218406E-003  -1.1460598206969896E-003  -1.1122291212493048E-003  -1.0719787600798037E-003  -1.0247338592469586E-003  -9.6996334379227591E-004  -9.0719584628824637E-004  -8.3603612553410120E-004  -7.5618180444561481E-004  -6.6744027684559424E-004  -5.6974568553158265E-004  -4.6317591703266901E-004  -3.4796957088153470E-004  -2.2454282187370678E-004  -9.3505984828792538E-005   4.4320598533550666E-005   1.8789200413823473E-004   3.3592650282655498E-004   4.8689707309631418E-004   6.3902847270039557E-004   7.9030208353016466E-004   9.3847104217488616E-004   1.0810882965402143E-003   1.2155501003683804E-003   1.3391569838704150E-003   1.4491933419881640E-003   1.5430254125320605E-003   1.6182155757193681E-003   1.6726486700108911E-003   1.7046635569837451E-003   1.7131807555966555E-003   1.6978149756262158E-003   1.6589602461768811E-003   1.5978354926304518E-003   1.5164802091690213E-003   1.4176934560366020E-003   1.3049146448499971E-003   1.1820509796100611E-003   1.0532631770878613E-003   9.2272713841778584E-004   7.9439346456475126E-004   6.7176816108492458E-004   5.5773604209316150E-004   4.5444329652114717E-004   3.6324814427804225E-004   2.8473974207724687E-004   2.1881702912426707E-004   1.6481249289642514E-004   1.2164194336369187E-004   8.7960738683704257E-005   6.2309248266202927E-005   4.3234847272385999E-005   2.9383276524910188E-005   1.9557629254146798E-005   1.2747642550385287E-005   8.1348725065316782E-006   5.0806282725653464E-006   3.1034716186159600E-006   1.8520823948211314E-006   1.0778147212916076E-006   6.0972219406625502E-007   3.3348326343094603E-007   1.7464422962310901E-007   8.5939906664120434E-008   3.8102671770511731E-008   1.3448967716839341E-008   1.5550752258724498E-009  -3.5682019875610176E-009  -5.2685101158206267E-009  -5.3590962934776919E-009  -4.7848792811955996E-009  -4.0131238283724347E-009  -3.2568335548431521E-009  -2.5991479555529948E-009  -2.0606199475299012E-009  -1.6343658302983031E-009  -1.3036244344978543E-009  -1.0499717701567797E-009  -8.5675153249062299E-010  -7.1017545146197051E-010  -5.9937308034554916E-010  -5.1603234315277989E-010  -4.5393491833607398E-010  -4.0851831027352947E-010  -3.7651242551558449E-010  -3.5566012918698108E-010  -3.4451353609375095E-010
  -1.2632732552597024E-003  -1.2632493427146793E-003  -1.2631244318257774E-003  -1.2627586096978245E-003  -1.2619507711894289E-003  -1.2604398059214614E-003  -1.2579063054565440E-003  -1.2539749078687402E-003  -1.2482174140027256E-003  -1.2401568198896148E-003  -1.2292724106847631E-003  -1.2150060511733223E-003  -1.1967697849083448E-003  -1.1739548179402824E-003  -1.1459419149346198E-003  -1.1121131783337235E-003  -1.0718651203957858E-003  -1.0246228806839288E-003  -9.6985539617203695E-004  -9.0709130535332916E-004  -8.3593536681761892E-004  -7.5608519734689413E-004  -6.6734817919836742E-004  -5.6965843887674247E-004  -4.6309384270598630E-004  -3.4789296691342382E-004  -2.2447196058964338E-004  -9.3441110949779409E-005   4.4379269550721360E-005   1.8794428780651517E-004   3.3597224765652238E-004   4.8693616318281219E-004   6.3906083103822163E-004   7.9032767614228968E-004   9.3848988303398082E-004   1.0811004531501990E-003   1.2155556997514938E-003   1.3391562185825594E-003   1.4491864756680213E-003   1.5430127843878982E-003   1.6181976032841432E-003   1.6726258494663146E-003   1.7046364603836572E-003   1.7131500244236897E-003   1.6977813103035439E-003   1.6589243914299839E-003   1.5977982189421961E-003   1.5164422909694376E-003   1.4176556476774016E-003   1.3048776557801102E-003   1.1820154504350918E-003   1.0532296583076438E-003   9.2269607355215371E-004   7.9436517908306782E-004   6.7174285806721572E-004   5.5771380492291526E-004   4.5442409822286445E-004   3.6323186246420757E-004   2.8472617795461492E-004   2.1880592870240933E-004   1.6480356848042055E-004   1.2163489359198255E-004   8.7955265745043613E-005   6.2305071420870758E-005   4.3231712325032205E-005   2.9380961369102131E-005   1.9555945972806474E-005   1.2746436781886378E-005   8.1340208726730565E-006   5.0800346342422909E-006   3.1030628134391702E-006   1.8518039569739983E-006   1.0776269215563992E-006   6.0959659173409389E-007   3.3339984552482524E-007   1.7458913089679205E-007   8.5903653804331381E-008   3.8078870973054838E-008   1.3433348914382235E-008   1.5448117749039965E-009  -3.5749679613567624E-009  -5.2729931748884259E-009  -5.3620875307555993E-009  -4.7868929497378961E-009  -4.0144941170392447E-009  -3.2577779229838507E-009  -2.5998083145695890E-009  -2.0610893150354682E-009  -1.6347055330747223E-009  -1.3038751990412013E-009  -1.0501608760727282E-009  -8.5689743573183280E-010  -7.1029078280229745E-010  -5.9946659984709148E-010  -5.1611022264858221E-010  -4.5400159036934042E-010  -4.0857703672721100E-010  -3.7656568495064604E-010  -3.5570988749592114E-010  -3.4456144296775457E-010
  -1.2629074064470947E-003  -1.2628834981898028E-003  -1.2627586096978245E-003  -1.2623928531561466E-003  -1.2615851594448238E-003  -1.2600744648698142E-003  -1.2575414179002680E-003  -1.2536107230735464E-003  -1.2478542563038708E-003  -1.2397950959998863E-003  -1.2289126153055456E-003  -1.2146487704818793E-003  -1.1964156975018724E-003  -1.1736046928725128E-003  -1.1455966065922096E-003  -1.1117736180687547E-003  -1.0715323050485099E-003  -1.0242978583755516E-003  -9.6953924998903485E-004  -9.0678513574393976E-004  -8.3564027363992291E-004  -7.5580226251799375E-004  -6.6707845078454932E-004  -5.6940291724571677E-004  -4.6285346906486870E-004  -3.4766861422438108E-004  -2.2426442653735064E-004  -9.3251112373634844E-005   4.4551101521600901E-005   1.8809741275179880E-004   3.3610622180651247E-004   4.8705064699609748E-004   6.3915559891398631E-004   7.9040262851180678E-004   9.3854506077524318E-004   1.0811360539352719E-003   1.2155720955813916E-003   1.3391539734047015E-003   1.4491663616280816E-003   1.5429757949702071E-003   1.6181449613800270E-003   1.6725590083222419E-003   1.7045570954677854E-003   1.7130600145531917E-003   1.6976827069248206E-003   1.6588193757443061E-003   1.5976890475891733E-003   1.5163312321471688E-003   1.4175449107744547E-003   1.3047693186678004E-003   1.1819113893487953E-003   1.0531314855721733E-003   9.2260508815996799E-004   7.9428233427094371E-004   6.7166874860914499E-004   5.5764867501777258E-004   4.5436786884366564E-004   3.6318417513649158E-004   2.8468645042380560E-004   2.1877341705115708E-004   1.6477743007796614E-004   1.2161424578226881E-004   8.7939236272655398E-005   6.2292838032554734E-005   4.3222530514028636E-005   2.9374180614014772E-005   1.9551015889148480E-005   1.2742905265173364E-005   8.1315265650629359E-006   5.0782959577228958E-006   3.1018654857660591E-006   1.8509884556287736E-006   1.0770768854765045E-006   6.0922872230270144E-007   3.3315552773890811E-007   1.7442775555756491E-007   8.5797475032921987E-008   3.8009162309596774E-008   1.3387604000986032E-008   1.5147518198496953E-009  -3.5947843755430528E-009  -5.2861233062884187E-009  -5.3708483624039002E-009  -4.7927906449168450E-009  -4.0185074600243244E-009  -3.2605438162654831E-009  -2.6017423930517983E-009  -2.0624640117593563E-009  -1.6357004638809147E-009  -1.3046096449625458E-009  -1.0507147344495585E-009  -8.5732476090794715E-010  -7.1062856815601764E-010  -5.9974050209834586E-010  -5.1633831803461831E-010  -4.5419686104432464E-010  -4.0874903618191392E-010  -3.7672167246003195E-010  -3.5585562081726931E-010  -3.4470175375914628E-010
  -1.2620995090260783E-003  -1.2620756102349560E-003  -1.2619507711894289E-003  -1.2615851594448238E-003  -1.2607777854070717E-003  -1.2592676884507516E-003  -1.2567356426804903E-003  -1.2528064993692224E-003  -1.2470523001693863E-003  -1.2389963053657832E-003  -1.2281180823721061E-003  -1.2138597894263874E-003  -1.1956337665737981E-003  -1.1728315100724574E-003  -1.1448340583761155E-003  -1.1110237608916601E-003  -1.0707973400424747E-003  -1.0235800999983608E-003  -9.6884109001370831E-004  -9.0610900439895136E-004  -8.3498859997280315E-004  -7.5517743607806092E-004  -6.6648278647953789E-004  -5.6883862474488441E-004  -4.6232262746519074E-004  -3.4717315196428999E-004  -2.2380610584077473E-004  -9.2831516929902996E-005   4.4930577323234458E-005   1.8843557487899232E-004   3.3640208972029800E-004   4.8730347039641292E-004   6.3936487919640222E-004   7.9056814547621328E-004   9.3866690446312278E-004   1.0812146607340153E-003   1.2156082869501051E-003   1.3391489947814873E-003   1.4491219183204816E-003   1.5428940811730409E-003   1.6180286779904221E-003   1.6724113650284176E-003   1.7043817927795855E-003   1.7128612021133516E-003   1.6974649156543944E-003   1.6585874231432301E-003   1.5974479177656648E-003   1.5160859347260747E-003   1.4173003254765327E-003   1.3045300347227333E-003   1.1816815506278952E-003   1.0529146530471965E-003   9.2240413075046941E-004   7.9409935723629560E-004   6.7150506548727682E-004   5.5750482505070691E-004   4.5424367738657696E-004   3.6307885035229527E-004   2.8459870623540355E-004   2.1870161033835599E-004   1.6471969971098123E-004   1.2156864224263176E-004   8.7903833025144702E-005   6.2265818989274769E-005   4.3202251309885334E-005   2.9359204470664427E-005   1.9540127199758992E-005   1.2735105491609852E-005   8.1260175981189085E-006   5.0744558943940124E-006   3.0992210557531077E-006   1.8491873332780357E-006   1.0758620731078240E-006   6.0841624499967847E-007   3.3261592748312712E-007   1.7407134236246506E-007   8.5562969085519308E-008   3.7855204225367319E-008   1.3286572188137811E-008   1.4483617273523667E-009  -3.6385506566842416E-009  -5.3151223243628869E-009  -5.3901973933035468E-009  -4.8058161893982787E-009  -4.0273712516736679E-009  -3.2666525106506010E-009  -2.6060139559560220E-009  -2.0655001347697045E-009  -1.6378978436138605E-009  -1.3062317233913786E-009  -1.0519379713162369E-009  -8.5826853953809313E-010  -7.1137459133050447E-010  -6.0034543466994825E-010  -5.1684208275488719E-010  -4.5462812998063886E-010  -4.0912890893118020E-010  -3.7706618166655280E-010  -3.5617748290852321E-010  -3.4501163980211244E-010
  -1.2605884336230990E-003  -1.2605645525286368E-003  -1.2604398059214614E-003  -1.2600744648698142E-003  -1.2592676884507516E-003  -1.2577587087232499E-003  -1.2552285346665835E-003  -1.2513022918789641E-003  -1.2455523318714939E-003  -1.2375022549711188E-003  -1.2266319918246003E-003  -1.2123840783420034E-003  -1.1941712361978460E-003  -1.1713853352517537E-003  -1.1434077665001541E-003  -1.1096211974519776E-003  -1.0694226213554714E-003  -1.0222375546485990E-003  -9.6753519157135931E-004  -9.0484429878804977E-004  -8.3376963136021134E-004  -7.5400867519927173E-004  -6.6536856487051175E-004  -5.6778307745105922E-004  -4.6132964557483525E-004  -3.4624634494560391E-004  -2.2294877234978476E-004  -9.2046621675362589E-005   4.5640423797330566E-005   1.8906813694323965E-004   3.3695553128621717E-004   4.8777638628108230E-004   6.3975633528893378E-004   7.9087772871977826E-004   9.3889478242409384E-004   1.0813616491481756E-003   1.2156759221689864E-003   1.3391396065546698E-003   1.4490386969309675E-003   1.5427411317120712E-003   1.6178110536705396E-003   1.6721350710717032E-003   1.7040537527764164E-003   1.7124891800025322E-003   1.6970573887476687E-003   1.6581534049245556E-003   1.5969967334106576E-003   1.5156269571072901E-003   1.4168426843632663E-003   1.3040823163195337E-003   1.1812515078196278E-003   1.0525089480661470E-003   9.2202813096277716E-004   7.9375700117758491E-004   6.7119881037606445E-004   5.5723567940788509E-004   4.5401131407576479E-004   3.6288178750780269E-004   2.8443453731472794E-004   2.1856726082241100E-004   1.6461168723656003E-004   1.2148331912045980E-004   8.7837594611374684E-005   6.2215267323696829E-005   4.3164309754541727E-005   2.9331184803621036E-005   1.9519755025295337E-005   1.2720512558116718E-005   8.1157106606740521E-006   5.0672713909129003E-006   3.0942735149697414E-006   1.8458175692782959E-006   1.0735892560821082E-006   6.0689616817539822E-007   3.3160638288132168E-007   1.7340452602004039E-007   8.5124230882068191E-008   3.7567163926504825E-008   1.3097552040809563E-008   1.3241529015624283E-009  -3.7204325909512382E-009  -5.3693762339737544E-009  -5.4263972039647091E-009  -4.8301854490913169E-009  -4.0439543391951625E-009  -3.2780811279834894E-009  -2.6140055161425351E-009  -2.0711803349662566E-009  -1.6420088574723884E-009  -1.3092664198536392E-009  -1.0542264854073545E-009  -8.6003422290123980E-010  -7.1277029974641197E-010  -6.0147718095505294E-010  -5.1778455729104459E-010  -4.5543497450750068E-010  -4.0983959804148796E-010  -3.7771071032383830E-010  -3.5677964185643290E-010  -3.4559139317657128E-010
  -1.2580547486476738E-003  -1.2580308972006357E-003  -1.2579063054565440E-003  -1.2575414179002680E-003  -1.2567356426804903E-003  -1.2552285346665835E-003  -1.2527014963368394E-003  -1.2487801128944975E-003  -1.2430372550103451E-003  -1.2349970927791538E-003  -1.2241401655304130E-003  -1.2099096421356965E-003  -1.1917188839787392E-003  -1.1689603873257484E-003  -1.1410161344696285E-003  -1.1072693266999055E-003  -1.0671174120211718E-003  -1.0199862636832472E-003  -9.6534532012940318E-004  -9.0272347059136256E-004  -8.3172546850394762E-004  -7.5204867795480683E-004  -6.6350000130258264E-004  -5.6601288717143708E-004  -4.5966435991134989E-004  -3.4469202351670709E-004  -2.2151095383464328E-004  -9.0730284753551488E-005   4.6830894585289402E-005   1.9012898619110374E-004   3.3788367417867966E-004   4.8856946131362738E-004   6.4041277171699405E-004   7.9139683044402885E-004   9.3927682793502713E-004   1.0816080048349180E-003   1.2157891638350351E-003   1.3391236414871908E-003   1.4488988764887424E-003   1.5424843423317283E-003   1.6174457727009565E-003   1.6716713732392611E-003   1.7035032536851704E-003   1.7118649051798890E-003   1.6963735605587931E-003   1.6574251452278511E-003   1.5962396868984072E-003   1.5148568483627665E-003   1.4160748299582452E-003   1.3033311207169178E-003   1.1805299772533933E-003   1.0518282588305025E-003   9.2139728683270777E-004   7.9318260869679514E-004   6.7068499084651199E-004   5.5678412366355580E-004   4.5362147217577501E-004   3.6255117231765712E-004   2.8415911049396161E-004   2.1834186350767827E-004   1.6443047647131457E-004   1.2134017472250486E-004   8.7726468744467063E-005   6.2130459014589118E-005   4.3100657200710862E-005   2.9284177914833012E-005   1.9485578034385948E-005   1.2696031115849699E-005   8.0984195831850664E-006   5.0552186101864699E-006   3.0859735164259219E-006   1.8401644738796140E-006   1.0697764075379514E-006   6.0434611681645112E-007   3.2991279683282932E-007   1.7228589613968813E-007   8.4388220203358666E-008   3.7083959998350275E-008   1.2780461052490914E-008   1.1157868718988297E-009  -3.8577929037382764E-009  -5.4603891427752173E-009  -5.4871235419195806E-009  -4.8710655564834562E-009  -4.0717728607292369E-009  -3.2972528606856036E-009  -2.6274114889010872E-009  -2.0807089448608621E-009  -1.6489051242722171E-009  -1.3143571449492334E-009  -1.0580654783541008E-009  -8.6299616079953156E-010  -7.1511160093344946E-010  -6.0337568354752104E-010  -5.1936555534570048E-010  -4.5678845258508991E-010  -4.1103177507864598E-010  -3.7879190304087586E-010  -3.5778975931456550E-010  -3.4656392525795638E-010
  -1.2541230651325675E-003  -1.2540992596287478E-003  -1.2539749078687402E-003  -1.2536107230735464E-003  -1.2528064993692224E-003  -1.2513022918789641E-003  -1.2487801128944975E-003  -1.2448662599081660E-003  -1.2391344082310169E-003  -1.2311096111252912E-003  -1.2202733515477657E-003  -1.2060697798407735E-003  -1.1879132496067919E-003  -1.1651972290783129E-003  -1.1373046185263361E-003  -1.1036194485414346E-003  -1.0635398744143812E-003  -1.0164923252889435E-003  -9.6194662127375172E-004  -8.9943184488617558E-004  -8.2855275030479386E-004  -7.4900651580190139E-004  -6.6059968637120325E-004  -5.6326520346648289E-004  -4.5707945979130138E-004  -3.4227932859285022E-004  -2.1927907787814356E-004  -8.8686972416172471E-005   4.8678821343770473E-005   1.9177568291239930E-004   3.3932433864681307E-004   4.8980041568620104E-004   6.4143156744055681E-004   7.9220237861941456E-004   9.3986955456358719E-004   1.0819900267745900E-003   1.2159644774684467E-003   1.3390983122242416E-003   1.4486812135242697E-003   1.5420850398689808E-003   1.6168779965362026E-003   1.6709507706593393E-003   1.7026478655642243E-003   1.7108949624336893E-003   1.6953111530383126E-003   1.6562937597530622E-003   1.5950636221182890E-003   1.5136605266881879E-003   1.4148820396942081E-003   1.3021642330756185E-003   1.1794091913264575E-003   1.0507709311050597E-003   9.2041739917732984E-004   7.9229041944226843E-004   6.6988689820465406E-004   5.5608275092020000E-004   4.5301596243089645E-004   3.6203766009735823E-004   2.8373132133000445E-004   2.1799178290857679E-004   1.6414902779005860E-004   1.2111785108297906E-004   8.7553875956389543E-005   6.1998741901441823E-005   4.3001798235044880E-005   2.9211171961858017E-005   1.9432498484813919E-005   1.2658009799941972E-005   8.0715655800690366E-006   5.0365001051086758E-006   3.0730833375803017E-006   1.8313850836280607E-006   1.0638550020932136E-006   6.0038587716483401E-007   3.2728266695020054E-007   1.7054868012662367E-007   8.3245212661762705E-008   3.6333559520485071E-008   1.2288031277929474E-008   7.9220426099641780E-010  -4.0711059796641133E-009  -5.6017265911158238E-009  -5.5814274053117927E-009  -4.9345493191653127E-009  -4.1149727877372910E-009  -3.3270249126860425E-009  -2.6482297413684675E-009  -2.0955059600808086E-009  -1.6596143325239914E-009  -1.3222625074836712E-009  -1.0640270174799616E-009  -8.6759571852502421E-010  -7.1874737220546772E-010  -6.0632383444962365E-010  -5.2182065542269951E-010  -4.5889023882016591E-010  -4.1288307859982930E-010  -3.8047086032637997E-010  -3.5935834475006599E-010  -3.4807414487422530E-010
  -1.2483651533797770E-003  -1.2483414150225990E-003  -1.2482174140027256E-003  -1.2478542563038708E-003  -1.2470523001693863E-003  -1.2455523318714939E-003  -1.2430372550103451E-003  -1.2391344082310169E-003  -1.2334186431050052E-003  -1.2254163041461601E-003  -1.2146102542639362E-003  -1.2004460795411633E-003  -1.1823395856645660E-003  -1.1596856641415778E-003  -1.1318685605315717E-003  -1.0982735221004565E-003  -1.0582997434633000E-003  -1.0113744726779402E-003  -9.5696809473833869E-004  -8.9460998198402154E-004  -8.2390489683819537E-004  -7.4454975252186324E-004  -6.5635057718124821E-004  -5.5923957504745768E-004  -4.5329221800418566E-004  -3.3874431185999072E-004  -2.1600894274714983E-004  -8.5693102352064508E-005   5.1386395726957333E-005   1.9418836523285837E-004   3.4143506247180828E-004   4.9160376552503894E-004   6.4292393294529361E-004   7.9338214593529209E-004   9.4073733402995265E-004   1.0825489108923052E-003   1.2162203174324706E-003   1.3390599956237745E-003   1.4483609203784767E-003   1.5414984494540795E-003   1.6160444140615781E-003   1.6698931414654717E-003   1.7013926458857584E-003   1.7094718205717336E-003   1.6937524834740696E-003   1.6546340053780967E-003   1.5933384158672396E-003   1.5119056822809583E-003   1.4131324400810455E-003   1.3004526821211570E-003   1.1777653065771360E-003   1.0492201606198161E-003   9.1898024149513965E-004   7.9098191211298980E-004   6.6871641774656409E-004   5.5505413801746305E-004   4.5212795441499677E-004   3.6128458277237454E-004   2.8310396840743783E-004   2.1747839714168380E-004   1.6373629509147843E-004   1.2079182721270250E-004   8.7300782629950763E-005   6.1805591893980723E-005   4.2856833210363305E-005   2.9104118614276344E-005   1.9354665413810713E-005   1.2602257962058817E-005   8.0321891507620770E-006   5.0090531703306522E-006   3.0541826691585688E-006   1.8185121288409169E-006   1.0551727079453259E-006   5.9457920765689846E-007   3.2342629497736425E-007   1.6800154628660992E-007   8.1569330817652458E-008   3.5233328463564913E-008   1.1566040349504930E-008   3.1777726738185978E-010  -4.3838569150196251E-009  -5.8089483959769634E-009  -5.7196900634561761E-009  -5.0276248311840043E-009  -4.1783091756994970E-009  -3.3706741541380459E-009  -2.6787515317198144E-009  -2.1171998687030004E-009  -1.6753150374989274E-009  -1.3338524647628254E-009  -1.0727671265043319E-009  -8.7433902791473571E-010  -7.2407767991410293E-010  -6.1064602894099587E-010  -5.2541999498812718E-010  -4.6197159103676715E-010  -4.1559720308328516E-010  -3.8293231177823213E-010  -3.6165798262645961E-010  -3.5028821405197952E-010
  -1.2403039759046985E-003  -1.2402803312829168E-003  -1.2401568198896148E-003  -1.2397950959998863E-003  -1.2389963053657832E-003  -1.2375022549711188E-003  -1.2349970927791538E-003  -1.2311096111252912E-003  -1.2254163041461601E-003  -1.2174453198857578E-003  -1.2066814492769343E-003  -1.1925722852516810E-003  -1.1745356644184465E-003  -1.1519684705532736E-003  -1.1242568344361947E-003  -1.0907877109778957E-003  -1.0509617568014119E-003  -1.0042073759862198E-003  -9.4999575615487399E-004  -8.8785668882441961E-004  -8.1739496219709884E-004  -7.3830713251673804E-004  -6.5039851733710453E-004  -5.5360029982488574E-004  -4.4798667117923777E-004  -3.3379194830015005E-004  -2.1142756513970384E-004  -8.1498730582819662E-005   5.5179638879845547E-005   1.9756837027014459E-004   3.4439186899904882E-004   4.9412973308160350E-004   6.4501395800489530E-004   7.9503393067182878E-004   9.4195170579789876E-004   1.0833301839530138E-003   1.2165766805671560E-003   1.3390039012708332E-003   1.4479094432976979E-003   1.5406735763010930E-003   1.6148732204832178E-003   1.6684078113818257E-003   1.6996302895481118E-003   1.7074740547230139E-003   1.6915647491301073E-003   1.6523046164877136E-003   1.5909173547118570E-003   1.5094431833154679E-003   1.4106774304082758E-003   1.2980511705518605E-003   1.1754588304827710E-003   1.0470444069756966E-003   9.1696395301698198E-004   7.8914617023210024E-004   6.6707436250713946E-004   5.5361114422268574E-004   4.5088223878411542E-004   3.6022817481657157E-004   2.8222394436663465E-004   2.1675825645437407E-004   1.6315735494961867E-004   1.2033452241560832E-004   8.6945782177438868E-005   6.1534675643622563E-005   4.2653505805851440E-005   2.8953968550696750E-005   1.9245500710663452E-005   1.2524064530134062E-005   7.9769635260668818E-006   4.9705593001765814E-006   3.0276751850689162E-006   1.8004585458663129E-006   1.0429964547597844E-006   5.8643590659130060E-007   3.1801817017552621E-007   1.6442952404576817E-007   7.9219153751921671E-008   3.3690434477417434E-008   1.0553577430524405E-008  -3.4751454392157988E-010  -4.8224249843543170E-009  -6.0995310285982951E-009  -5.9135710055780443E-009  -5.1581402673699241E-009  -4.2671221006338274E-009  -3.4318804686106172E-009  -2.7215498194268676E-009  -2.1476193125978481E-009  -1.6973306061413145E-009  -1.3501038392044953E-009  -1.0850223951855971E-009  -8.8379436502272452E-010  -7.3155170198636231E-010  -6.1670647772745286E-010  -5.3046686253108603E-010  -4.6629214325129344E-010  -4.1940283453709477E-010  -3.8638364993827743E-010  -3.6488242922581225E-010  -3.5339267815323957E-010
  -1.2294187820645027E-003  -1.2293952635189320E-003  -1.2292724106847631E-003  -1.2289126153055456E-003  -1.2281180823721061E-003  -1.2266319918246003E-003  -1.2241401655304130E-003  -1.2202733515477657E-003  -1.2146102542639362E-003  -1.2066814492769343E-003  -1.1959743237393258E-003  -1.1819391745545998E-003  -1.1639965769782946E-003  -1.1415461043065987E-003  -1.1139764361937309E-003  -1.0806768411924321E-003  -1.0410499627608268E-003  -9.9452578340989166E-004  -9.4057659616872467E-004  -8.7873278324520482E-004  -8.0859919387662701E-004  -7.2987192831083477E-004  -6.4235536865548271E-004  -5.4597933986651019E-004  -4.4081631963864380E-004  -3.2709862476129723E-004  -2.0523546295503955E-004  -7.5829635061667013E-005   6.0306509713091167E-005   2.0213652671833920E-004   3.4838773650906546E-004   4.9754288561469455E-004   6.4783741315693668E-004   7.9726451423408696E-004   9.4359048446534437E-004   1.0843829548359200E-003   1.2170544954589356E-003   1.3389235927659393E-003   1.4472941094937691E-003   1.5395529718404063E-003   1.6132839952156600E-003   1.6663935352939493E-003   1.6972412052085129E-003   1.7047665076221222E-003   1.6886002628075797E-003   1.6491486033676644E-003   1.5876374841748558E-003   1.5061074635250912E-003   1.4073520962719806E-003   1.2947985023528371E-003   1.1723350510624703E-003   1.0440978150574138E-003   9.1423344279348197E-004   7.8666026137551651E-004   6.6485082186999332E-004   5.5165722530465611E-004   4.4919550470090075E-004   3.5879781357960180E-004   2.8103244012873257E-004   2.1578325350192994E-004   1.6237354594420298E-004   1.1971540820459778E-004   8.6465183314321601E-005   6.1167918939428992E-005   4.2378255109046009E-005   2.8750710456467278E-005   1.9097727848429026E-005   1.2418218852040211E-005   7.9022095700130427E-006   4.9184546978338784E-006   2.9917958607804482E-006   1.7760225152987325E-006   1.0265158668675472E-006   5.7541413095296695E-007   3.1069852389738745E-007   1.5959504003681198E-007   7.6038404644954357E-008   3.1602302010064370E-008   9.1833442138919003E-009  -1.2478849785055252E-009  -5.4159513541960727E-009  -6.4927793780496737E-009  -6.1759486956707389E-009  -5.3347637634549639E-009  -4.3873092056774211E-009  -3.5147077342930320E-009  -2.7794659016124621E-009  -2.1887835461152954E-009  -1.7271222829217020E-009  -1.3720951801706721E-009  -1.1016060911449198E-009  -8.9658914088817401E-010  -7.4166534264111605E-010  -6.2490726806701922E-010  -5.3729607956324751E-010  -4.7213851808247458E-010  -4.2455242653832815E-010  -3.9105381906928808E-010  -3.6924557369503984E-010  -3.5759346516245975E-010
  -1.2151513994279799E-003  -1.2151280452793475E-003  -1.2150060511733223E-003  -1.2146487704818793E-003  -1.2138597894263874E-003  -1.2123840783420034E-003  -1.2099096421356965E-003  -1.2060697798407735E-003  -1.2004460795411633E-003  -1.1925722852516810E-003  -1.1819391745545998E-003  -1.1680005782402727E-003  -1.1501806545959905E-003  -1.1278825007948290E-003  -1.1004981427012691E-003  -1.0674198945685477E-003  -1.0280530256101786E-003  -9.8182961705227975E-004  -9.2822344789490123E-004  -8.6676571706824671E-004  -7.9706139913242541E-004  -7.1880604180827505E-004  -6.3180284302363917E-004  -5.3597988345593396E-004  -4.3140742274531811E-004  -3.1831517459074454E-004  -1.9710943743836916E-004  -6.8389855084411344E-005   6.7034597598492930E-005   2.0813106871350501E-004   3.5363072245012421E-004   5.0202045963008328E-004   6.5154026421376495E-004   8.0018835688824320E-004   9.4573662833865278E-004   1.0857589481108850E-003   1.2176748135707032E-003   1.3388103291467534E-003   1.4464776115604037E-003   1.5380723535736371E-003   1.6111874491474510E-003   1.6637383632407202E-003   1.6940934905184260E-003   1.7012003637209283E-003   1.6846966145655550E-003   1.6449934894289912E-003   1.5833199086637516E-003   1.5017168715689968E-003   1.4029755949454895E-003   1.2905179909231280E-003   1.1682244550879966E-003   1.0402206316207970E-003   9.1064079427892377E-004   7.8338962100120164E-004   6.6192551773343019E-004   5.4908675707694438E-004   4.4697662773755765E-004   3.5691627035443728E-004   2.7946515954125608E-004   2.1450080330784739E-004   1.6134261666909608E-004   1.1890112775298639E-004   8.5833104693492919E-005   6.0685580335399086E-005   4.2016271898544992E-005   2.8483413320109629E-005   1.8903403152701400E-005   1.2279033452994575E-005   7.8039120994694857E-006   4.8499418174915293E-006   2.9446190328784555E-006   1.7438930247098039E-006   1.0048470631000001E-006   5.6092296876972879E-007   3.0107505788256514E-007   1.5323907233296689E-007   7.1856718248736323E-008   2.8857121239792110E-008   7.3819920920293128E-009  -2.4315176410091762E-009  -6.1961904317377612E-009  -7.0097274567408350E-009  -6.5208538128541144E-009  -5.5669381506165131E-009  -4.5452946902966999E-009  -3.6235823173588392E-009  -2.8555942860540300E-009  -2.2428916257252120E-009  -1.7662813267018826E-009  -1.4010009328863146E-009  -1.1234037442357009E-009  -9.1340648192130780E-010  -7.5495852029259081E-010  -6.3568615816424113E-010  -5.4627215925364499E-010  -4.7982274704741412E-010  -4.3132080641605657E-010  -3.9719204944597695E-010  -3.7498025447562238E-010  -3.6311474558496718E-010
  -1.1969138339486052E-003  -1.1968906885590892E-003  -1.1967697849083448E-003  -1.1964156975018724E-003  -1.1956337665737981E-003  -1.1941712361978460E-003  -1.1917188839787392E-003  -1.1879132496067919E-003  -1.1823395856645660E-003  -1.1745356644184465E-003  -1.1639965769782946E-003  -1.1501806545959905E-003  -1.1325166247752919E-003  -1.1104120867277355E-003  -1.0832633520479178E-003  -1.0504666492585424E-003  -1.0114306387315791E-003  -9.6559013268287055E-004  -9.1242086983250978E-004  -8.5145516238614445E-004  -7.8229821929465108E-004  -7.0464495624073258E-004  -6.1829712672047685E-004  -5.2318064150169751E-004  -4.1936297162498116E-004  -3.0707053470325606E-004  -1.8670592558643314E-004  -5.8864752082071368E-005   7.5648338944669631E-005   2.1580511509683127E-004   3.6034169088285757E-004   5.0775032262004782E-004   6.5627685530888959E-004   8.0392599015380274E-004   9.4847683023753645E-004   1.0875112832495416E-003   1.2184577676015032E-003   1.3386521936575501E-003   1.4454172981711779E-003   1.5361600492037634E-003   1.6084850134265773E-003   1.6603193645569544E-003   1.6900427816052832E-003   1.6966131131313103E-003   1.6796767383191477E-003   1.6396514677466433E-003   1.5777700244357902E-003   1.4960739663127899E-003   1.3973514985577374E-003   1.2850178357862027E-003   1.1629431244192549E-003   1.0352396082268581E-003   9.0602566312128832E-004   7.7918843498489977E-004   6.5816816357631199E-004   5.4578536482559727E-004   4.4412696557437261E-004   3.5449997024164428E-004   2.7745254308910935E-004   2.1285403200496417E-004   1.6001888185328489E-004   1.1785562255646606E-004   8.5021575739015285E-005   6.0066329953673329E-005   4.1551559134911788E-005   2.8140272069155194E-005   1.8653949661803120E-005   1.2100368762897032E-005   7.6777376730171134E-006   4.7620019833208218E-006   2.8840672353643113E-006   1.7026559836440440E-006   9.7703684427898508E-007   5.4232528054674631E-007   2.8872485755339134E-007   1.4508243088827636E-007   6.6490493940054367E-008   2.5334414797988151E-008   5.0704982617654589E-009  -3.9503161422802142E-009  -7.1973435267999737E-009  -7.6730271337354221E-009  -6.9633943429173521E-009  -5.8648301018981946E-009  -4.7479944309924016E-009  -3.7632688565788214E-009  -2.9532656421257728E-009  -2.3123102150012090E-009  -1.8165201330566882E-009  -1.4380848500114291E-009  -1.1513681539870955E-009  -9.3498136112499156E-010  -7.7201209755208549E-010  -6.4951407931506648E-010  -5.5778722022665785E-010  -4.8968048020212569E-010  -4.4000359513243463E-010  -4.0506642216623579E-010  -3.8233691705751267E-010  -3.7019763939299879E-010
  -1.1740972548771871E-003  -1.1740743685218406E-003  -1.1739548179402824E-003  -1.1736046928725128E-003  -1.1728315100724574E-003  -1.1713853352517537E-003  -1.1689603873257484E-003  -1.1651972290783129E-003  -1.1596856641415778E-003  -1.1519684705532736E-003  -1.1415461043065987E-003  -1.1278825007948290E-003  -1.1104120867277355E-003  -1.0885480893949985E-003  -1.0616921944453057E-003  -1.0292455592896771E-003  -9.9062113998378424E-004  -9.4525723964875713E-004  -8.9263214190307206E-004  -8.3227965938405669E-004  -7.6380541014004627E-004  -6.8690363569304204E-004  -6.0137439188132601E-004  -5.0714096984379414E-004  -4.0426742687822844E-004  -2.9297610814603707E-004  -1.7366500089906244E-004  -4.6924664679524148E-005   8.6445690012639789E-005   2.2542365157274908E-004   3.6875158555410700E-004   5.1492851934924980E-004   6.6220771182647856E-004   8.0860206116413263E-004   9.5189978948427871E-004   1.0896929617708879E-003   1.2194212624635154E-003   1.3384329781238984E-003   1.4440642420076146E-003   1.5337362385376852E-003   1.6050682456994090E-003   1.6560021884481219E-003   1.6849319573567223E-003   1.6908283881637001E-003   1.6733488682228095E-003   1.6329194638900592E-003   1.5707776745597776E-003   1.4889657488625615E-003   1.3902680876741024E-003   1.2780914620894659E-003   1.1562931061184075E-003   1.0289683874477214E-003   9.0021566616801767E-004   7.7390001976692605E-004   6.5343882603816680E-004   5.4163025877053145E-004   4.4054066202015973E-004   3.5145926157638613E-004   2.7492000156302977E-004   2.1078197528662680E-004   1.5835338749534220E-004   1.1654026713451464E-004   8.4000644410825030E-005   5.9287334086865367E-005   4.0966997174763254E-005   2.7708656959543230E-005   1.8340193903408511E-005   1.1875660063003825E-005   7.5190540366152096E-006   4.6514092237189507E-006   2.8079209131605235E-006   1.6508009626937456E-006   9.4206731901345383E-007   5.1894084508809403E-007   2.7319651468110347E-007   1.3482718086661623E-007   5.9743845702409856E-008   2.0905669967171236E-008   2.1645859545505681E-009  -5.8596245816161130E-009  -8.4558724588600006E-009  -8.5068232897187038E-009  -7.5196714259475920E-009  -6.2392729383216993E-009  -5.0027767120253352E-009  -3.9388429735749867E-009  -3.0760275699445805E-009  -2.3995598176280629E-009  -1.8796622046692120E-009  -1.4846925432211525E-009  -1.1865137418703025E-009  -9.6209621918684458E-010  -7.9344440472119152E-010  -6.6689230609042070E-010  -5.7225862223875389E-010  -5.0206895647817558E-010  -4.5091541551778723E-010  -4.1496224142192309E-010  -3.9158209146297025E-010  -3.7909874920240482E-010
