# Version 0.33
# Potential name = chengdu_MMWLY_350   
# L = 1
# S = 1
# J = 0
# Order = 2                   
# K_MAX = 0700 MeV
# For uncoupled channels, e.g., 3P0 (LSJ = 110)
# storage = D(1:N，1:N) (row, column)
# D(i,j)  = <pout(j),L|V|L,pin(i)>
# Normalization
# If V were so weak as to validate the Born approximation, the relation of V
# in 1S0 and the respective scattering length 'a' would have been
# <p|V|p> = 2/pi * a + ... for p->0, in unit of MeV^(-1)
# Momenta are in unit of MeV
# The value of pin and pout, where pin(1:N) = pout(1:N)
  0.10019562929556969       0.52781727614143392        1.2967028434061945        2.4062720368947907        3.8554616649528839        5.6428607528800399        7.7667245295785960        10.224978482702795        13.015221010464529        16.134725976077902        19.580445452310414        23.349012734922155        27.436745649133115        31.839650156114601        36.553424260245549        41.573462215243580        46.894859025992389        52.512415242143049        58.420642039059715        64.613766581288303        71.085737663389921        77.830231622676592        84.840658518102487        92.110168569292739        99.631658849430238        107.39778022546929        115.40094453890066        123.63333202005475        132.08689892870228        140.75338541348742        149.62432358251658        158.69104577721706        167.94469304138295        177.37622377713316        186.97642257932469        196.73590923978898        206.64514791259447        216.69445643137951        226.87401576965237        237.17387963481480        247.58398418653479        258.09415786997380        268.69413135425907        279.37354756649239        290.12197181148883        300.92890196736010        311.78377874697861        322.67599601529719        333.59491115244293        344.52985545245991        355.47014454754009        366.40508884755707        377.32400398470281        388.21622125302139        399.07109803263990        409.87802818851117        420.62645243350761        431.30586864574093        441.90584213002620        452.41601581346521        462.82612036518520        473.12598423034763        483.30554356862046        493.35485208740556        503.26409076021105        513.02357742067534        522.62377622286681        532.05530695861705        541.30895422278297        550.37567641748342        559.24661458651258        567.91310107129766        576.36666797994530        584.59905546109940        592.60221977453068        600.36834115056979        607.88983143070732        615.15934148189751        622.16976837732341        628.91426233661014        635.38623341871175        641.57935796094034        647.48758475785689        653.10514097400755        658.42653778475642        663.44657573975451        668.16034984388534        672.56325435086683        676.65098726507790        680.41955454768959        683.86527402392210        686.98477898953547        689.77502151729720        692.23327547042140        694.35713924711990        696.14453833504717        697.59372796310527        698.70329715659386        699.47218272385862        699.89980437070449     
# Matrix elements start here 
   4.2367789389585462E-011   2.2318639803110957E-010   5.4828913559253299E-010   1.0173493806508383E-009   1.6296903460341745E-009   2.3842241286408462E-009   3.2793059750597575E-009   4.3125530281037195E-009   5.4806339695184378E-009   6.7790335230909980E-009   8.2017959625539943E-009   9.7412523348184146E-009   1.1387736777221899E-008   1.3129298047275497E-008   1.4951413206058779E-008   1.6836711320458575E-008   1.8764716113217612E-008   2.0711617729784457E-008   2.2650085248449122E-008   2.4549133274001854E-008   2.6374057951436974E-008   2.8086460017741375E-008   2.9644375045209253E-008   3.1002533720034521E-008   3.2112777682347458E-008   3.2924658833326328E-008   3.3386251671469000E-008   3.3445208551820981E-008   3.3050085969724914E-008   3.2151965053627735E-008   3.0706380228976073E-008   2.8675555204687085E-008   2.6030923797451862E-008   2.2755883686265109E-008   1.8848693624418670E-008   1.4325379592705127E-008   9.2224650105046056E-009   3.5992885185241529E-009  -2.4603736393126356E-009  -8.8476963348713356E-009  -1.5429529527365795E-008  -2.2050754499653140E-008  -2.8538496307747835E-008  -3.4708290589788368E-008  -4.0372123995572730E-008  -4.5348044554483243E-008  -4.9470791709164772E-008  -5.2602657506952274E-008  -5.4643601572460499E-008  -5.5539547305107545E-008  -5.5287824126382936E-008  -5.3938913771646584E-008  -5.1594005510647044E-008  -4.8398332780042323E-008  -4.4530788601982016E-008  -4.0190814440688723E-008  -3.5583936396299084E-008  -3.0907508263289170E-008  -2.6338171387967036E-008  -2.2022261139611277E-008  -1.8069931279034362E-008  -1.4553218799869671E-008  -1.1507736374489252E-008  -8.9372514181305946E-009  -6.8201535954368583E-009  -5.1167478478047589E-009  -3.7764174438445091E-009  -2.7439300118343370E-009  -1.9644439311570832E-009  -1.3870511073975416E-009  -9.6691942573798658E-010  -6.6625041049477707E-010  -4.5434213310055085E-010  -3.0705683193196760E-010  -2.0595746682397131E-010  -1.3731893972855531E-010  -9.1155695001458192E-011  -6.0349782874765671E-011  -3.9918299287604602E-011  -2.6427866483483806E-011  -1.7545028039313322E-011  -1.1702262707272665E-011  -7.8566948981340705E-012  -5.3198292833453654E-012  -3.6397716894598664E-012  -2.5211095226941174E-012  -1.7711635154111159E-012  -1.2643378822551275E-012  -9.1868683624429175E-013  -6.8061643006235518E-013  -5.1494591456257506E-013  -3.9847064578389171E-013  -3.1579877395249483E-013  -2.5665851316706143E-013  -2.1415455669227355E-013  -1.8363703774799328E-013  -1.6196664697050998E-013  -1.4703725384605790E-013  -1.3746746988530965E-013  -1.3240387668240442E-013
   2.2318639803110957E-010   1.1757085785435287E-009   2.8882953642228592E-009   5.3592261958165782E-009   8.5849358678451320E-009   1.2559693478564476E-008   1.7274834730528099E-008   2.2717807105530611E-008   2.8871061740158887E-008   3.5710812861077257E-008   4.3205686624359496E-008   5.1315284168943558E-008   5.9988687216824816E-008   6.9162938456289272E-008   7.8761533267887458E-008   8.8692964228152917E-008   9.8849365428069264E-008   1.0910531017299370E-007   1.1931682331167033E-007   1.2932067846889459E-007   1.3893406097181006E-007   1.4795468928178008E-007   1.5616150109047242E-007   1.6331602442766777E-007   1.6916456824243016E-007   1.7344137946272856E-007   1.7587292226452469E-007   1.7618343702548326E-007   1.7410192699968666E-007   1.6937069484682777E-007   1.6175550256585870E-007   1.5105735036353002E-007   1.3712575601124475E-007   1.1987326124748291E-007   9.9290693894165523E-008   7.5462477074943041E-008   4.8581011591325655E-008   1.8958885680695990E-008  -1.2962578506879881E-008  -4.6610104774991867E-008  -8.1282276684313731E-008  -1.1616194990562283E-007  -1.5033844285395148E-007  -1.8284002262490564E-007  -2.1267626090887308E-007  -2.3888866011888902E-007  -2.6060665097684993E-007  -2.7710480779131388E-007  -2.8785613274747474E-007  -2.9257575911465503E-007  -2.9124962022874746E-007  -2.8414364865187772E-007  -2.7179089734444150E-007  -2.5495643787104034E-007  -2.3458265576373077E-007  -2.1172018273525262E-007  -1.8745170326046595E-007  -1.6281685091345895E-007  -1.3874614859084688E-007  -1.1601047111904212E-007  -9.5190093259652723E-008  -7.6664495604493215E-008  -6.0621280210982865E-008  -4.7080292549756963E-008  -3.5927691509139481E-008  -2.6954368122271889E-008  -1.9893679582540073E-008  -1.4454668592504529E-008  -1.0348436368392573E-008  -7.3068055027140273E-009  -5.0936061145184120E-009  -3.5097206612034094E-009  -2.3934153179716179E-009  -1.6175354589905595E-009  -1.0849571319468454E-009  -7.2337829203501079E-010  -4.8019632326967363E-010  -3.1791478796548076E-010  -2.1028439356556656E-010  -1.3921855167537052E-010  -9.2424917016375492E-011  -6.1645991479332509E-011  -4.1388042167572542E-011  -2.8024165344275910E-011  -1.9173841384098442E-011  -1.3280875255413029E-011  -9.3302577080014814E-012  -6.6603665337503530E-012  -4.8395220243400277E-012  -3.5853982642140772E-012  -2.7126676626708199E-012  -2.0990911875520611E-012  -1.6635865860914732E-012  -1.3520434330898138E-012  -1.1281381543472419E-012  -9.6737585983514789E-013  -8.5321907849223371E-013  -7.7457299032188699E-013  -7.2416062151368582E-013  -6.9748627558340009E-013
   5.4828913559253299E-010   2.8882953642228592E-009   7.0955084092025778E-009   1.3165701454206364E-008   2.1090116019080975E-008   3.0854673226754478E-008   4.2438087813386758E-008   5.5809522422892192E-008   7.0925865300610030E-008   8.7728682618688312E-008   1.0614089910424339E-007   1.2606326791459685E-007   1.4737069936946674E-007   1.6990852772809138E-007   1.9348880582892505E-007   2.1788672938355949E-007   2.4283730647773340E-007   2.6803240387661148E-007   2.9311832059906486E-007   3.1769406140413456E-007   3.4131050866681040E-007   3.6347072065420746E-007   3.8363161700597565E-007   4.0120734707869374E-007   4.1557467149315615E-007   4.2608071803830005E-007   4.3205349452408568E-007   4.3281554546207497E-007   4.2770111626252894E-007   4.1607712500115795E-007   3.9736812245028143E-007   3.7108522939492257E-007   3.3685876024218325E-007   2.9447386114718409E-007   2.4390800471814516E-007   1.8536860042980779E-007   1.1932832802727120E-007   4.6555133385778074E-008  -3.1866775322210414E-008  -1.1452901683833618E-007  -1.9970840648453691E-007  -2.8539745009802428E-007  -3.6935886048616945E-007  -4.4920536655752562E-007  -5.2250377019543971E-007  -5.8689932066813484E-007  -6.4025328510399392E-007  -6.8078351035185157E-007  -7.0719532733901760E-007  -7.1878891720088967E-007  -7.1552974234472236E-007  -6.9807114544660572E-007  -6.6772270889717452E-007  -6.2636401859050285E-007  -5.7631026904612791E-007  -5.2014258240834801E-007  -4.6052082195377298E-007  -3.9999908307419854E-007  -3.4086340283668634E-007  -2.8500760397330224E-007  -2.3385725495391754E-007  -1.8834462656397831E-007  -1.4893059586880295E-007  -1.1566390785175399E-007  -8.8264876592667818E-008  -6.6219769932074661E-008  -4.8873511848754678E-008  -3.5511293411814538E-008  -2.5423364035659279E-008  -1.7950880951501949E-008  -1.2513636068254721E-008  -8.6224495502257818E-009  -5.8799837778058245E-009  -3.9738532737966289E-009  -2.6654500999991064E-009  -1.7771472438839467E-009  -1.1797140101264533E-009  -7.8103159954603111E-010  -5.1661247492560751E-010  -3.4202270055997926E-010  -2.2706325826330823E-010  -1.5144767686932785E-010  -1.0167932076634735E-010  -6.8847856170035870E-011  -4.7104982627129939E-011  -3.2627545156677081E-011  -2.2921937659441028E-011  -1.6362731521946697E-011  -1.1889405340084897E-011  -8.8083600020799616E-012  -6.6642953044163390E-012  -5.1569027292635437E-012  -4.0869849345383772E-012  -3.3216071265673445E-012  -2.7715320337979523E-012  -2.3765822880251883E-012  -2.0961297638408543E-012  -1.9029174684246245E-012  -1.7790678318798825E-012  -1.7135361357128074E-012
   1.0173493806508383E-009   5.3592261958165782E-009   1.3165701454206364E-008   2.4428932218740691E-008   3.9132666890543008E-008   5.7250781597098499E-008   7.8743780563341473E-008   1.0355444345941439E-007   1.3160277392636048E-007   1.6278034435453793E-007   1.9694413649719742E-007   2.3390999100885480E-007   2.7344579506845063E-007   3.1526455502628305E-007   3.5901752073183594E-007   4.0428755042283804E-007   4.5058293058796886E-007   4.9733189499108631E-007   5.4387812205576149E-007   5.8947753096698684E-007   6.3329674478929747E-007   6.7441364371092015E-007   7.1182049237973113E-007   7.4443018998762363E-007   7.7108625611610728E-007   7.9057722254967807E-007   8.0165614104799408E-007   8.0306592502740230E-007   7.9357120006892227E-007   7.7199722007834298E-007   7.3727618442633002E-007   6.8850093569994648E-007   6.2498549807194832E-007   5.4633120966713436E-007   4.5249630013577433E-007   3.4386568290194273E-007   2.2131652193329733E-007   8.6273893633514130E-008  -5.9250251929529366E-008  -2.1264241217286798E-007  -3.7070492020644878E-007  -5.2971253291185333E-007  -6.8551359701804490E-007  -8.3367815003944367E-007  -9.6969101686882438E-007  -1.0891826086591332E-006  -1.1881842086882162E-006  -1.2633888084845584E-006  -1.3123940218925615E-006  -1.3339013189333955E-006  -1.3278467193591081E-006  -1.2954427247891034E-006  -1.2391195994992939E-006  -1.1623653394091540E-006  -1.0694762746371219E-006  -9.6524219327551795E-007  -8.5459898179020026E-007  -7.4228623529305287E-007  -6.3254609968664738E-007  -5.2889288024149347E-007  -4.3397193906894844E-007  -3.4951322626994888E-007  -2.7637193050895334E-007  -2.1463845322832310E-007  -1.6379373430800908E-007  -1.2288440216521802E-007  -9.0694801312785681E-008  -6.5898437056012088E-008  -4.7178207589502556E-008  -3.3311485722825967E-008  -2.3221570511477268E-008  -1.6000685036282489E-008  -1.0911486053168080E-008  -7.3742774415400635E-009  -4.9462730129897700E-009  -3.2978494933477415E-009  -2.1891930303225533E-009  -1.4493585393885718E-009  -9.5867639387206128E-010  -6.3469050176844573E-010  -4.2136053994652268E-010  -2.8104091261258551E-010  -1.8868592609418228E-010  -1.2776068684999622E-010  -8.7412514678997593E-011  -6.0546789516088222E-011  -4.2536133020779785E-011  -3.0364242060800753E-011  -2.2063110463745515E-011  -1.6345628757585229E-011  -1.2366898035433258E-011  -9.5696369522486059E-012  -7.5841958149973757E-012  -6.1638880932758739E-012  -5.1431165758780502E-012  -4.4102103941196307E-012  -3.8897761250663778E-012  -3.5312330968910520E-012  -3.3014059896744408E-012  -3.1797991734475510E-012
   1.6296903460341745E-009   8.5849358678451320E-009   2.1090116019080975E-008   3.9132666890543008E-008   6.2686554177647142E-008   9.1709928155217751E-008   1.2613951702798728E-007   1.6588365370038578E-007   2.1081418298393448E-007   2.6075740155376437E-007   3.1548419018491578E-007   3.7469951943547154E-007   4.3803153568470630E-007   5.0502046292224665E-007   5.7510758726297229E-007   6.4762462677292828E-007   7.2178383009125723E-007   7.9666919504411442E-007   8.7122925454050511E-007   9.4427194299401569E-007   1.0144621333363771E-006   1.0803225225266900E-006   1.1402386409816613E-006   1.1924688650276641E-006   1.2351604146137230E-006   1.2663724101850970E-006   1.2841071263820177E-006   1.2863505929911391E-006   1.2711236246282212E-006   1.2365441714056476E-006   1.1809015279195425E-006   1.1027423679414040E-006   1.0009677395901154E-006   8.7493902352704389E-007   7.2458941118620964E-007   5.5053572681240059E-007   3.5418347897255511E-007   1.3781604165639700E-007  -9.5342923594348323E-008  -3.4110595225007843E-007  -5.9434964088161734E-007  -8.4910531903083155E-007  -1.0987211455687217E-006  -1.3360994053512790E-006  -1.5540058985457279E-006  -1.7454397363196512E-006  -1.9040423682396310E-006  -2.0245154997479363E-006  -2.1030102911666836E-006  -2.1374465675196015E-006  -2.1277222076767274E-006  -2.0757803144621234E-006  -1.9855151162538499E-006  -1.8625155431465211E-006  -1.7136656184187898E-006  -1.5466399403581935E-006  -1.3693471220477322E-006  -1.1893811988304800E-006  -1.0135391039712679E-006  -8.4745153353017463E-007  -6.9535687695165803E-007  -5.6002677574252218E-007  -4.4283126921056842E-007  -3.4391501281730012E-007  -2.6244615884046480E-007  -1.9689699821053294E-007  -1.4531959659605994E-007  -1.0558844912516719E-007  -7.5593122648652775E-008  -5.3374576770045392E-008  -3.7207600044377965E-008  -2.5637655466981579E-008  -1.7483296469302297E-008  -1.1815676964538480E-008  -7.9253227870334180E-009  -5.2840810208872606E-009  -3.5077002509537503E-009  -2.3222771499311032E-009  -1.5360666617181721E-009  -1.0169506038721268E-009  -6.7513646380796923E-010  -4.5030534911118816E-010  -3.0232699993206092E-010  -2.0470787188500801E-010  -1.4005893146042358E-010  -9.7012615335201799E-011  -6.8154573754838022E-011  -4.8651850261403397E-011  -3.5351152724643148E-011  -2.6190175148177606E-011  -1.9815155758717158E-011  -1.5333175903245303E-011  -1.2151954797962899E-011  -9.8762326473409202E-012  -8.2406771369875979E-012  -7.0663608254455739E-012  -6.2324827325166089E-012  -5.6579987328766969E-012  -5.2897528594101785E-012  -5.0949054905047865E-012
   2.3842241286408462E-009   1.2559693478564476E-008   3.0854673226754478E-008   5.7250781597098499E-008   9.1709928155217751E-008   1.3417088178008670E-007   1.8454106654014051E-007   2.4268635792458049E-007   3.0841924084243589E-007   3.8148555224067485E-007   4.6155004176026024E-007   5.4818101550160990E-007   6.4083436562932802E-007   7.3883733022625618E-007   8.4137237401284192E-007   9.4746163264851847E-007   1.0559524231910885E-006   1.1655043931087542E-006   1.2745789623484577E-006   1.3814318095044790E-006   1.4841092655958410E-006   1.5804496075564060E-006   1.6680903863263650E-006   1.7444830762320675E-006   1.8069164833582773E-006   1.8525504848353043E-006   1.8784617643391508E-006   1.8817032278139623E-006   1.8593786825128800E-006   1.8087340854729188E-006   1.7272661480141556E-006   1.6128482485854308E-006   1.4638723875669670E-006   1.2794042604041531E-006   1.0593464096932934E-006   8.0460188003937002E-007   5.1722796292312054E-007   2.0056671286437826E-007  -1.4066370156398558E-007  -5.0033459098817787E-007  -8.7094753741336263E-007  -1.2437671108610168E-006  -1.6090581207271550E-006  -1.9564329267938196E-006  -2.2753042601513392E-006  -2.5554264486199184E-006  -2.7874940544166629E-006  -2.9637535155433254E-006  -3.0785727472067819E-006  -3.1289083005071761E-006  -3.1146117829483580E-006  -3.0385281252699317E-006  -2.9063578171094134E-006  -2.7262815681224188E-006  -2.5083754122760613E-006  -2.2638722773489951E-006  -2.0043473982488708E-006  -1.7409154046302290E-006  -1.4835241176069647E-006  -1.2404143122361111E-006  -1.0177888770707184E-006  -8.1970389903352029E-007  -6.4816404684193509E-007  -5.0338051628486286E-007  -3.8413531795422619E-007  -2.8819204347052277E-007  -2.1269929804324954E-007  -1.5454585496154700E-007  -1.1064260653003488E-007  -7.8122079392382360E-008  -5.4459081618615492E-008  -3.7524622104662500E-008  -2.5589438829079243E-008  -1.7294002499389605E-008  -1.1599876901100673E-008  -7.7340226902826467E-009  -5.1340256841169392E-009  -3.3989848963478765E-009  -2.2482515548347156E-009  -1.4884504394849532E-009  -9.8815663641034215E-010  -6.5908444750758760E-010  -4.4249732027544145E-010  -2.9961808729195173E-010  -2.0499538538402830E-010  -1.4199115736009918E-010  -9.9753448738330575E-011  -7.1208545898851908E-011  -5.1741163850584757E-011  -3.8332830442995404E-011  -2.9002127734634957E-011  -2.2442146157367276E-011  -1.7786001482268139E-011  -1.4455176960098082E-011  -1.2061322604462873E-011  -1.0342553808929060E-011  -9.1220619817817456E-012  -8.2812280978427638E-012  -7.7422512326226684E-012  -7.4570661789484978E-012
   3.2793059750597575E-009   1.7274834730528099E-008   4.2438087813386758E-008   7.8743780563341473E-008   1.2613951702798728E-007   1.8454106654014051E-007   2.5382107582323081E-007   3.3379502994996625E-007   4.2420495929761370E-007   5.2470119907254503E-007   6.3482252250824180E-007   7.5397501238043372E-007   8.8141008728006170E-007   1.0162021564150507E-006   1.1572264402763232E-006   1.3031375661808038E-006   1.4523496300759292E-006   1.6030185120745533E-006   1.7530273462141179E-006   1.8999761778398780E-006   2.0411769968664851E-006   2.1736555122530354E-006   2.2941612296709177E-006   2.3991876034109997E-006   2.4850042415838881E-006   2.5477033285447146E-006   2.5832625571124605E-006   2.5876268889757452E-006   2.5568113227875450E-006   2.4870264681469102E-006   2.3748280084540457E-006   2.2172899871481953E-006   2.0122001741888807E-006   1.7582734884293340E-006   1.4553765392805485E-006   1.1047528593980989E-006   7.0923449598346222E-007   2.7342162883878528E-007  -1.9619171927157152E-007  -6.9117035006667130E-007  -1.2011940589837304E-006  -1.7142403248417371E-006  -2.2169108737743769E-006  -2.6949097187262784E-006  -3.1336664090626870E-006  -3.5190809437241131E-006  -3.8383476884946532E-006  -4.0807971732902881E-006  -4.2386800090070223E-006  -4.3078097893205989E-006  -4.2879847453441617E-006  -4.1831228978325599E-006  -4.0010723446332962E-006  -3.7530945673037486E-006  -3.4530593275508242E-006  -3.1164282671046734E-006  -2.7591337168918498E-006  -2.3964736040272527E-006  -2.0421394940132067E-006  -1.7074730860459847E-006  -1.4010109318277191E-006  -1.1283346130938677E-006  -8.9220210863385946E-007  -6.9290289851821401E-007  -5.2875942161908727E-007  -3.9669248855870824E-007  -2.9277658403105694E-007  -2.1272870515241054E-007  -1.5229643178795254E-007  -1.0753252543989604E-007  -7.4960970120789415E-008  -5.1651168130366170E-008  -3.5222778272144049E-008  -2.3804412787606834E-008  -1.5966676211913700E-008  -1.0645494247802757E-008  -7.0667175913609032E-009  -4.6785179564131307E-009  -3.0945919147200119E-009  -2.0487658567153327E-009  -1.3601388614451750E-009  -9.0718961413859302E-010  -6.0907003865924271E-010  -4.1240530017480206E-010  -2.8216292415679709E-010  -1.9544152528176129E-010  -1.3730399487716776E-010  -9.8013773010686572E-011  -7.1218192083270027E-011  -5.2762507176308048E-011  -3.9919418322849662E-011  -3.0890046265789090E-011  -2.4481179939669858E-011  -1.9896528298417183E-011  -1.6601552899783577E-011  -1.4235786833942505E-011  -1.2555864827155914E-011  -1.1398515736337817E-011  -1.0656651832128378E-011  -1.0264114611260985E-011
   4.3125530281037195E-009   2.2717807105530611E-008   5.5809522422892192E-008   1.0355444345941439E-007   1.6588365370038578E-007   2.4268635792458049E-007   3.3379502994996625E-007   4.3896694076447252E-007   5.5786272093094349E-007   6.9002236055016946E-007   8.3483906917577902E-007   9.9153147533936681E-007   1.1591147134625536E-006   1.3363710213337821E-006   1.5218205549397934E-006   1.7136932217493202E-006   1.9099024419380686E-006   2.1080218735299403E-006   2.3052662862415387E-006   2.4984779438560471E-006   2.6841200589371149E-006   2.8582791170019234E-006   3.0166781263905101E-006   3.1547031255871902E-006   3.2674455538975498E-006   3.3497633350683397E-006   3.3963636930316533E-006   3.4019107530908163E-006   3.3611607990254693E-006   3.2691275544536145E-006   3.1212789149058768E-006   2.9137650446618010E-006   2.6436755432757123E-006   2.3093203830195809E-006   1.9105254841209727E-006   1.4489291977283811E-006   9.2826082685202796E-007   3.5457705069824434E-007  -2.6357262419217749E-007  -9.1508359969076918E-007  -1.5863701818929259E-006  -2.2616061370625841E-006  -2.9231546487591499E-006  -3.5521976769497087E-006  -4.1295564638971989E-006  -4.6366721813510136E-006  -5.0566905527629758E-006  -5.3755699778370994E-006  -5.5831134212011528E-006  -5.6738146228851101E-006  -5.6474130136734852E-006  -5.5090714392243491E-006  -5.2691262044087432E-006  -4.9424066687671437E-006  -4.5471751873241563E-006  -4.1037889298696711E-006  -3.6332238018536064E-006  -3.1556196186200261E-006  -2.6890006081139053E-006  -2.2482967175505231E-006  -1.8447443968722246E-006  -1.4856895320941779E-006  -1.1747605613290847E-006  -9.1233612324400181E-007  -6.9620535174567278E-007  -5.2231233458653508E-007  -3.8548722705511505E-007  -2.8008983453163858E-007  -2.0052050819007768E-007  -1.4158163663835821E-007  -9.8696208933532785E-008  -6.8005457641522130E-008  -4.6375191586355535E-008  -3.1341385852042819E-008  -2.1021997137481193E-008  -1.4016000980351292E-008  -9.3041125609058309E-009  -6.1597705883456008E-009  -4.0743536275871625E-009  -2.6974091796593353E-009  -1.7907583679402819E-009  -1.1944036122795225E-009  -8.0189892427241934E-010  -5.4297025937324117E-010  -3.7149349258402183E-010  -2.5731648619343412E-010  -1.8077296922245558E-010  -1.2904376215714200E-010  -9.3764940473735426E-011  -6.9466373601695559E-011  -5.2557307557253607E-011  -4.0669346823459028E-011  -3.2231517343434331E-011  -2.6195428450278508E-011  -2.1857311560379126E-011  -1.8742579498305479E-011  -1.6530820163479958E-011  -1.5007072649079956E-011  -1.4030346549453780E-011  -1.3513538412633025E-011
   5.4806339695184378E-009   2.8871061740158887E-008   7.0925865300610030E-008   1.3160277392636048E-007   2.1081418298393448E-007   3.0841924084243589E-007   4.2420495929761370E-007   5.5786272093094349E-007   7.0896101460237652E-007   8.7691491180596329E-007   1.0609528209125950E-006   1.2600811291038577E-006   1.4730474283712755E-006   1.6983031177989338E-006   1.9339662806423704E-006   2.1777858546449634E-006   2.4271082519230444E-006   2.6788477457188256E-006   2.9294621307743390E-006   3.1749353870045372E-006   3.4107693360170247E-006   3.6319865773300066E-006   3.8331473214034916E-006   4.0083830878221316E-006   4.1514505864870584E-006   4.2558094103986595E-006   4.3147273849285342E-006   4.3214174621968723E-006   4.2692098164533377E-006   4.1517621569232203E-006   3.9633100751163968E-006   3.6989573177008238E-006   3.3550030631899987E-006   2.9292994564812102E-006   2.4216277739657011E-006   1.8340757403105719E-006   1.1713919760894306E-006   4.4128685483482580E-007  -3.4535698638277391E-007  -1.1744054843757914E-006  -2.0285674283214604E-006  -2.8877007399179361E-006  -3.7293598190035832E-006  -4.5295966726029718E-006  -5.2640053070185058E-006  -5.9089699050976206E-006  -6.4430452868028307E-006  -6.8483672166455391E-006  -7.1119656051520775E-006  -7.2268413068692986E-006  -7.1926720945042179E-006  -7.0160384980861500E-006  -6.7101052726356389E-006  -6.2937550008360800E-006  -5.7902385149173881E-006  -5.2254714004017543E-006  -4.6261550826206712E-006  -4.0179250789686099E-006  -3.4237225257523959E-006  -2.8625486738038029E-006  -2.3487024652250490E-006  -1.8915300193200677E-006  -1.4956453063374714E-006  -1.1615256894820834E-006  -8.8635262824829352E-007  -6.6495944904030453E-007  -4.9076206550051575E-007  -3.5657822475028791E-007  -2.5527781263090878E-007  -1.8024295189272163E-007  -1.2564614861780573E-007  -8.6574512430195271E-008  -5.9037748648864111E-008  -3.9898837098788681E-008  -2.6761728093472565E-008  -1.7842782977227976E-008  -1.1844367171824168E-008  -7.8415154632864068E-009  -5.1867206897068745E-009  -3.4338376248592547E-009  -2.2796532553605629E-009  -1.5204841066472182E-009  -1.0208206898653753E-009  -6.9120203693619678E-010  -4.7291096629114067E-010  -3.2756316734791716E-010  -2.3012313418960953E-010  -1.6427187128347567E-010  -1.1936201093378661E-010  -8.8430032080615359E-011  -6.6904884474078869E-011  -5.1771592513621950E-011  -4.1030304056518176E-011  -3.3346418261076225E-011  -2.7824039194476656E-011  -2.3859019064557134E-011  -2.1043474807266900E-011  -1.9103762451318519E-011  -1.7860402161274980E-011  -1.7202511888165884E-011
   6.7790335230909980E-009   3.5710812861077257E-008   8.7728682618688312E-008   1.6278034435453793E-007   2.6075740155376437E-007   3.8148555224067485E-007   5.2470119907254503E-007   6.9002236055016946E-007   8.7691491180596329E-007   1.0846547895417582E-006   1.3122868257571256E-006   1.5585809649294948E-006   1.8219867264079938E-006   2.1005868923494199E-006   2.3920515330770510E-006   2.6935936302138952E-006   3.0019277287430018E-006   3.3132332486361753E-006   3.6231243216169175E-006   3.9266282951825191E-006   4.2181753685463880E-006   4.4916021942949229E-006   4.7401726897229565E-006   4.9566197381150757E-006   5.1332118944994237E-006   5.2618495965367344E-006   5.3341956501369540E-006   5.3418448140541029E-006   5.2765370192460020E-006   5.1304179656254685E-006   4.8963493509238560E-006   4.5682685975498424E-006   4.1415944547505947E-006   3.6136701111149342E-006   2.9842294001005564E-006   2.2558644267172838E-006   1.4344648341264854E-006   5.2959062391282237E-007  -4.4526703432912424E-007  -1.4725878280016225E-006  -2.5309393338414951E-006  -3.5953568467039012E-006  -4.6380220168033842E-006  -5.6292560409346935E-006  -6.5388143441309576E-006  -7.3374337918985009E-006  -7.9985437785286010E-006  -8.5000141961824138E-006  -8.8257829080890034E-006  -8.9671900588743096E-006  -8.9238526146638168E-006  -8.7039436651609948E-006  -8.3237969064245111E-006  -7.8068320278368319E-006  -7.1818812413740199E-006  -6.4810772369618666E-006  -5.7375238705065614E-006  -4.9830007246484427E-006  -4.2459446352666651E-006  -3.5499061157173699E-006  -2.9126047355584300E-006  -2.3456191353511211E-006  -1.8546611425299225E-006  -1.4403145386130888E-006  -1.0990776521455817E-006  -8.2453857009907792E-007  -6.0852910154158205E-007  -4.4214044996337255E-007  -3.1652937300317700E-007  -2.2348848912408447E-007  -1.5579098740233099E-007  -1.0734450236098388E-007  -7.3200902251482742E-008  -4.9470242534557950E-008  -3.3181449021984077E-008  -2.2122866246356465E-008  -1.4685490762840519E-008  -9.7224246521725004E-009  -6.4308086588250287E-009  -4.2574619448914977E-009  -2.8264300721201700E-009  -1.8851672862370964E-009  -1.2656573636841826E-009  -8.5697959668294593E-010  -5.8633220142346612E-010  -4.0612376836420493E-010  -2.8531374837956277E-010  -2.0366892990882161E-010  -1.4798815026213481E-010  -1.0963769863866144E-010  -8.2950181123446008E-011  -6.4187504543696363E-011  -5.0870173934077904E-011  -4.1343502276522487E-011  -3.4496726976797844E-011  -2.9580806016934141E-011  -2.6090033454115038E-011  -2.3685137492892517E-011  -2.2143593999222697E-011  -2.1327928399381836E-011
   8.2017959625539943E-009   4.3205686624359496E-008   1.0614089910424339E-007   1.9694413649719742E-007   3.1548419018491578E-007   4.6155004176026024E-007   6.3482252250824180E-007   8.3483906917577902E-007   1.0609528209125950E-006   1.3122868257571256E-006   1.5876841614430343E-006   1.8856548842332100E-006   2.2043208490792839E-006   2.5413595879078507E-006   2.8939485921047488E-006   3.2587115251284399E-006   3.6316680982274432E-006   4.0081895842357203E-006   4.3829622296077939E-006   4.7499611608116210E-006   5.1024377732332180E-006   5.4329240396342157E-006   5.7332576741906199E-006   5.9946326190755028E-006   6.2076798491228019E-006   6.3625839602298468E-006   6.4492413347693806E-006   6.4574657443679611E-006   6.3772469004025990E-006   6.1990664992773434E-006   5.9142745023430749E-006   5.5155254891570208E-006   4.9972706866993800E-006   4.3562955197705303E-006   3.5922851811456683E-006   2.7083919155996390E-006   1.7117678715826006E-006   6.1401729836364674E-007  -5.6848720422855183E-007  -1.8144860530922854E-006  -3.0979749655758710E-006  -4.3886661318730225E-006  -5.6528119494750410E-006  -6.8544103937938442E-006  -7.9567761361145278E-006  -8.9244179606672811E-006  -9.7251148689528972E-006  -1.0332036744182264E-005  -1.0725718597478075E-005  -1.0895678883385167E-005  -1.0841479748219605E-005  -1.0573064884225314E-005  -1.0110278497736174E-005  -9.4815602907821804E-006  -8.7219139122928150E-006  -7.8703434569591258E-006  -6.9670266166482872E-006  -6.0505292600084371E-006  -5.1553564155857815E-006  -4.3100797979846223E-006  -3.5361923437915167E-006  -2.8477329669245799E-006  -2.2516201184470361E-006  -1.7485491191976749E-006  -1.3342580443595154E-006  -1.0009543660398632E-006  -7.3871562854280747E-007  -5.3672213660189115E-007  -3.8423525737136937E-007  -2.7128940777594990E-007  -1.8911021018458521E-007  -1.3030103349253715E-007  -8.8854675619353240E-008  -6.0048759949619195E-008  -4.0276509263159236E-008  -2.6853112546579421E-008  -1.7825377239626349E-008  -1.1801089909591740E-008  -7.8056776001550537E-009  -5.1676547127334491E-009  -3.4306691405958720E-009  -2.2881713088744502E-009  -1.5362185360311701E-009  -1.0401732743473474E-009  -7.1166802164264127E-010  -4.9293622860328135E-010  -3.4630102500850662E-010  -2.4720355961091928E-010  -1.7962047856410500E-010  -1.3307236922253353E-010  -1.0068029634580321E-010  -7.7907075042162524E-011  -6.1743178171969257E-011  -5.0180208081709565E-011  -4.1869965677143710E-011  -3.5903295758106594E-011  -3.1666395210375332E-011  -2.8747471853780232E-011  -2.6876436689178943E-011  -2.5886429913174571E-011
   9.7412523348184146E-009   5.1315284168943558E-008   1.2606326791459685E-007   2.3390999100885480E-007   3.7469951943547154E-007   5.4818101550160990E-007   7.5397501238043372E-007   9.9153147533936681E-007   1.2600811291038577E-006   1.5585809649294948E-006   1.8856548842332100E-006   2.2395305650344710E-006   2.6179737914054464E-006   3.0182216566434138E-006   3.4369162402239357E-006   3.8700405725707702E-006   4.3128589482097410E-006   4.7598639363040166E-006   5.2047327777889274E-006   5.6402962594600661E-006   6.0585236238105524E-006   6.4505276101265149E-006   6.8065943192580143E-006   7.1162432298522657E-006   7.3683233265793311E-006   7.5511518638357185E-006   7.6527026810217885E-006   7.6608510666667368E-006   7.5636817514190938E-006   7.3498654601052474E-006   7.0091072956793944E-006   6.5326667650118396E-006   5.9139442012577572E-006   5.1491214684005516E-006   4.2378360702519644E-006   3.1838572862006058E-006   1.9957212231448018E-006   6.8726966195891597E-007  -7.2197323267544813E-007  -2.2066598648681627E-006  -3.7357892807177731E-006  -5.2732574562645477E-006  -6.7788398331308769E-006  -8.2096287937488964E-006  -9.5219070737989045E-006  -1.0673386171185833E-005  -1.1625681390298255E-005  -1.2346839713832275E-005  -1.2813692779574986E-005  -1.3013785172169651E-005  -1.2946637070404413E-005  -1.2624145407799902E-005  -1.2070008616602648E-005  -1.1318169012841343E-005  -1.0410389164487328E-005  -9.3931943703508993E-006  -8.3145016077087372E-006  -7.2202983857407495E-006  -6.1517232008009884E-006  -5.1428338526352143E-006  -4.2192429165251363E-006  -3.3976717529320019E-006  -2.6863496820722346E-006  -2.0860852652775393E-006  -1.5917768220437219E-006  -1.1941143591095229E-006  -8.8125024931495373E-007  -6.4026933783157278E-007  -4.5835549815546153E-007  -3.2361662291610066E-007  -2.2558299218778491E-007  -1.5542941083694467E-007  -1.0598883200460824E-007  -7.1627337596517462E-008  -4.8042096799629018E-008  -3.2030263320949271E-008  -2.1261832876531596E-008  -1.4076040251169117E-008  -9.3103432089747365E-009  -6.1637573787342819E-009  -4.0919290549472126E-009  -2.7291991864724771E-009  -1.8323032256582705E-009  -1.2406459974081543E-009  -8.4882402520144910E-010  -5.8793476876899282E-010  -4.1303850123896569E-010  -2.9484243042943646E-010  -2.1423467079383873E-010  -1.5871595101715928E-010  -1.2008149297085177E-010  -9.2919640791553917E-011  -7.3640842710268945E-011  -5.9849632226726328E-011  -4.9937983462596844E-011  -4.2821530654853919E-011  -3.7768181595308121E-011  -3.4286786584395243E-011  -3.2055207632349550E-011  -3.0874429555773105E-011
   1.1387736777221899E-008   5.9988687216824816E-008   1.4737069936946674E-007   2.7344579506845063E-007   4.3803153568470630E-007   6.4083436562932802E-007   8.8141008728006170E-007   1.1591147134625536E-006   1.4730474283712755E-006   1.8219867264079938E-006   2.2043208490792839E-006   2.6179737914054464E-006   3.0603283293159711E-006   3.5281477189667761E-006   4.0174979405426489E-006   4.5236726097991735E-006   5.0411229697531831E-006   5.5633957136363216E-006   6.0830817902230005E-006   6.5917798147727583E-006   7.0800782606925838E-006   7.5375612398134660E-006   7.9528433833725605E-006   8.3136400857239734E-006   8.6068801199253091E-006   8.8188682993497550E-006   8.9355063237093744E-006   8.9425800450348953E-006   8.8261208990573668E-006   8.5728478946925526E-006   8.1706940158112758E-006   7.6094168154594680E-006   6.8812870368289476E-006   5.9818410181793427E-006   4.9106723374477926E-006   3.6722258126815161E-006   2.2765431896539044E-006   7.3989574043822404E-007  -9.1477369473086639E-007  -2.6576856000127549E-006  -4.4524242426440572E-006  -6.2565848339986009E-006  -8.0229284656832008E-006  -9.7010714048073132E-006  -1.1239686335866523E-005  -1.2589132112975613E-005  -1.3704361132763901E-005  -1.4547888317323124E-005  -1.5092554137351413E-005  -1.5323788226154610E-005  -1.5241090564226771E-005  -1.4858500276201391E-005  -1.4203917191064423E-005  -1.3317269393949505E-005  -1.2247663673342282E-005  -1.1049791779420093E-005  -9.7799690191673796E-006  -8.4922322542510141E-006  -7.2349104889608292E-006  -6.0480042718556493E-006  -4.9615843961630807E-006  -3.9952700577623972E-006  -3.1587000461570182E-006  -2.4527934436862192E-006  -1.8715260784099357E-006  -1.4039314667336667E-006  -1.0360646051428207E-006  -7.5272969336724007E-007  -5.3885085971751492E-007  -3.8044130688265482E-007  -2.6518852302314184E-007  -1.8271484551741074E-007  -1.2459300588974067E-007  -8.4198796630161252E-008  -5.6473289720719101E-008  -3.7650971664570250E-008  -2.4992596107744901E-008  -1.6545754186356677E-008  -1.0943784372976500E-008  -7.2450849552532019E-009  -4.8097495946537441E-009  -3.2079406078742604E-009  -2.1537010293417801E-009  -1.4582540173613275E-009  -9.9770105706037810E-010  -6.9105019962631689E-010  -4.8547724334430463E-010  -3.4655039971687089E-010  -2.5180505264239890E-010  -1.8654933014588282E-010  -1.4113924677665340E-010  -1.0921391955867349E-010  -8.6554195942311125E-011  -7.0344461982187238E-011  -5.8694663506318730E-011  -5.0330254749382622E-011  -4.4390749241294246E-011  -4.0298861045321059E-011  -3.7675957484632401E-011  -3.6288121640792205E-011
   1.3129298047275497E-008   6.9162938456289272E-008   1.6990852772809138E-007   3.1526455502628305E-007   5.0502046292224665E-007   7.3883733022625618E-007   1.0162021564150507E-006   1.3363710213337821E-006   1.6983031177989338E-006   2.1005868923494199E-006   2.5413595879078507E-006   3.0182216566434138E-006   3.5281477189667761E-006   4.0673959747495515E-006   4.6314182288054596E-006   5.2147729825120925E-006   5.8110443782367141E-006   6.4127701759640461E-006   7.0113824060174127E-006   7.5971648907421552E-006   8.1592324704611764E-006   8.6855375063562938E-006   9.1629100540999544E-006   9.5771389770784958E-006   9.9131021402054103E-006   1.0154954602029271E-005   1.0286384265718640E-005   1.0290944564825605E-005   1.0152473191332614E-005   9.8556043014146467E-006   9.3863786836304139E-006   8.7329516395528284E-006   7.8863914188639130E-006   6.8415516700716557E-006   5.5979894078679663E-006   4.1608856765089401E-006   2.5419100949662416E-006   7.5995410733651009E-007  -1.1583569507941363E-006  -3.1784731785465862E-006  -5.2581536285263325E-006  -7.3482180948623854E-006  -9.3938879416229082E-006  -1.1336746704393197E-005  -1.3117294334509853E-005  -1.4677998150455676E-005  -1.5966665312468233E-005  -1.6939886113380434E-005  -1.7566237609938440E-005  -1.7828907161339828E-005  -1.7727407620974519E-005  -1.7278117571301510E-005  -1.6513490408378453E-005  -1.5479924725567785E-005  -1.4234455151132122E-005  -1.2840580566772424E-005  -1.1363666772103262E-005  -9.8664191927355738E-006  -8.4049050041277899E-006  -7.0255146266187798E-006  -5.7631065615261476E-006  -4.6404050622642290E-006  -3.6685500462745625E-006  -2.8485628175591199E-006  -2.1734097500409365E-006  -1.6303258518946465E-006  -1.2030945907608880E-006  -8.7405321300626469E-007  -6.2568333474643984E-007  -4.4173519826875491E-007  -3.0790619569861390E-007  -2.1214256839488474E-007  -1.4465677011214939E-007  -9.7755870057509617E-008  -6.5565078401933264E-008  -4.3711814697521509E-008  -2.9015344268184742E-008  -1.9208663285230250E-008  -1.2704944986630550E-008  -8.4109268861636935E-009  -5.5836520993230342E-009  -3.7240720647639495E-009  -2.5001921299205142E-009  -1.6928468676511916E-009  -1.1581951503308533E-009  -8.0220986258924950E-010  -5.6356579289256148E-010  -4.0229046588534957E-010  -2.9230456177380658E-010  -2.1655233951059986E-010  -1.6383821982671523E-010  -1.2677798786011117E-010  -1.0047374997642911E-010  -8.1656959322333519E-011  -6.8133530062557328E-011  -5.8423901418582199E-011  -5.1529178725873392E-011  -4.6779222573115805E-011  -4.3734500368923471E-011  -4.2123472174754383E-011
