# Version 0.33
# Potential name = chengdu_MMWLY_350   
# L = 1
# S = 0
# J = 1
# Order = 2                   
# K_MAX = 0700 MeV
# For uncoupled channels, e.g., 3P0 (LSJ = 110)
# storage = D(1:N，1:N) (row, column)
# D(i,j)  = <pout(j),L|V|L,pin(i)>
# Normalization
# If V were so weak as to validate the Born approximation, the relation of V
# in 1S0 and the respective scattering length 'a' would have been
# <p|V|p> = 2/pi * a + ... for p->0, in unit of MeV^(-1)
# Momenta are in unit of MeV
# The value of pin and pout, where pin(1:N) = pout(1:N)
  0.10019562929556969       0.52781727614143392        1.2967028434061945        2.4062720368947907        3.8554616649528839        5.6428607528800399        7.7667245295785960        10.224978482702795        13.015221010464529        16.134725976077902        19.580445452310414        23.349012734922155        27.436745649133115        31.839650156114601        36.553424260245549        41.573462215243580        46.894859025992389        52.512415242143049        58.420642039059715        64.613766581288303        71.085737663389921        77.830231622676592        84.840658518102487        92.110168569292739        99.631658849430238        107.39778022546929        115.40094453890066        123.63333202005475        132.08689892870228        140.75338541348742        149.62432358251658        158.69104577721706        167.94469304138295        177.37622377713316        186.97642257932469        196.73590923978898        206.64514791259447        216.69445643137951        226.87401576965237        237.17387963481480        247.58398418653479        258.09415786997380        268.69413135425907        279.37354756649239        290.12197181148883        300.92890196736010        311.78377874697861        322.67599601529719        333.59491115244293        344.52985545245991        355.47014454754009        366.40508884755707        377.32400398470281        388.21622125302139        399.07109803263990        409.87802818851117        420.62645243350761        431.30586864574093        441.90584213002620        452.41601581346521        462.82612036518520        473.12598423034763        483.30554356862046        493.35485208740556        503.26409076021105        513.02357742067534        522.62377622286681        532.05530695861705        541.30895422278297        550.37567641748342        559.24661458651258        567.91310107129766        576.36666797994530        584.59905546109940        592.60221977453068        600.36834115056979        607.88983143070732        615.15934148189751        622.16976837732341        628.91426233661014        635.38623341871175        641.57935796094034        647.48758475785689        653.10514097400755        658.42653778475642        663.44657573975451        668.16034984388534        672.56325435086683        676.65098726507790        680.41955454768959        683.86527402392210        686.98477898953547        689.77502151729720        692.23327547042140        694.35713924711990        696.14453833504717        697.59372796310527        698.70329715659386        699.47218272385862        699.89980437070449     
# Matrix elements start here 
   9.1274776946065520E-011   4.8082341002843133E-010   1.1812517532654958E-009   2.1920311743394110E-009   3.5121931044818856E-009   5.1404519875592005E-009   7.0752175731208896E-009   9.3145974234001372E-009   1.1856396644890127E-008   1.4698114817252712E-008   1.7836938573396621E-008   2.1269727373561994E-008   2.4992989127484339E-008   2.9002841367435918E-008   3.3294952668600520E-008   3.7864457987864567E-008   4.2705840600307279E-008   4.7812772422043807E-008   5.3177903802654734E-008   5.8792593453574604E-008   6.4646569176945230E-008   7.0727510626315622E-008   7.7020546651127415E-008   8.3507662069617718E-008   9.0167012230503215E-008   9.6972148738963809E-008   1.0389116652277334E-007   1.1088579126602486E-007   1.1791043734114981E-007   1.2491127979271495E-007   1.3182539951445861E-007   1.3858007802568872E-007   1.4509233624382202E-007   1.5126882882322519E-007   1.5700621974234650E-007   1.6219217287605753E-007   1.6670708959881824E-007   1.7042670986470891E-007   1.7322565950993668E-007   1.7498197120167661E-007   1.7558252762936276E-007   1.7492927410929661E-007   1.7294592864323735E-007   1.6958479047018918E-007   1.6483312841440819E-007   1.5871853766437606E-007   1.5131261050888409E-007   1.4273229473299406E-007   1.3313842908742916E-007   1.2273115399631844E-007   1.1174218758324584E-007   1.0042430438970070E-007   8.9038712169290832E-008   7.7841334772698430E-008   6.7069218540561935E-008   5.6928338498058901E-008   4.7583964390759916E-008   3.9154461817055226E-008   3.1708990083537651E-008   2.5269082490733590E-008   1.9813636533285569E-008   1.5286476948428900E-008   1.1605438900522066E-008   8.6718749733418876E-009   6.3796061511885800E-009   4.6225725747311945E-009   3.3007368270789404E-009   2.3240912726441867E-009   1.6148731071919841E-009   1.1082669375922796E-009   7.5196643167847246E-010   5.0498281273369136E-010   3.3604852658347033E-010   2.2189279117289751E-010   1.4558336355514157E-010   9.5051601081241076E-011   6.1855025956941531E-011   4.0186524048066020E-011   2.6111210994357415E-011   1.6997720435481035E-011   1.1106248213899355E-011   7.2973953826069918E-012   4.8307267537431010E-012   3.2279394384381361E-012   2.1813683902501977E-012   1.4936133016593873E-012   1.0381356548504330E-012   7.3376780466461077E-013   5.2833377865012579E-013   3.8817616312985106E-013   2.9148025405451612E-013   2.2402493344923483E-013   1.7647806235241355E-013   1.4267267063502752E-013   1.1850565242341584E-013   1.0123206640485762E-013   8.9011677767689215E-014   8.0617305017902423E-014   7.5248015083301584E-014   7.2410870895978294E-014
   4.8082341002843133E-010   2.5329139042211011E-009   6.2226774483688489E-009   1.1547329277586747E-008   1.8501767100161812E-008   2.7079218777013776E-008   3.7271307079843932E-008   4.9068062897680415E-008   6.2457923822858072E-008   7.7427717972916948E-008   9.3962624903439113E-008   1.1204610066781424E-007   1.3165974939803496E-007   1.5278311876943250E-007   1.7539339141098608E-007   1.9946493892131173E-007   2.2496869992576315E-007   2.5187133891836289E-007   2.8013413891622239E-007   3.0971157875813932E-007   3.4054954586922786E-007   3.7258313829966694E-007   4.0573401680216654E-007   4.3990727979035925E-007   4.7498785254073041E-007   5.1083640841986955E-007   5.4728487574205731E-007   5.8413163049125562E-007   6.2113653363202405E-007   6.5801604244334049E-007   6.9443870742468653E-007   7.3002145727171759E-007   7.6432716919121961E-007   7.9686411229214663E-007   8.2708792612877931E-007   8.5440683890434251E-007   8.7819082093384659E-007   8.9778528678845204E-007   9.1252978201424168E-007   9.2178179889064799E-007   9.2494545043969697E-007   9.2150419760248783E-007   9.1105619693721609E-007   8.9335016716628915E-007   8.6831904214570042E-007   8.3610818966565491E-007   7.9709474840104370E-007   7.5189478376106427E-007   7.0135557293635909E-007   6.4653142911655327E-007   5.8864301262068333E-007   5.2902190618248868E-007   4.6904411757780609E-007   4.1005781968319463E-007   3.5331174115791881E-007   2.9989093109549821E-007   2.5066600857930524E-007   2.0626050787096471E-007   1.6703875101807625E-007   1.3311417258969243E-007   1.0437560738853093E-007   8.0527131586503654E-008   6.1135911735209835E-008   4.5682286339481372E-008   3.3606918437778495E-008   2.4351098768496836E-008   1.7387843497446478E-008   1.2243004347087214E-008   8.5069371861853554E-009   5.8382031266947679E-009   3.9612593533940162E-009   2.6601824309889896E-009   1.7702590342386948E-009   1.1689017720144453E-009   7.6691383589307601E-010   5.0071921827374669E-010   3.2584406670846235E-010   2.1169727471805749E-010   1.3755039377086075E-010   8.9541735142528217E-011   5.8506241455783169E-011   3.8441710290501789E-011   2.5447627355176508E-011   1.7004356516501869E-011   1.1491159146278707E-011   7.8681566254832406E-012   5.4687608377530105E-012   3.8653914017931999E-012   2.7831922200573527E-012   2.0448605046510933E-012   1.5354792901138633E-012   1.1801336145264241E-012   9.2966300849618595E-013   7.5158069192689737E-013   6.2427204768235806E-013   5.3327708926388567E-013   4.6890170393845158E-013   4.2468126247972048E-013   3.9639655577140795E-013   3.8145085676742999E-013
   1.1812517532654958E-009   6.2226774483688489E-009   1.5287418400565650E-008   2.8368633203355835E-008   4.5453786919991464E-008   6.6526242254960160E-008   9.1565418647064252E-008   1.2054682471429441E-007   1.5344205477996863E-007   1.9021874912755660E-007   2.3084049797419906E-007   2.7526665736302567E-007   3.2345203367225492E-007   3.7534638112793018E-007   4.3089364368335934E-007   4.9003085935824612E-007   5.5268663229490693E-007   6.1877906626270821E-007   6.8821304421251223E-007   7.6087673308802491E-007   8.3663719307678278E-007   9.1533497781985704E-007   9.9677762918962631E-007   1.0807319999163313E-006   1.1669153828437214E-006   1.2549854904987655E-006   1.3445294166683096E-006   1.4350518262303989E-006   1.5259627631830487E-006   1.6165656405270652E-006   1.7060461773945873E-006   1.7934632722492818E-006   1.8777430338140041E-006   1.9576774136346479E-006   2.0319290668201305E-006   2.0990441717430228E-006   2.1574749175969436E-006   2.2056131668217162E-006   2.2418363632660176E-006   2.2645660409991596E-006   2.2723382685178121E-006   2.2638840504772582E-006   2.2382161673281375E-006   2.1947172896236562E-006   2.1332226541710481E-006   2.0540893899150924E-006   1.9582440235423991E-006   1.8472000594488936E-006   1.7230390262084211E-006   1.5883510832802760E-006   1.4461350595732228E-006   1.2996622900639718E-006   1.1523132499203587E-006   1.0074000315674285E-006   8.6799042015736789E-007   7.3675008486802323E-007   6.1581789892646771E-007   5.0672571565848241E-007   4.1036857479903885E-007   3.2702515409298048E-007   2.5642235102189138E-007   1.9783316158914577E-007   1.5019423226591858E-007   1.1222889673466184E-007   8.2563016896637805E-008   5.9823996740356829E-008   4.2717180961821664E-008   3.0077716784585611E-008   2.0899220496578354E-008   1.4342870033970474E-008   9.7317319804776951E-009   6.5353414477593761E-009   4.3490427968240807E-009   2.8716722996194409E-009   1.8840977672004274E-009   1.2301303184148560E-009   8.0050984844471352E-010   5.2008236642938466E-010   3.3792373752056098E-010   2.1997957965751227E-010   1.4373385083836010E-010   9.4440779571224193E-011   6.2517867896597917E-011   4.1775058221648661E-011   2.8230638536904708E-011   1.9329911179387115E-011   1.3435251264915397E-011   9.4962106153600019E-012   6.8375428921466851E-012   5.0236635860962717E-012   3.7722531093954239E-012   2.8992658680334506E-012   2.2839280197843496E-012   1.8464284216249877E-012   1.5336658645547678E-012   1.3101161123416123E-012   1.1519633785171191E-012   1.0433258352656129E-012   9.7383803851333169E-013   9.3712053935666086E-013
   2.1920311743394110E-009   1.1547329277586747E-008   2.8368633203355835E-008   5.2643247456141165E-008   8.4347911141688895E-008   1.2345175068007074E-007   1.6991657503232663E-007   2.2369693590793030E-007   2.8474012131839736E-007   3.5298608182275890E-007   4.2836725233266017E-007   5.1080821046649479E-007   6.0022509109766931E-007   6.9652465389651840E-007   7.9960287649734449E-007   9.0934292129696443E-007   1.0256123000723312E-006   1.1482590392156908E-006   1.2771066314445397E-006   1.4119475498324290E-006   1.5525350999618261E-006   1.6985733996141939E-006   1.8497053071266017E-006   2.0054981746048887E-006   2.1654273866163178E-006   2.3288577654272725E-006   2.4950230871665002E-006   2.6630041658721000E-006   2.8317062290332490E-006   2.9998366305957485E-006   3.1658843217572693E-006   3.3281029145017473E-006   3.4844996048812972E-006   3.6328326354854482E-006   3.7706203154434853E-006   3.8951648097507678E-006   4.0035938690919477E-006   4.0929232966988192E-006   4.1601421394396887E-006   4.2023212617444805E-006   4.2167440678633693E-006   4.2010557021544276E-006   4.1534241960960171E-006   4.0727039806860438E-006   3.9585893073371030E-006   3.8117428948794974E-006   3.6338840849991083E-006   3.4278214651195658E-006   3.1974176966181218E-006   2.9474792995829697E-006   2.6835711558746857E-006   2.4117638327799065E-006   2.1383304274021847E-006   1.8694171400141721E-006   1.6107168135438743E-006   1.3671760903324853E-006   1.1427640453707883E-006   9.4032331591654301E-007   7.6151481379139038E-007   6.0685567710970814E-007   4.7583911362123992E-007   3.6711603290553246E-007   2.7871318575632249E-007   2.0826148162237243E-007   1.5321095302896429E-007   1.1101449412957408E-007   7.9269632480422896E-008   5.5814768242671829E-008   3.8782370245165158E-008   2.6615848956031512E-008   1.8059029180317610E-008   1.2127535175155166E-008   8.0704535361074490E-009   5.3289192467661490E-009   3.4962919883839196E-009   2.2827343951119377E-009   1.4854941279923204E-009   9.6510905256721365E-010   6.2708001503204553E-010   4.0821280899209654E-010   2.6672475276717935E-010   1.7525233920436891E-010   1.1601347045939554E-010   7.7521349431695704E-011   5.2387172821824387E-011   3.5870226465522129E-011   2.4931594409374222E-011   1.7621975712982011E-011   1.2688325866213299E-011   9.3223372237752743E-012   7.0001135578717207E-012   5.3801242181091007E-012   4.2382509955854694E-012   3.4263895483747840E-012   2.8460007587973084E-012   2.4311628341022255E-012   2.1376811762829463E-012   1.9360841154932907E-012   1.8071366525193056E-012   1.7390005396435286E-012
   3.5121931044818856E-009   1.8501767100161812E-008   4.5453786919991464E-008   8.4347911141688895E-008   1.3514686987905959E-007   1.9780119578154579E-007   2.7224969706261673E-007   3.5841955396748735E-007   4.5622630844435359E-007   5.6557374597082753E-007   6.8635361004024917E-007   8.1844505475785979E-007   9.6171370679777988E-007   1.1160101713672973E-006   1.2811677781015956E-006   1.4569993233563800E-006   1.6432925272020321E-006   1.8398038891521233E-006   2.0462505995150060E-006   2.2623001472166572E-006   2.4875572648711413E-006   2.7215478736880423E-006   2.9636997416204113E-006   3.2133196563780549E-006   3.4695670502140650E-006   3.7314242063722921E-006   3.9976634387556563E-006   4.2668119769789022E-006   4.5371157162151896E-006   4.8065035077458182E-006   5.0725542659374215E-006   5.3324698317037740E-006   5.5830572247778615E-006   5.8207245779403003E-006   6.0414955893639917E-006   6.2410476391832833E-006   6.4147786513155881E-006   6.5579071813022663E-006   6.6656089141651123E-006   6.7331906275304037E-006   6.7562996420330387E-006   6.7311628782367223E-006   6.6548450552546408E-006   6.5255106793233132E-006   6.3426698632125959E-006   6.1073844515409625E-006   5.8224092682744604E-006   5.4922443869056972E-006   5.1230787762837232E-006   4.7226137076805547E-006   4.2997655413773635E-006   3.8642608747026983E-006   3.4261508094149412E-006   2.9952831261793875E-006   2.5807792115486978E-006   2.1905648483878532E-006   1.8309995072997285E-006   1.5066378182969470E-006   1.2201409857982247E-006   9.7233759697907522E-007   7.6241564137742474E-007   5.8821353200148887E-007   4.4656962026853190E-007   3.3368801878636948E-007   2.4548302919167633E-007   1.7787353817946335E-007   1.2701017205033892E-007   8.9429496461993871E-008   6.2139250091450499E-008   4.2645379439677214E-008   2.8935171407798506E-008   1.9431404952248326E-008   1.2930925249318170E-008   8.5382879823655790E-009   5.6019516312571856E-009   3.6575228015595693E-009   2.3801405263569147E-009   1.5463508909817937E-009   1.0047421453381795E-009   6.5406105063049075E-010   4.2736109250172216E-010   2.8079895236134037E-010   1.8588317344405224E-010   1.2420897663838388E-010   8.3937614255673555E-011   5.7473252900418589E-011   3.9946774021008941E-011   2.8234900265565053E-011   2.0329934690898390E-011   1.4936762258805676E-011   1.1215967572156620E-011   8.6203314082854327E-012   6.7907592264260162E-012   5.4899500910142608E-012   4.5600191992755050E-012   3.8953430232942283E-012   3.4251105435050595E-012   3.1021006269136091E-012   2.8954938981410780E-012   2.7863224645365259E-012
   5.1404519875592005E-009   2.7079218777013776E-008   6.6526242254960160E-008   1.2345175068007074E-007   1.9780119578154579E-007   2.8950217705835078E-007   3.9846513410439858E-007   5.2458348779887102E-007   6.6773362518902184E-007   8.2777472653113841E-007   1.0045483474122082E-006   1.1978776175687176E-006   1.4075658679652394E-006   1.6333944441211448E-006   1.8751194069981745E-006   2.1324667650142132E-006   2.4051258248919652E-006   2.6927401988924318E-006   2.9948959662549123E-006   3.3111064631882956E-006   3.6407931756532884E-006   3.9832622411007776E-006   4.3376761397032431E-006   4.7030202847369695E-006   5.0780644197733601E-006   5.4613190127831951E-006   5.8509872202416223E-006   6.2449134928297691E-006   6.6405305196466449E-006   7.0348069637950869E-006   7.4241993200958995E-006   7.8046121980029411E-006   8.1713723459974204E-006   8.5192227009174767E-006   8.8423435404351496E-006   9.1344082705338720E-006   9.3886812845878390E-006   9.5981644521014831E-006   9.7557968972116057E-006   9.8547096114208416E-006   9.8885320055765120E-006   9.8517417939982524E-006   9.7400428944321078E-006   9.5507488749866705E-006   9.2831427358527214E-006   8.9387785946761601E-006   8.5216884166452362E-006   8.0384585172161539E-006   7.4981470820508666E-006   6.9120257052899297E-006   6.2931443874787736E-006   5.6557389935263973E-006   5.0145203335944384E-006   4.3839016367360954E-006   3.7772329803073305E-006   3.2061145540099198E-006   2.6798540901717517E-006   2.2051177532674136E-006   1.7858004867514751E-006   1.4231150122672315E-006   1.1158728698782513E-006   8.6091035707227200E-007   6.5360007943856269E-007   4.8838636953252777E-007   3.5928939206392500E-007   2.6033602244193598E-007   1.8589231056892974E-007   1.3088916786717798E-007   9.0947115416410377E-008   6.2415852141262980E-008   4.2349567620236471E-008   2.8439838367767548E-008   1.8925724873730335E-008   1.2496653265817126E-008   8.1990262324584014E-009   5.3531567870877408E-009   3.4835778487716407E-009   2.2632418760995000E-009   1.4705423660781473E-009   9.5728490082396861E-010   6.2548644451029446E-010   4.1097783915367197E-010   2.7205893866284116E-010   1.8179247605113200E-010   1.2285123943810204E-010   8.4117953744184118E-011   5.8466168517566758E-011   4.1324649548297181E-011   2.9754928069137005E-011   2.1861471438741856E-011   1.6415709809668144E-011   1.2616732167884809E-011   9.9389671137308055E-012   8.0351005817256023E-012   6.6740520976228576E-012   5.7012308807182156E-012   5.0129977985842789E-012   4.5402399181519535E-012   4.2378499475644710E-012   4.0780664458711633E-012
   7.0752175731208896E-009   3.7271307079843932E-008   9.1565418647064252E-008   1.6991657503232663E-007   2.7224969706261673E-007   3.9846513410439858E-007   5.4843961696645352E-007   7.2202645223147828E-007   9.1905550144906909E-007   1.1393329430782860E-006   1.3826406973280872E-006   1.6487353234271931E-006   1.9373461299619093E-006   2.2481721651817797E-006   2.5808776761657712E-006   2.9350855462592839E-006   3.3103681433123259E-006   3.7062349422115606E-006   4.1221162305178697E-006   4.5573421737078705E-006   5.0111165163730845E-006   5.4824842396722330E-006   5.9702925976958405E-006   6.4731451331217797E-006   6.9893485450644215E-006   7.5168526707726393E-006   8.0531843699634447E-006   8.5953767867149231E-006   9.1398963245172120E-006   9.6825707105552455E-006   1.0218522733608106E-005   1.0742115578230197E-005   1.1246917072435588E-005   1.1725691497311658E-005   1.2170428700874674E-005   1.2572420882862636E-005   1.2922397286058122E-005   1.3210725820524079E-005   1.3427688034826699E-005   1.3563829560021759E-005   1.3610382041802418E-005   1.3559744714169108E-005   1.3406004533534938E-005   1.3145463947588725E-005   1.2777136091816927E-005   1.2303160023350239E-005   1.1729085260212196E-005   1.1063977078174399E-005   1.0320302986812100E-005   9.5135769878382538E-006   8.6617608467574731E-006   7.7844485295899632E-006   6.9018877077121628E-006   6.0339164676832698E-006   5.1989095948606873E-006   4.4128333634608015E-006   3.6884987542089591E-006   3.0350809455038764E-006   2.4579408613348835E-006   1.9587476680520803E-006   1.5358655926441564E-006   1.1849401768523704E-006   8.9960236551740990E-007   6.7220544663232434E-007   4.9451889186375339E-007   3.5832140935376625E-007   2.5585854038291243E-007   1.8015329057955993E-007   1.2517783081646393E-007   8.5907958090055680E-008   5.8289116553550560E-008   3.9144037272078376E-008   2.6048997546273855E-008   1.7200149131922936E-008   1.1284979340875684E-008   7.3679802988799608E-009   4.7947284154416807E-009   3.1150818513150932E-009   2.0240257502016116E-009   1.3175882138739702E-009   8.6090730827921730E-010   5.6566185945916812E-010   3.7445660195066313E-010   2.5021560834164176E-010   1.6909004310433334E-010   1.1577830626298932E-010   8.0471690802611837E-011   5.6878439365796539E-011   4.0954101015087342E-011   3.0089701697828646E-011   2.2594261905705499E-011   1.7365423384095005E-011   1.3679799938201260E-011   1.1059355281443354E-011   9.1860347687921716E-012   7.8470626733409267E-012   6.8997921203035719E-012   6.2490974203897656E-012   5.8328937793453639E-012   5.6129708928343522E-012
   9.3145974234001372E-009   4.9068062897680415E-008   1.2054682471429441E-007   2.2369693590793030E-007   3.5841955396748735E-007   5.2458348779887102E-007   7.2202645223147828E-007   9.5055532385776378E-007   1.2099461136405887E-006   1.4999436535081333E-006   1.8202608391503546E-006   2.1705771782633100E-006   2.5505363027892697E-006   2.9597420066228550E-006   3.3977522675561496E-006   3.8640706075963635E-006   4.3581340445763323E-006   4.8792967970893935E-006   5.4268088327920014E-006   5.9997883075767275E-006   6.5971869429278217E-006   7.2177474466212130E-006   7.8599522166938161E-006   8.5219628025764231E-006   9.2015499560652413E-006   9.8960146166039221E-006   1.0602100869322067E-005   1.1315902817582538E-005   1.2032768444877584E-005   1.2747204910709891E-005   1.3452791315848838E-005   1.4142106734212204E-005   1.4806683144571272E-005   1.5436994647822106E-005   1.6022495795678811E-005   1.6551722678650895E-005   1.7012470248568745E-005   1.7392057758984301E-005   1.7677690767642000E-005   1.7856922499626790E-005   1.7918209325419167E-005   1.7851544757633577E-005   1.7649144212970684E-005   1.7306139825407343E-005   1.6821232377561164E-005   1.6197237960362523E-005   1.5441462571930765E-005   1.4565840741977778E-005   1.3586786076356075E-005   1.2524722919460518E-005   1.1403298122141974E-005   1.0248307344183314E-005   9.0864068552587448E-006   7.9437137023763323E-006   6.8444184813130673E-006   5.8095409579122259E-006   4.8559469213629441E-006   3.9957155893272506E-006   3.2359046739195764E-006   2.5787116499770137E-006   2.0219830053398330E-006   1.5599860504818149E-006   1.1843358581320559E-006   8.8496545250906070E-007   6.5103925757366968E-007   4.7173385720256609E-007   3.3684042594811023E-007   2.3717367825188044E-007   1.6479791445841507E-007   1.1309871912846783E-007   7.6738227376162499E-008   5.1533531647303051E-008   3.4293775833617441E-008   2.2644174985510374E-008   1.4856792516315208E-008   9.7000225927098353E-009   6.3123097604864896E-009   4.1010376127756550E-009   2.6646509231527921E-009   1.7346185690003175E-009   1.1333934133627978E-009   7.4469971335594782E-010   4.9297600584829644E-010   3.2941144730415671E-010   2.2260879803976147E-010   1.5242334275342661E-010   1.0594181677949846E-010   7.4881056206158928E-011   5.3916499365620715E-011   3.9613404818849198E-011   2.9745580479397095E-011   2.2861760255154226E-011   1.8009598707053281E-011   1.4559756098576006E-011   1.2093510185993193E-011   1.0330739514787752E-011   9.0836479926690181E-012   8.2270016616412566E-012   7.6790652452107450E-012   7.3895344808389872E-012
   1.1856396644890127E-008   6.2457923822858072E-008   1.5344205477996863E-007   2.8474012131839736E-007   4.5622630844435359E-007   6.6773362518902184E-007   9.1905550144906909E-007   1.2099461136405887E-006   1.5401203498314483E-006   1.9092534108131481E-006   2.3169798462689871E-006   2.7628917068583277E-006   3.2465353775882789E-006   3.7674065342755194E-006   4.3249425341793417E-006   4.9185114186932263E-006   5.5473965771495854E-006   6.2107760051015000E-006   6.9076949988127432E-006   7.6370310735379890E-006   8.3974498929326675E-006   9.1873510705678772E-006   1.0004802876063277E-005   1.0847465176166754E-005   1.1712500397795690E-005   1.2596472951512344E-005   1.3495238437254026E-005   1.4403825103942428E-005   1.5316311476884938E-005   1.6225705810471634E-005   1.7123835048516115E-005   1.8001253217230820E-005   1.8847181512774711E-005   1.9649494576096651E-005   2.0394769280893671E-005   2.1068413406821487E-005   2.1654891350397619E-005   2.2138061999686974E-005   2.2501639521245907E-005   2.2729780621624946E-005   2.2807791606176483E-005   2.2722935382992816E-005   2.2465303085043316E-005   2.2028698486365542E-005   2.1411467834691606E-005   2.0617195685482235E-005   1.9655181722626300E-005   1.8540617211146052E-005   1.7294394757829988E-005   1.5942512172068026E-005   1.4515069138295916E-005   1.3044900524216476E-005   1.1565936653596208E-005   1.0111421482608989E-005   8.7121468195929541E-006   7.3948683760289369E-006   6.1810543353784290E-006   5.0860801335567998E-006   4.1189294153133075E-006   3.2823993099388238E-006   2.5737486475056871E-006   1.9856803825512415E-006   1.5075214801558439E-006   1.1264578537353458E-006   8.2869707817930945E-007   6.0046220653258565E-007   4.2875859412254636E-007   3.0189444323352877E-007   2.0976853333038658E-007   1.4396148465283303E-007   9.7678817477591899E-008   6.5596178122251800E-008   4.3651978743907280E-008   2.8823394948882994E-008   1.8910964901365374E-008   1.2346997953410408E-008   8.0348344500346289E-009   5.2201427911988469E-009   3.3917899860818292E-009   2.2079672203538007E-009   1.4426776867217458E-009   9.4791591966204977E-010   6.2750098539604818E-010   4.1930237036263872E-010   2.8335504866491707E-010   1.9401714615004592E-010   1.3485158229838948E-010   9.5314855083071122E-011   6.8629418226581455E-011   5.0423246291564589E-011   3.7862656276506621E-011   2.9100355631531715E-011   2.2924119635025402E-011   1.8532872169429825E-011   1.5393628632187716E-011   1.3149827067636424E-011   1.1562424943141562E-011   1.0472014029671569E-011   9.7745548487670693E-012   9.4060159385758720E-012
   1.4698114817252712E-008   7.7427717972916948E-008   1.9021874912755660E-007   3.5298608182275890E-007   5.6557374597082753E-007   8.2777472653113841E-007   1.1393329430782860E-006   1.4999436535081333E-006   1.9092534108131481E-006   2.3668595685399378E-006   2.8723090859480690E-006   3.4250962371894692E-006   4.0246586857087723E-006   4.6703712318796883E-006   5.3615363798397088E-006   6.0973707043681238E-006   6.8769858389411951E-006   7.6993627626790593E-006   8.5633179503040255E-006   9.4674598821021729E-006   1.0410134410579567E-005   1.1389357571789271E-005   1.2402734641956720E-005   1.3447364609226675E-005   1.4519729796498764E-005   1.5615571178916334E-005   1.6729751034640750E-005   1.7856105992929579E-005   1.8987295331510603E-005   2.0114651536734802E-005   2.1228042650146883E-005   2.2315758705266418E-005   2.3364437455435051E-005   2.4359047359040963E-005   2.5282948060880401E-005   2.6118049905513956E-005   2.6845093746121581E-005   2.7444069800338032E-005   2.7894788877718806E-005   2.8177610394941804E-005   2.8274318901099928E-005   2.8169124502779120E-005   2.7849743394900417E-005   2.7308494252069814E-005   2.6543326953880511E-005   2.5558685195099879E-005   2.4366097589830206E-005   2.2984396416056460E-005   2.1439481780076214E-005   1.9763582595855053E-005   1.7994012781866732E-005   1.6171477003277221E-005   1.4338037938102737E-005   1.2534907389512338E-005   1.0800257286797859E-005   9.1672560985202782E-006   7.6625174607518063E-006   6.3051019640932938E-006   5.1061464358588517E-006   4.0691184158674881E-006   3.1906197358951488E-006   2.4616044087630053E-006   1.8688413072242228E-006   1.3964450892534738E-006   1.0273175880169969E-006   7.4437982461058624E-007   5.3152262310767538E-007   3.7425191837263370E-007   2.6004544890673184E-007   1.7846589432392535E-007   1.2109028716729646E-007   8.1318142981438044E-008   5.4114400419856179E-008   3.5731730395869376E-008   2.3443508323002823E-008   1.5306302496705327E-008   9.9606080010088061E-009   6.4712964997305557E-009   4.2047276372897209E-009   2.7371685250996619E-009   1.7884558790350143E-009   1.1751105704024481E-009   7.7789920559593488E-010   5.1979994996139040E-010   3.5126903763970431E-010   2.4051879977025699E-010   1.6717254822645992E-010   1.1815973484697512E-010   8.5078384196120028E-011   6.2508592251882817E-011   4.6937504362095730E-011   3.6075072478237203E-011   2.8418528206481342E-011   2.2974795057750136E-011   1.9083143712770136E-011   1.6301552137295996E-011   1.4333684547691369E-011   1.2981926059493801E-011   1.2117301213655881E-011   1.1660431611629686E-011
   1.7836938573396621E-008   9.3962624903439113E-008   2.3084049797419906E-007   4.2836725233266017E-007   6.8635361004024917E-007   1.0045483474122082E-006   1.3826406973280872E-006   1.8202608391503546E-006   2.3169798462689871E-006   2.8723090859480690E-006   3.4856987693229169E-006   4.1565351713683015E-006   4.8841358669759453E-006   5.6677421433810531E-006   6.5065075525180468E-006   7.3994813665070301E-006   8.3455855056546824E-006   9.3435833343063520E-006   1.0392038582032759E-005   1.1489262566171574E-005   1.2633247891379404E-005   1.3821586912628761E-005   1.5051373506148106E-005   1.6319087140841723E-005   1.7620458929771346E-005   1.8950320321344133E-005   2.0302436418773491E-005   2.1669327646161093E-005   2.3042085649348491E-005   2.4410191942770416E-005   2.5761350859748389E-005   2.7081351737526994E-005   2.8353978784094086E-005   2.9560990429851975E-005   3.0682192724943875E-005   3.1695632917136033E-005   3.2577939014640617E-005   3.3304828089792862E-005   3.3851799493748838E-005   3.4195018341380918E-005   3.4312379221011729E-005   3.4184720263081209E-005   3.3797134421388844E-005   3.3140300001899826E-005   3.2211729075228738E-005   3.1016814299657945E-005   2.9569546257254302E-005   2.7892778911930289E-005   2.6017943410524687E-005   2.3984151242220909E-005   2.1836684817724283E-005   1.9624941397924608E-005   1.7399966264025394E-005   1.5211772115666334E-005   1.3106682604994137E-005   1.1124949420313839E-005   9.2988696145289595E-006   7.6515742209690766E-006   6.1965783677424168E-006   4.9380900975484227E-006   3.8719855537818020E-006   2.9872869532607843E-006   2.2679376243038075E-006   1.6946598654201621E-006   1.2467041481619210E-006   9.0334422964703145E-007   6.4503077412442798E-007   4.5417446808571444E-007   3.1557888587154963E-007   2.1657778797357010E-007   1.4694945854571415E-007   9.8683861113945702E-008   6.5670682820640755E-008   4.3362341913683589E-008   2.8449935457809574E-008   1.8575006442260940E-008   1.2087723852798510E-008   7.8532600670965348E-009   5.1026590495922115E-009   3.3216985616365603E-009   2.1703856618491371E-009   1.4260587375881817E-009   9.4402176871157607E-010   6.3080469115895566E-010   4.2628352853530649E-010   2.9188226589531009E-010   2.0287271605562933E-010   1.4339307853551465E-010   1.0324711241531054E-010   7.5857477926188453E-011   5.6961140425471724E-011   4.3779005663355021E-011   3.4487384829131044E-011   2.7881127156554800E-011   2.3158402721989617E-011   1.9782794442635870E-011   1.7394683194848232E-011   1.5754252879815879E-011   1.4704984966481799E-011   1.4150549576044657E-011
   2.1269727373561994E-008   1.1204610066781424E-007   2.7526665736302567E-007   5.1080821046649479E-007   8.1844505475785979E-007   1.1978776175687176E-006   1.6487353234271931E-006   2.1705771782633100E-006   2.7628917068583277E-006   3.4250962371894692E-006   4.1565351713683015E-006   4.9564766705809352E-006   5.8241069743299515E-006   6.7585213526026505E-006   7.7587104550827384E-006   8.8235405825802679E-006   9.9517261747357881E-006   1.1141792600511771E-005   1.2392027173600537E-005   1.3700416217736936E-005   1.5064566006469024E-005   1.6481605534038924E-005   1.7948069381754971E-005   1.9459759478501544E-005   2.1011585373302886E-005   2.2597383806536629E-005   2.4209719951071014E-005   2.5839674757284804E-005   2.7476625423315553E-005   2.9108029139788496E-005   3.0719223890738748E-005   3.2293264115617273E-005   3.3810813229626960E-005   3.5250119001542056E-005   3.6587101076637884E-005   3.7795581809395867E-005   3.8847691176523678E-005   3.9714472905669065E-005   4.0366711102005614E-005   4.0775983763262104E-005   4.0915931204567514E-005   4.0763703779395746E-005   4.0301525522026814E-005   3.9518280741841263E-005   3.8411002697683665E-005   3.6986121886077431E-005   3.5260321431491231E-005   3.3260853632845240E-005   3.1025198684487193E-005   2.8599995235122547E-005   2.6039240473033158E-005   2.3401838355745362E-005   2.0748658029073466E-005   1.8139337332895396E-005   1.5629115087934417E-005   1.3265989577811409E-005   1.1088473549957801E-005   9.1241496958071309E-006   7.3891341828899324E-006   5.8884449082306997E-006   4.6171643628431575E-006   3.5622020461079641E-006   2.7044111168904463E-006   2.0208038044243932E-006   1.4866372521146911E-006   1.0771963703306018E-006   7.6916947696656539E-007   5.4158212612917760E-007   3.7631328042758959E-007   2.5825903287223929E-007   1.7523045830418516E-007   1.1767595730775559E-007   7.8309263346008278E-008   5.1707594719131156E-008   3.3925237141623056E-008   2.2149839299122120E-008   1.4414053726651787E-008   9.3646507742060462E-009   6.0846858006753710E-009   3.9609724803637474E-009   2.5880848965792115E-009   1.7005093358579949E-009   1.1257024613601853E-009   7.5220552852753204E-010   5.0832346585019473E-010   3.4805615297852978E-010   2.4191636610068723E-010   1.7098963900986131E-010   1.2311742422303909E-010   9.0456547130933728E-011   6.7923535350621171E-011   5.2204447041938037E-011   4.1124617328490836E-011   3.3246959451439581E-011   2.7615328172881367E-011   2.3590070838145823E-011   2.0742358212508443E-011   1.8786220648178595E-011   1.7535017008798023E-011   1.6873878352501876E-011
   2.4992989127484339E-008   1.3165974939803496E-007   3.2345203367225492E-007   6.0022509109766931E-007   9.6171370679777988E-007   1.4075658679652394E-006   1.9373461299619093E-006   2.5505363027892697E-006   3.2465353775882789E-006   4.0246586857087723E-006   4.8841358669759453E-006   5.8241069743299515E-006   6.8436157986522068E-006   7.9415992371124055E-006   9.1168712528122870E-006   1.0368099692733127E-005   1.1693773959417690E-005   1.3092161287944234E-005   1.4561249186590849E-005   1.6098671485443018E-005   1.7701615436686126E-005   1.9366707465547381E-005   2.1089875532448561E-005   2.2866186694719262E-005   2.4689659418903190E-005   2.6553051567946769E-005   2.8447626849634991E-005   3.0362904936397313E-005   3.2286403506914407E-005   3.4203384135402718E-005   3.6096618222775783E-005   3.7946193891315423E-005   3.9729389690713013E-005   4.1420645665780783E-005   4.2991666200253934E-005   4.4411691256716918E-005   4.5647972169571236E-005   4.6666483876465998E-005   4.7432896245711119E-005   4.7913812008913349E-005   4.8078257223350505E-005   4.7899382416193747E-005   4.7356299942285817E-005   4.6435948311466664E-005   4.5134841455102738E-005   4.3460535526917645E-005   4.1432634029162945E-005   3.9083159770530476E-005   3.6456153846299779E-005   3.3606418991811261E-005   3.0597404592942840E-005   2.7498325733845126E-005   2.4380706692794805E-005   2.1314624902260928E-005   1.8364988728086853E-005   1.5588198544363195E-005   1.3029508747675211E-005   1.0721330374375073E-005   8.6826007240714127E-006   6.9192160757138164E-006   5.4253981112980245E-006   4.1857648405471369E-006   3.1778177714071612E-006   2.3745451281870254E-006   1.7468728219243426E-006   1.2657593912229683E-006   9.0381244843378620E-007   6.3638597487672389E-007   4.4218684899296134E-007   3.0346722773106943E-007   2.0590451688836890E-007   1.3827511137800316E-007   9.2017285083815747E-008   6.0758999395072569E-008   3.9863843486862592E-008   2.6027164479155068E-008   1.6937231105320622E-008   1.1003931121060884E-008   7.1498088992651830E-009   4.6543399638985118E-009   3.0411286682316445E-009   1.9981831734765207E-009   1.3227564643131487E-009   8.8387896402895303E-010   5.9730539240623399E-010   4.0898331672831567E-010   2.8426378023210450E-010   2.0092134297865483E-010   1.4466910604764283E-010   1.0629094859783321E-010   7.9813537367125969E-011   6.1342825623015403E-011   4.8323473813797123E-011   3.9066833415297660E-011   3.2449386146558410E-011   2.7719508276688690E-011   2.4373304094531564E-011   2.2074745019537127E-011   2.0604518419727562E-011   1.9827647566690300E-011
   2.9002841367435918E-008   1.5278311876943250E-007   3.7534638112793018E-007   6.9652465389651840E-007   1.1160101713672973E-006   1.6333944441211448E-006   2.2481721651817797E-006   2.9597420066228550E-006   3.7674065342755194E-006   4.6703712318796883E-006   5.6677421433810531E-006   6.7585213526026505E-006   7.9415992371124055E-006   9.2157421308375088E-006   1.0579573710208153E-005   1.2031548092797785E-005   1.3569912322279382E-005   1.5192655630517282E-005   1.6897442643464550E-005   1.8681527565076978E-005   2.0541646372861785E-005   2.2473884238805508E-005   2.4473515809036841E-005   2.6534816704090214E-005   2.8650845718770780E-005   3.0813198794202065E-005   3.3011737995463242E-005   3.5234301540845985E-005   3.7466404456853300E-005   3.9690943698194148E-005   4.1887926525155034E-005   4.4034246416629484E-005   4.6103536513672480E-005   4.8066136045341872E-005   4.9889209672665755E-005   5.1537062246053619E-005   5.2971690934051284E-005   5.4153611724528523E-005   5.5042986590971082E-005   5.5601060037892855E-005   5.5791888691625601E-005   5.5584315374559118E-005   5.4954101246915409E-005   5.3886089245039451E-005   5.2376233998645210E-005   5.0433303963825576E-005   4.8080047810743531E-005   4.5353626058130607E-005   4.2305145714177197E-005   3.8998202014790145E-005   3.5506424107091136E-005   3.1910131879814331E-005   2.8292324900806491E-005   2.4734323761493042E-005   2.1311450666367902E-005   1.8089154813783072E-005   1.5119951174182726E-005   1.2441450780848281E-005   1.0075629216359137E-005   8.0293287532486287E-006   6.2958440054745614E-006   4.8573251103558071E-006   3.6876639384197422E-006   2.7555149694716827E-006   2.0271394943969425E-006   1.4688366663838538E-006   1.0488192882464325E-006   7.3848715668482603E-007   5.1313090125767036E-007   3.5215523126127399E-007   2.3893964862269292E-007   1.6045984335465604E-007   1.0678045385988853E-007   7.0507117500466675E-008   4.6259561953490220E-008   3.0202938863482700E-008   1.9654624920835132E-008   1.2769391731994245E-008   8.2969176777992814E-009   5.4010779964938708E-009   3.5290445609681290E-009   2.3187698481287080E-009   1.5349782975753331E-009   1.0256876938963245E-009   6.9313652142639072E-010   4.7460022474682965E-010   3.2987080026826849E-010   2.3315697886388287E-010   1.6787968466142746E-010   1.2334417084938467E-010   9.2618748058715077E-011   7.1184612272652772E-011   5.6076447606812155E-011   4.5334680317446665E-011   3.7655535881635240E-011   3.2166800746856126E-011   2.8283734636471184E-011   2.5616396852835078E-011   2.3910288446555295E-011   2.3008777146778555E-011
