# Version 0.33
# Potential name = chengdu_MMWLY_400   
# L = 1
# S = 0
# J = 1
# Order = 2                   
# K_MAX = 0800 MeV
# For uncoupled channels, e.g., 3P0 (LSJ = 110)
# storage = D(1:N，1:N) (row, column)
# D(i,j)  = <pout(j),L|V|L,pin(i)>
# Normalization
# If V were so weak as to validate the Born approximation, the relation of V
# in 1S0 and the respective scattering length 'a' would have been
# <p|V|p> = 2/pi * a + ... for p->0, in unit of MeV^(-1)
# Momenta are in unit of MeV
# The value of pin and pout, where pin(1:N) = pout(1:N)
  0.11450929062345949       0.60321974416166313        1.4819461067499446        2.7500251850226505        4.4062419028032878        6.4489837175771640        8.8762566052326974        11.685689694517464        14.874538297673780        18.439686829803293        22.377651945497576        26.684585982768169        31.356280741866385        36.388171606988124        41.775342011709199        47.512528245992655        53.594124601134183        60.014188848163485        66.766448044639674        73.844304664329513        81.240843043874179        88.948836140201820        96.960752592117160        105.26876407919173        113.86475297077743        122.74032025767923        131.88679375874364        141.29523659434830        150.95645591851689        160.86101190112851        170.99922695144753        181.36119517396233        191.93679204729480        202.71568431672361        213.68734009065676        224.84103913118742        236.16588332867937        247.65080735014803        259.28458945103131        271.05586243978837        282.95312478461119        294.96475185139860        307.07900726201041        319.28405436170561        331.56796778455868        343.91874510555442        356.32431856797552        368.77256687462534        381.25132703136336        393.74840623138277        406.25159376861723        418.74867296863664        431.22743312537466        443.67568143202448        456.08125489444558        468.43203221544132        480.71594563829439        492.92099273798959        505.03524814860140        517.04687521538881        528.94413756021163        540.71541054896875        552.34919264985194        563.83411667132066        575.15896086881253        586.31265990934321        597.28431568327642        608.06320795270517        618.63880482603770        629.00077304855245        639.13898809887155        649.04354408148311        658.70476340565165        668.11320624125642        677.25967974232071        686.13524702922257        694.73123592080833        703.03924740788284        711.05116385979818        718.75915695612582        726.15569533567054        733.23355195536033        739.98581115183651        746.40587539886587        752.48747175400740        758.22465798829080        763.61182839301182        768.64371925813361        773.31541401723189        777.62234805450248        781.56031317019665        785.12546170232622        788.31431030548254        791.12374339476730        793.55101628242278        795.59375809719677        797.24997481497735        798.51805389325000        799.39678025583839        799.88549070937654     
# Matrix elements start here 
   8.6499151656733565E-011   4.5566604987435423E-010   1.1194469925784137E-009   2.0773410062409211E-009   3.3284301989799257E-009   4.8714962767750171E-009   6.7050321933261387E-009   8.8272445258841080E-009   1.1236053220871606E-008   1.3929088683475200E-008   1.6903684745944878E-008   2.0156865185998198E-008   2.3685320624467089E-008   2.7485371729820856E-008   3.1552913703509322E-008   3.5883336048348342E-008   4.0471410682259427E-008   4.5311140615647282E-008   5.0395560742186596E-008   5.5716481897738694E-008   6.1264169340350546E-008   6.7026947341504614E-008   7.2990722830250742E-008   7.9138423204588992E-008   8.5449346756254849E-008   9.1898428907813409E-008   9.8455433905495055E-008   1.0508408999967784E-007   1.1174119666723417E-007   1.1837574515044682E-007   1.2492810835959020E-007   1.3132937254762398E-007   1.3750090021480437E-007   1.4335422997586654E-007   1.4879143249590664E-007   1.5370604923457956E-007   1.5798473913541100E-007   1.6150974361364701E-007   1.6416224825888195E-007   1.6582666724146834E-007   1.6639580170834924E-007   1.6577672733541581E-007   1.6389715330635189E-007   1.6071187463137202E-007   1.5620882624783453E-007   1.5041415952497147E-007   1.4339572094187386E-007   1.3526433941025694E-007   1.2617243837016160E-007   1.1630968661595409E-007   1.0589567845160436E-007   9.5169962897453410E-008   8.4380080948387352E-008   7.3768566157633445E-008   6.3560062266372017E-008   5.3949767395447150E-008   4.5094304143836390E-008   3.7105845054586868E-008   3.0049930921657336E-008   2.3946968392866887E-008   1.8776959075753422E-008   1.4486666876668519E-008   1.0998225940259752E-008   8.2181502224967710E-009   6.0458161437984774E-009   4.3807130465229537E-009   3.1280376127711293E-009   2.2024915336184978E-009   1.5303806646164647E-009   1.0502808455793376E-009   7.1262248554155760E-010   4.7856139849593851E-010   3.1846599287943837E-010   2.1028304683286211E-010   1.3796623628343772E-010   9.0078367017028762E-011   5.8618683605707743E-011   3.8083908331500476E-011   2.4745035543362202E-011   1.6108375686711957E-011   1.0525153615653159E-011   6.9155853459113752E-012   4.5779763047939415E-012   3.0590490863573056E-012   2.0672361140803618E-012   1.4154653434337884E-012   9.8381893063699286E-013   6.9537603640536888E-013   5.0069060888372369E-013   3.6786623783208583E-013   2.7622959533841310E-013   2.1230363241286048E-013   1.6724448078941533E-013   1.3520783492933715E-013   1.1230526925543356E-013   9.5935461662714053E-014   8.4354461024874311E-014   7.6399293717521338E-014   7.1310932618411941E-014   6.8622231823488022E-014
   4.5566604987435423E-010   2.4003882700731002E-009   5.8970981724330320E-009   1.0943156694903032E-008   1.7533728504880995E-008   2.5662395791171851E-008   3.5321219633897543E-008   4.6500752520056783E-008   5.9190037003490296E-008   7.3376590373237793E-008   8.9046367611473319E-008   1.0618369037424763E-007   1.2477112529135808E-007   1.4478929013265953E-007   1.6621656136422052E-007   1.8902865149882733E-007   2.1319801969401524E-007   2.3869307460457793E-007   2.6547712497487406E-007   2.9350703137517071E-007   3.2273151247695405E-007   3.5308906209211592E-007   3.8450543979346766E-007   4.1689070937972408E-007   4.5013581699949056E-007   4.8410872578566736E-007   5.1865015780059526E-007   5.5356903828162364E-007   5.8863779260693250E-007   6.2358771341127203E-007   6.5810469310028613E-007   6.9182570320150421E-007   7.2433649180385091E-007   7.5517105607125138E-007   7.8381351726561738E-007   8.0970306592667824E-007   8.3224263641271281E-007   8.5081189212936312E-007   8.6478493453287758E-007   8.7355287281440886E-007   8.7655099764458192E-007   8.7328979601785991E-007   8.6338844950906647E-007   8.4660882423208131E-007   8.2288736303830717E-007   7.9236182786977985E-007   7.5538962497307214E-007   7.1255458634475149E-007   6.6465965843575319E-007   6.1270399128001337E-007   5.5784437852404120E-007   5.0134273261159334E-007   4.4450306664755393E-007   3.8860301519878678E-007   3.3482597167681192E-007   2.8420021387354206E-007   2.3755080885183557E-007   1.9546866667977588E-007   1.5829904756069237E-007   1.2614945100671668E-007   9.8914528140749921E-008   7.6313838287491782E-008   5.7937194456099528E-008   4.3292124575046467E-008   3.1848556982891493E-008   2.3077014875980837E-008   1.6478086958889476E-008   1.1602433061868333E-008   8.0618422134038107E-009   5.5327400904813214E-009   3.7540006672780811E-009   2.5209979277064461E-009   1.6776365804206282E-009   1.1077431797958564E-009   7.2678782044924214E-010   4.7452088132226860E-010   3.0879544476281701E-010   2.0062097420398140E-010   1.3035356282788004E-010   8.4856785048998021E-011   5.5445112241076014E-011   3.6430385694945762E-011   2.4116171537752452E-011   1.6114664558605282E-011   1.0889925464226000E-011   7.4564835541518588E-012   5.1826275440710964E-012   3.6631486623540008E-012   2.6375716708138568E-012   1.9378705139247192E-012   1.4551408442217699E-012   1.1183873564384767E-012   8.8102172639825825E-013   7.1225692823912041E-013   5.9160925213207672E-013   5.0537527850215095E-013   4.4436810429102646E-013   4.0246133880717155E-013   3.7565652791646249E-013   3.6149280900070998E-013
   1.1194469925784137E-009   5.8970981724330320E-009   1.4487559070705660E-008   2.6884346232951605E-008   4.3075580568022796E-008   6.3045495267215273E-008   8.6774586573371175E-008   1.1423964452818988E-007   1.4541374968012838E-007   1.8026623541874348E-007   2.1876259697245886E-007   2.6086431693365229E-007   3.0652856627468576E-007   3.5570772815148789E-007   4.0834867944892826E-007   4.6439175244647736E-007   5.2376928681859926E-007   5.8640367126115475E-007   6.5220476538340576E-007   7.2106658739256948E-007   7.9286315307499632E-007   8.6744335853053474E-007   9.4462481531271836E-007   1.0241865747463483E-006   1.1058607213130178E-006   1.1893228765038931E-006   1.2741817379422754E-006   1.3599678871396334E-006   1.4461222354255397E-006   1.5319846422167850E-006   1.6167834309709871E-006   1.6996267399138491E-006   1.7794968652771170E-006   1.8552489654086175E-006   1.9256156671914650E-006   1.9892192149998402E-006   2.0445927816756064E-006   2.0902123696878265E-006   2.1245403173154768E-006   2.1460807461955298E-006   2.1534463197892551E-006   2.1454344383812978E-006   2.1211095351439341E-006   2.0798865801792324E-006   2.0216094309374617E-006   1.9466165308724318E-006   1.8557859294854490E-006   1.7505519424840564E-006   1.6328871899261857E-006   1.5052463104686630E-006   1.3704712300547872E-006   1.2316621227933154E-006   1.0920225926151281E-006   9.5469143859003427E-007   8.2257593501667620E-007   6.9820227949526816E-007   5.8359743638369272E-007   4.8021311027741546E-007   3.8889751116789963E-007   3.0991473598664295E-007   2.4300597132485085E-007   1.8748225106216366E-007   1.4233585782876570E-007   1.0635692229260687E-007   7.8243203201754966E-008   5.6693920707341272E-008   4.0482157700054267E-008   2.8504008146497373E-008   1.9805743752305249E-008   1.3592430809175197E-008   9.2225540135820536E-009   6.1934031496214581E-009   4.1214947330599994E-009   2.7214223476022770E-009   1.7855191100343501E-009   1.1657681621405547E-009   7.5862604215733763E-010   4.9287092220876625E-010   3.2024309013100471E-010   2.0846993724717295E-010   1.3621349268517995E-010   8.9499504551466928E-011   5.9246844718596552E-011   3.9589328152744479E-011   2.6753571642417432E-011   1.8318542915820375E-011   1.2732299936464880E-011   8.9993554590484842E-012   6.4797929874669268E-012   4.7608184094856006E-012   3.5748834970067317E-012   2.7475721815307390E-012   2.1644296788947178E-012   1.7498206778413279E-012   1.4534222996500032E-012   1.2415689863194949E-012   1.0916910269780406E-012   9.8873755348023226E-013   9.2288545643128132E-013   8.8808906870756032E-013
   2.0773410062409211E-009   1.0943156694903032E-008   2.6884346232951605E-008   4.9888878371145418E-008   7.9934709258080719E-008   1.1699258066315309E-007   1.6102629975652033E-007   2.1199279616642677E-007   2.6984211587010362E-007   3.3451735129817204E-007   4.0595447246316341E-007   4.8408200318903911E-007   5.6882046629111779E-007   6.6008149990552095E-007   7.5776652426369245E-007   8.6176481487092478E-007   9.7195081547519073E-007   1.0881805039426102E-006   1.2102866081010843E-006   1.3380724591261648E-006   1.4713042700007897E-006   1.6097016394821415E-006   1.7529261120636874E-006   1.9005676766003648E-006   2.0521291662800909E-006   2.2070086367656968E-006   2.3644799541014482E-006   2.5236720254336611E-006   2.6835473582960514E-006   2.8428809397023177E-006   3.0002407810583844E-006   3.1539718678366076E-006   3.3021856624072308E-006   3.4427576992748108E-006   3.5733361331412951E-006   3.6913642835411792E-006   3.7941201813014095E-006   3.8787757670449782E-006   3.9424776249621262E-006   3.9824498759942938E-006   3.9961180605194849E-006   3.9812505322700638E-006   3.9361111739057790E-006   3.8596143542132647E-006   3.7514703218031967E-006   3.6123071211203367E-006   3.4437541354643538E-006   3.2484730029967045E-006   3.0301242851939417E-006   2.7932630182222558E-006   2.5431629214608174E-006   2.2855769415389043E-006   2.0264499582565340E-006   1.7716065940043123E-006   1.5264418341249997E-006   1.2956435056435323E-006   1.0829730159393880E-006   8.9112427147272198E-007   7.2167128281201366E-007   5.7510413067484868E-007   4.5094253889753340E-007   3.4790800337650424E-007   2.6413051809191546E-007   1.9736494665738742E-007   1.4519473949925451E-007   1.0520605894761182E-007   7.5122133311322270E-008   5.2894460709176110E-008   3.6753221839471483E-008   2.5223270133904309E-008   1.7114155258533874E-008   1.1493005400154426E-008   7.6481960045926818E-009   5.0501026627025811E-009   3.3133610517438909E-009   2.1632985063516131E-009   1.4077709764049453E-009   9.1461318336279350E-010   5.9427030266271853E-010   3.8685453807379778E-010   2.5276933685486829E-010   1.6608288920833820E-010   1.0994348177295031E-010   7.3465322901801888E-011   4.9646201923495735E-011   3.3993445536861552E-011   2.3627138164761698E-011   1.6699969046109176E-011   1.2024454729931768E-011   8.8345793689721084E-012   6.6338577262699957E-012   5.0986285175989069E-012   4.0164997153966818E-012   3.2471160061591328E-012   2.6970939780665363E-012   2.3039609597037712E-012   2.0258346768731811E-012   1.8347854591345837E-012   1.7125847096094471E-012   1.6480135744268367E-012
   3.3284301989799257E-009   1.7533728504880995E-008   4.3075580568022796E-008   7.9934709258080719E-008   1.2807579470196043E-007   1.8745195775077888E-007   2.5800520825873368E-007   3.3966653650349105E-007   4.3235590339785043E-007   5.3598212849916806E-007   6.5044261943416947E-007   7.7562285313604919E-007   9.1139548688118691E-007   1.0576189424235043E-006   1.2141352698271523E-006   1.3807670602070016E-006   1.5573131404192770E-006   1.7435427502670313E-006   1.9391878770612591E-006   2.1439334071771274E-006   2.3574047541767895E-006   2.5791526437419607E-006   2.8086347838148772E-006   3.0451942319517843E-006   3.2880344000979089E-006   3.5361908198756851E-006   3.7885000394591931E-006   4.0435663458905670E-006   4.2997274115858301E-006   4.5550204532535110E-006   4.8071510598812598E-006   5.0534674760196793E-006   5.2909437826405935E-006   5.5161760440923797E-006   5.7253960042775335E-006   5.9145072089090745E-006   6.0791483690271935E-006   6.2147882121028893E-006   6.3168548381337485E-006   6.3809005807715591E-006   6.4028004989853719E-006   6.3789789261858698E-006   6.3066541595294129E-006   6.1840867408795382E-006   6.0108124145981302E-006   5.7878374680929736E-006   5.5177725890480076E-006   5.2048824007526816E-006   4.8550320564616528E-006   4.4755198860530870E-006   4.0747957332405794E-006   3.6620772860380318E-006   3.2468897583589197E-006   2.8385656810704928E-006   2.4457491968936383E-006   2.0759514005357339E-006   1.7351990261126058E-006   1.4278083989595131E-006   1.1563014855200482E-006   9.2146352011801732E-007   7.2252497782598475E-007   5.5743736893761971E-007   4.2320446679103685E-007   3.1622899018550668E-007   2.3263901026863682E-007   1.6856694334963808E-007   1.2036482039973874E-007   8.4750418854804364E-008   5.8888036731951950E-008   4.0414112934994437E-008   2.7421242358092127E-008   1.8414726391087687E-008   1.2254360970551010E-008   8.0915526916329427E-009   5.3088496070775796E-009   3.4661560409758784E-009   2.2556082111875695E-009   1.4654436275720594E-009   9.5217261672354040E-010   6.1983965235793644E-010   4.0500095633614946E-010   2.6610715444123791E-010   1.7615750318060535E-010   1.1771018748946302E-010   7.9545879684836857E-011   5.4466171106404837E-011   3.7856702364610966E-011   2.6757610391412654E-011   1.9266243784305426E-011   1.4155249753713977E-011   1.0629132302071636E-011   8.1693034895919607E-012   6.4354571092359890E-012   5.2027081456638367E-012   4.3214325520527585E-012   3.6915331727002104E-012   3.2459039206312290E-012   2.9397943392470305E-012   2.7439975664324108E-012   2.6405381364791514E-012
   4.8714962767750171E-009   2.5662395791171851E-008   6.3045495267215273E-008   1.1699258066315309E-007   1.8745195775077888E-007   2.7435501412556871E-007   3.7761687530842043E-007   4.9713653854869434E-007   6.3279685849798701E-007   7.8446438330052924E-007   9.5198895857886530E-007   1.1352029681715635E-006   1.3339200330449931E-006   1.5479329390298878E-006   1.7770105103231201E-006   2.0208930909692667E-006   2.2792862436022710E-006   2.5518522271931655E-006   2.8381987779002684E-006   3.1378646948696128E-006   3.4503017327338022E-006   3.7748523328126374E-006   4.1107227954992769E-006   4.4569516186808700E-006   4.8123729146833587E-006   5.1755750858978094E-006   5.5448553021912921E-006   5.9181707956308129E-006   6.2930885806489996E-006   6.6667359241780374E-006   7.0357547222362133E-006   7.3962638608970210E-006   7.7438345997638333E-006   8.0734849326469628E-006   8.3796996333131678E-006   8.6564831240834804E-006   8.8974522147873023E-006   9.0959749270040429E-006   9.2453598198717727E-006   9.3390972811227239E-006   9.3711500398295043E-006   9.3362847441008228E-006   9.2304300887760639E-006   9.0510401998759482E-006   8.7974355920343093E-006   8.4710890692660473E-006   8.0758216386441116E-006   7.6178750102944322E-006   7.1058334328070817E-006   6.5503787545918869E-006   5.9638781817277717E-006   5.3598227385582693E-006   4.7521535448728836E-006   4.1545297092167268E-006   3.5796028140365705E-006   3.0383661107194216E-006   2.5396403378871572E-006   2.0897428768706222E-006   1.6923648821797956E-006   1.3486556241481794E-006   1.0574888247423519E-006   8.1586631083539585E-007   6.1940279983006046E-007   4.6283330465188724E-007   3.4049086344175548E-007   2.4671487392668587E-007   1.7616616223819953E-007   1.2404086167492217E-007   8.6188633841326589E-008   5.9150166571715413E-008   4.0133778407890492E-008   2.6951825842557032E-008   1.7935504208738379E-008   1.1842810710796727E-008   7.7700415958138419E-009   5.0730720606699665E-009   3.3013121338795067E-009   2.1448258634742736E-009   1.3936015117989955E-009   9.0719840229325385E-010   5.9276011000216691E-010   3.8947489795068527E-010   2.5782443060794893E-010   1.7228083685490780E-010   1.1642348901780699E-010   7.9716783556512454E-011   5.5407135975602508E-011   3.9162485497551378E-011   2.8198108192699298E-011   2.0717648365638468E-011   1.5556816679154066E-011   1.1956606915052345E-011   9.4189463118669228E-012   7.6146927667330864E-012   6.3248562623038383E-012   5.4029344259380733E-012   4.7507106710456336E-012   4.3026881508632064E-012   4.0161196507746945E-012   3.8646962476433844E-012
   6.7050321933261387E-009   3.5321219633897543E-008   8.6774586573371175E-008   1.6102629975652033E-007   2.5800520825873368E-007   3.7761687530842043E-007   5.1974448133261202E-007   6.8424900812084942E-007   8.7096921910684690E-007   1.0797214337665199E-006   1.3102989825516214E-006   1.5624711618559757E-006   1.8359814432230985E-006   2.1305446211233311E-006   2.4458425097028361E-006   2.7815177235832050E-006   3.1371650049327225E-006   3.5123194936050235E-006   3.9064412853207410E-006   4.3188955922451461E-006   4.7489278201777296E-006   5.1956329182123156E-006   5.6579184537340891E-006   6.1344610340410279E-006   6.6236559541422557E-006   7.1235603186984008E-006   7.6318303856203033E-006   8.1456545290796739E-006   8.6616840353285533E-006   9.1759649307604445E-006   9.6838751867363742E-006   1.0180072913958949E-005   1.0658462480768375E-005   1.1112186751288668E-005   1.1533654676005188E-005   1.1914614059068645E-005   1.2246279202377605E-005   1.2519521980549421E-005   1.2725132425260215E-005   1.2854150833506725E-005   1.2898267623667992E-005   1.2850279712560442E-005   1.2704583435392017E-005   1.2457674701012619E-005   1.2108618279054366E-005   1.1659441308156662E-005   1.1115402947719302E-005   1.0485094165477452E-005   9.7803301532904160E-006   9.0158131983822515E-006   8.2085652813087158E-006   7.3771551841041041E-006   6.5407711913711007E-006   5.7182134329514825E-006   4.9268952994715621E-006   4.1819476871224382E-006   3.4955112880176565E-006   2.8762812222587713E-006   2.3293379227176999E-006   1.8562632226027937E-006   1.4555069348578216E-006   1.1229424326324298E-006   8.5253389873189229E-007   6.3703470792527339E-007   4.6864496475028776E-007   3.3957352695462762E-007   2.4247166005509321E-007   1.7072741588316704E-007   1.1862834984808151E-007   8.1413132345964061E-008   5.5239347620495207E-008   3.7095965936547544E-008   2.4686077190792681E-008   1.6300213027757384E-008   1.0694533277546643E-008   6.9824771596405394E-009   4.5438614504154305E-009   2.9520963676470247E-009   1.9181258632647793E-009   1.2486501369425635E-009   8.1586342155950682E-010   5.3606563176531020E-010   3.5486450347791494E-010   2.3712397419095339E-010   1.6024301314677977E-010   1.0972062169955604E-010   7.6261298243740894E-011   5.3902479056308342E-011   3.8811324587136529E-011   2.8515365992146023E-011   2.1412098200032835E-011   1.6456839897544736E-011   1.2964053477648748E-011   1.0480714187681395E-011   8.7054084510113532E-012   7.4364932673883420E-012   6.5387852480565706E-012   5.9221358141896065E-012   5.5277085356864445E-012   5.3192923253202677E-012
   8.8272445258841080E-009   4.6500752520056783E-008   1.1423964452818988E-007   2.1199279616642677E-007   3.3966653650349105E-007   4.9713653854869434E-007   6.8424900812084942E-007   9.0082092630194280E-007   1.1466400234777376E-006   1.4214644823304368E-006   1.7250222202531518E-006   2.0570095135520961E-006   2.4170886398498151E-006   2.8048841231041606E-006   3.2199770683336453E-006   3.6618969739755261E-006   4.1301103138850462E-006   4.6240050948511404E-006   5.1428705272821804E-006   5.6858709064003715E-006   6.2520128011029803E-006   6.8401047024715012E-006   7.4487084116217303E-006   8.0760816683157261E-006   8.7201118617653657E-006   9.3782411500760270E-006   1.0047383972443514E-005   1.0723838794261276E-005   1.1403196999097945E-005   1.2080253139631696E-005   1.2748922267151548E-005   1.3402171728912718E-005   1.4031976562521392E-005   1.4629309277373609E-005   1.5184176177937147E-005   1.5685713162663079E-005   1.6122353768746176E-005   1.6482080724308791E-005   1.6752769010391070E-005   1.6922623084927182E-005   1.6980703297403754E-005   1.6917526713993111E-005   1.6725716051792740E-005   1.6400658138407493E-005   1.5941121733344059E-005   1.5349775585676562E-005   1.4633543433380310E-005   1.3803735374710717E-005   1.2875906232471799E-005   1.1869411720502734E-005   1.0806661453007916E-005   9.7121014244044547E-006   8.6109932106753512E-006   7.5280873780292020E-006   6.4863088360937652E-006   5.5055775668651844E-006   4.6018769176130519E-006   3.7866541042649431E-006   3.0665975694658295E-006   2.4437898130645833E-006   1.9161899977003010E-006   1.4783653762623243E-006   1.1223697327213836E-006   8.3866280969219976E-007   6.1697596378325214E-007   4.4705207529487454E-007   3.1921645895060145E-007   2.2476441631004719E-007   1.5617545473583786E-007   1.0718123434982192E-007   7.2723174898663408E-008   4.8837224461309126E-008   3.2499477029338371E-008   2.1459399756981505E-008   1.4079464141137676E-008   9.1925037057834423E-009   5.9820407953415587E-009   3.8864655306401516E-009   2.5252326220467394E-009   1.6438608746788079E-009   1.0740926686375323E-009   7.0573597218890728E-010   4.6718280471105291E-010   3.1217617496548328E-010   2.1096159120891559E-010   1.4444833810612217E-010   1.0039879124352678E-010   7.0963173548216403E-011   5.1095511941779594E-011   3.7540775510115423E-011   2.8189249682061785E-011   2.1665600657897881E-011   1.7067311057469443E-011   1.3797969088448567E-011   1.1460760646498150E-011   9.7902206273769259E-012   8.6083786956743117E-012   7.7965533110162499E-012   7.2772857020565454E-012   7.0029035963462059E-012
   1.1236053220871606E-008   5.9190037003490296E-008   1.4541374968012838E-007   2.6984211587010362E-007   4.3235590339785043E-007   6.3279685849798701E-007   8.7096921910684690E-007   1.1466400234777376E-006   1.4595390771376572E-006   1.8093585748315755E-006   2.1957521871197092E-006   2.6183333091473037E-006   3.0766720596987849E-006   3.5702905015446605E-006   4.0986554302073449E-006   4.6611679520474941E-006   5.2571489504801304E-006   5.8858194294923723E-006   6.5462746367963535E-006   7.2374508176345509E-006   7.9580834500251755E-006   8.7066558820184364E-006   9.4813374540967785E-006   1.0279910472086134E-005   1.1099685828736696E-005   1.1937407689504149E-005   1.2789148495192580E-005   1.3650196623764540E-005   1.4514940420449621E-005   1.5376753957646634E-005   1.6227891805016318E-005   1.7059402215465615E-005   1.7861070347399517E-005   1.8621405257683992E-005   1.9327686136949381E-005   1.9966084250436741E-005   2.0521876839387582E-005   2.0979767317648558E-005   2.1324321949591577E-005   2.1540526385264953E-005   2.1614455724885339E-005   2.1534039299189490E-005   2.1289886687069782E-005   2.0876125857860593E-005   2.0291189585949214E-005   1.9538474877790169E-005   1.8626794844672008E-005   1.7570545923167732E-005   1.6389527589360104E-005   1.5108377410520237E-005   1.3755620213067239E-005   1.2362372898034306E-005   1.0960790506709317E-005   9.5823776245097301E-006   8.2563149888565974E-006   7.0079584146037030E-006   5.8576528395220844E-006   4.8199692349965144E-006   3.9034212087902398E-006   3.1106595404376618E-006   2.4390864818946447E-006   1.8817867794269187E-006   1.4286458263814581E-006   1.0675199872888384E-006   7.8533847620731305E-007   5.6904517551146152E-007   4.0632533869768356E-007   2.8609889942579666E-007   1.9879314729076722E-007   1.3642921637686155E-007   9.2568123739643988E-008   6.2164093403990306E-008   4.1368045541433143E-008   2.7315314201432916E-008   1.7921516498981476E-008   1.1700985575778784E-008   7.6144405594282396E-009   4.9470175449775440E-009   3.2143267418499993E-009   2.0924432558131367E-009   1.3671947518357201E-009   8.9831961946289386E-010   5.9466924726249306E-010   3.9736387792531240E-010   2.6852951217477750E-010   1.8386589494237299E-010   1.2779595698471507E-010   9.0327847197577134E-011   6.5038630100486082E-011   4.7785030804072247E-011   3.5881628605089707E-011   2.7577783909856029E-011   2.1724697306908513E-011   1.7563206112976895E-011   1.4588212232947803E-011   1.2461809536454925E-011   1.0957462533907349E-011   9.9241034600395267E-012   9.2631363288993851E-012   8.9138798951871453E-012
   1.3929088683475200E-008   7.3376590373237793E-008   1.8026623541874348E-007   3.3451735129817204E-007   5.3598212849916806E-007   7.8446438330052924E-007   1.0797214337665199E-006   1.4214644823304368E-006   1.8093585748315755E-006   2.2430221318478485E-006   2.7220258163704693E-006   3.2458903628422609E-006   3.8140828569509314E-006   4.4260108103979773E-006   5.0810132212898756E-006   5.7783476543203484E-006   6.5171722235573322E-006   7.2965212247331259E-006   8.1152730562847510E-006   8.9721090047757544E-006   9.8654614700461676E-006   1.0793450291945857E-005   1.1753806042031576E-005   1.2743779493487096E-005   1.3760037019047962E-005   1.4798542432055479E-005   1.5854426823536538E-005   1.6921849299013993E-005   1.7993853213176402E-005   1.9062224548934939E-005   2.0117361466215836E-005   2.1148166680529576E-005   2.2141977076842120E-005   2.3084547585036371E-005   2.3960108496803509E-005   2.4751516633035073E-005   2.5440520512683306E-005   2.6008157293467560E-005   2.6435294111912081E-005   2.6703318007763790E-005   2.6794966588243118E-005   2.6695276109468522E-005   2.6392605472398175E-005   2.5879675249435418E-005   2.5154542585369694E-005   2.4221418674579761E-005   2.3091228937789665E-005   2.1781820321592589E-005   2.0317737802131143E-005   1.8729524031056968E-005   1.7052540609909512E-005   1.5325362478262856E-005   1.3587851535390280E-005   1.1879063324692101E-005   1.0235172566187622E-005   8.6876123072999389E-006   7.2616037210603557E-006   5.9752101210393283E-006   4.8389856400110167E-006   3.8562163912119051E-006   3.0236820033805931E-006   2.3328097881682553E-006   1.7710608895994865E-006   1.3233811091876509E-006   9.7356688034522947E-007   7.0543282047466148E-007   5.0371260849404291E-007   3.5467052923387977E-007   2.4643950360938639E-007   1.6912830658369909E-007   1.1475467225780787E-007   7.7063462848643225E-008   5.1283058533249342E-008   3.3862195777249471E-008   2.2216910844901879E-008   1.4505455124254376E-008   9.4394549173467720E-009   6.1327091237606913E-009   3.9847303465710566E-009   2.5939560006017726E-009   1.6948813405873421E-009   1.1136271250799312E-009   7.3719842008830845E-010   4.9260328216938948E-010   3.3289014529273141E-010   2.2793451634435917E-010   1.5842584431008868E-010   1.1197745057537622E-010   8.0626962930239137E-011   5.9238054388717420E-011   4.4481667817255496E-011   3.4187573716770052E-011   2.6931630659017949E-011   2.1772721319918364E-011   1.8084686671707019E-011   1.5448631897490451E-011   1.3583725920516135E-011   1.2302693346280747E-011   1.1483306893979926E-011   1.1050341355029365E-011
   1.6903684745944878E-008   8.9046367611473319E-008   2.1876259697245886E-007   4.0595447246316341E-007   6.5044261943416947E-007   9.5198895857886530E-007   1.3102989825516214E-006   1.7250222202531518E-006   2.1957521871197092E-006   2.7220258163704693E-006   3.3033220848709492E-006   3.9390593785563574E-006   4.6285909777642429E-006   5.3711978666536452E-006   6.1660778845176802E-006   7.0123300469023939E-006   7.9089326807672108E-006   8.8547138529821245E-006   9.8483124408159879E-006   1.0888128115869255E-005   1.1972258512559080E-005   1.3098421957247520E-005   1.4263864378664730E-005   1.5465249444875968E-005   1.6698531623138976E-005   1.7958812787782736E-005   1.9240184260629634E-005   2.0535557807760017E-005   2.1836491172691348E-005   2.3133016211884412E-005   2.4413480585313510E-005   2.5664417152176429E-005   2.6870458553609914E-005   2.8014317644710597E-005   2.9076857051609631E-005   3.0037272621086541E-005   3.0873415216985422E-005   3.1562272428725561E-005   3.2080625516026797E-005   3.2405886668626981E-005   3.2517107061219774E-005   3.2396127400333751E-005   3.2028820597487346E-005   3.1406352682847977E-005   3.0526365899010796E-005   2.9393970752757704E-005   2.8022425819134961E-005   2.6433389310373424E-005   2.4656647851301142E-005   2.2729266562727995E-005   2.0694158615653003E-005   1.8598136736484301E-005   1.6489575445192427E-005   1.4415870706310497E-005   1.2420922453055553E-005   1.0542876348530098E-005   8.8123396181981844E-006   7.2512330470444297E-006   5.8723646325793124E-006   4.6797222467628335E-006   3.6693977989937461E-006   2.8309878792165464E-006   2.1492759234980519E-006   1.6059928669264367E-006   1.1814748256985721E-006   8.5607998324348075E-007   6.1128185267728077E-007   4.3041141822575933E-007   2.9906735269064951E-007   2.0524613211042402E-007   1.3926085525404606E-007   9.3520582072947046E-008   6.2234699911294354E-008   4.1093562919385678E-008   2.6961394638582300E-008   1.7603135861123111E-008   1.1455277062431587E-008   7.4423664047465145E-009   4.8356807187210620E-009   3.1479025997618058E-009   2.0568280175473041E-009   1.3514453296012441E-009   8.9462921599206869E-010   5.9780009847217246E-010   4.0397977203891361E-010   2.7661057335182347E-010   1.9225812891872200E-010   1.3589055007068403E-010   9.7845077618941291E-011   7.1888507504296381E-011   5.3980853079695904E-011   4.1488426232982592E-011   3.2682956128662093E-011   2.6422347191301697E-011   2.1946722371750897E-011   1.8747730686870384E-011   1.6484568793659058E-011   1.4929968110424794E-011   1.3935599376795934E-011   1.3410172829331923E-011
   2.0156865185998198E-008   1.0618369037424763E-007   2.6086431693365229E-007   4.8408200318903911E-007   7.7562285313604919E-007   1.1352029681715635E-006   1.5624711618559757E-006   2.0570095135520961E-006   2.6183333091473037E-006   3.2458903628422609E-006   3.9390593785563574E-006   4.6971468083164420E-006   5.5193814687240397E-006   6.4049059665190026E-006   7.3527637620196484E-006   8.3618804727794260E-006   9.4310378007732266E-006   1.0558838269742855E-005   1.1743658803548064E-005   1.2983591084310958E-005   1.4276366628729576E-005   1.5619264646123671E-005   1.7009001033403702E-005   1.8441597368466137E-005   1.9912229539922434E-005   2.1415056758601563E-005   2.2943033198031726E-005   2.4487706465869336E-005   2.6039009560254040E-005   2.7585055929318930E-005   2.9111950694489918E-005   3.0603634910887779E-005   3.2041783711152107E-005   3.3405782971527927E-005   3.4672812255472202E-005   3.5818063568865505E-005   3.6815125087410887E-005   3.7636555571837060E-005   3.8254667744213171E-005   3.8642526681583444E-005   3.8775151875032150E-005   3.8630889203823008E-005   3.8192892765877639E-005   3.7450628459214854E-005   3.6401284766768067E-005   3.5050955732397138E-005   3.3415451595927453E-005   3.1520598777495702E-005   2.9401916454726677E-005   2.7103603076331222E-005   2.4676830621409218E-005   2.2177421109205582E-005   1.9663058925825385E-005   1.7190261575103604E-005   1.4811377704617965E-005   1.2571894259974924E-005   1.0508308947246785E-005   8.6467612924805105E-006   7.0025242425513828E-006   5.5803531510219390E-006   4.3755877999238584E-006   3.3758226021253880E-006   2.5629125062720372E-006   1.9150724942428169E-006   1.4088542906581295E-006   1.0208359342959266E-006   7.2892544319480592E-007   5.1324578410468689E-007   3.5662403791368312E-007   2.4474655538579366E-007   1.6606215314776370E-007   1.1151898496052437E-007   7.4212012046897177E-008   4.9002180307290770E-008   3.2150220802406445E-008   2.0990928412137442E-008   1.3659890070482018E-008   8.8746790146607146E-009   5.7663264427109241E-009   3.7537288038499331E-009   2.4526726381613807E-009   1.6115362848064285E-009   1.0668041181100116E-009   7.1284907250596266E-010   4.8172726392167884E-010   3.2984536329642089E-010   2.2925896002980121E-010   1.6204321951064658E-010   1.1667574663871213E-010   8.5723732781655239E-011   6.4369680013917200E-011   4.9473036614580628E-011   3.8972919246105478E-011   3.1507431559291974E-011   2.6170455185993502E-011   2.2355805002178770E-011   1.9657088724564010E-011   1.7803299041369019E-011   1.6617560144189401E-011   1.5991013196494003E-011
   2.3685320624467089E-008   1.2477112529135808E-007   3.0652856627468576E-007   5.6882046629111779E-007   9.1139548688118691E-007   1.3339200330449931E-006   1.8359814432230985E-006   2.4170886398498151E-006   3.0766720596987849E-006   3.8140828569509314E-006   4.6285909777642429E-006   5.5193814687240397E-006   6.4855481509238016E-006   7.5260835445753542E-006   8.6398636679066485E-006   9.8256260680270666E-006   1.1081939184072631E-005   1.2407160911830449E-005   1.3799384055988908E-005   1.5256366247986517E-005   1.6775441906948349E-005   1.8353413968300166E-005   1.9986423447327744E-005   2.1669795499890788E-005   2.3397861554814582E-005   2.5163758393888396E-005   2.6959206820049155E-005   2.8774274851272146E-005   3.0597133258925384E-005   3.2413814752485804E-005   3.4207992157512898E-005   3.5960795413863635E-005   3.7650691889612003E-005   3.9253458962538532E-005   4.0742281482999477E-005   4.2088008822196792E-005   4.3259605770985735E-005   4.4224827506350615E-005   4.4951140097595394E-005   4.5406893668595186E-005   4.5562734877073204E-005   4.5393219052553817E-005   4.4878551420985960E-005   4.4006353887828945E-005   4.2773322780485485E-005   4.1186618904040500E-005   3.9264820077810546E-005   3.7038273631892603E-005   3.4548716369236841E-005   3.1848083668641498E-005   2.8996505154469566E-005   2.6059574479876958E-005   2.3105073671846384E-005   2.0199413612569763E-005   1.7404106570482444E-005   1.4772601972416154E-005   1.2347786440988240E-005   1.0160375221336303E-005   8.2283147867975193E-006   6.5571929146761551E-006   5.1415336167299406E-006   3.9667597101460179E-006   3.0115498557621357E-006   2.2503055721555027E-006   1.6554739677761773E-006   1.1995330715200720E-006   8.5652370416177703E-007   6.0308936154019933E-007   4.1905100830089256E-007   2.8758939361628446E-007   1.9513130164835010E-007   1.3104036218587937E-007   8.7202810719723051E-008   5.7580002702124216E-008   3.7778110873181362E-008   2.4665386460592674E-008   1.6051051243775992E-008   1.0428189897677267E-008   6.7757207959015104E-009   4.4108183210076907E-009   2.8820125195887702E-009   1.8936354066661649E-009   1.2535479772166855E-009   8.3763316782443340E-010   5.6605353036036602E-010   3.8758473175662453E-010   2.6939069762244976E-010   1.9040885443817082E-010   1.3709981402051685E-010   1.0072965599184738E-010   7.5637580325885285E-011   5.8133282316950367E-011   4.5795121389048446E-011   3.7022801494632661E-011   3.0751588416589743E-011   2.6269184439576693E-011   2.3098058387983350E-011   2.0919763171358958E-011   1.9526460904491088E-011   1.8790237032102710E-011
   2.7485371729820856E-008   1.4478929013265953E-007   3.5570772815148789E-007   6.6008149990552095E-007   1.0576189424235043E-006   1.5479329390298878E-006   2.1305446211233311E-006   2.8048841231041606E-006   3.5702905015446605E-006   4.4260108103979773E-006   5.3711978666536452E-006   6.4049059665190026E-006   7.5260835445753542E-006   8.7335614819018555E-006   1.0026035466122415E-005   1.1402040497563177E-005   1.2859915337048856E-005   1.4397754422673590E-005   1.6013344570460168E-005   1.7704083648292877E-005   1.9466878411947370E-005   2.1298018862743034E-005   2.3193026883999411E-005   2.5146477603872351E-005   2.7151792990829842E-005   2.9201008698229684E-005   3.1284517222229687E-005   3.3390793102723527E-005   3.5506109240492969E-005   3.7614257445740977E-005   3.9696291027143032E-005   4.1730312429423467E-005   4.3691334344950237E-005   4.5551247896223695E-005   4.7278935735599022E-005   4.8840570334144942E-005   5.0200137222242006E-005   5.1320218247060442E-005   5.2163059763919225E-005   5.2691934019612542E-005   5.2872778248565809E-005   5.2676065460722463E-005   5.2078825026648018E-005   5.1066692921672869E-005   4.9635835434999936E-005   4.7794562244710598E-005   4.5564431778404019E-005   4.2980660263968681E-005   4.0091680718718867E-005   3.6957760985966962E-005   3.3648677831828779E-005   3.0240548694978313E-005   2.6812030488604920E-005   2.3440188995895224E-005   2.0196405457183481E-005   1.7142704676292656E-005   1.4328853966216445E-005   1.1790496497835453E-005   9.5484580601998922E-006   7.6092229284768915E-006   5.9664365518958325E-006   4.6031829978106049E-006   3.4947201509700096E-006   2.6113425330830960E-006   1.9210766919644982E-006   1.3919850567226495E-006   9.9394358123953958E-007   6.9984846526035411E-007   4.8628316751635323E-007   3.3372997201194503E-007   2.2643798861597127E-007   1.5206435764136033E-007   1.0119354964698602E-007   6.6818085495415635E-008   4.3839196313313109E-008   2.8622678429303857E-008   1.8626267175537238E-008   1.2101279115079364E-008   7.8628112224265423E-009   5.1184859646935162E-009   3.3443999634553125E-009   2.1974485335530997E-009   1.4546660643206248E-009   9.7202226458777555E-010   6.5687063931321384E-010   4.4976847043941721E-010   3.1261149393350907E-010   2.2095787630910457E-010   1.5909598236768648E-010   1.1689062956120313E-010   8.7772804301986091E-011   6.7460132783908847E-011   5.3142448639265102E-011   4.2962705791205342E-011   3.5685345041912042E-011   3.0483788284256653E-011   2.6803889679036810E-011   2.4276110776843450E-011   2.2659268372890257E-011   2.1804925418036633E-011
