# Version 0.33
# Potential name = chengdu_MMWLY_350   
# L = 1
# S = 1
# J = 1
# Order = 2                   
# K_MAX = 0700 MeV
# For uncoupled channels, e.g., 3P0 (LSJ = 110)
# storage = D(1:N，1:N) (row, column)
# D(i,j)  = <pout(j),L|V|L,pin(i)>
# Normalization
# If V were so weak as to validate the Born approximation, the relation of V
# in 1S0 and the respective scattering length 'a' would have been
# <p|V|p> = 2/pi * a + ... for p->0, in unit of MeV^(-1)
# Momenta are in unit of MeV
# The value of pin and pout, where pin(1:N) = pout(1:N)
  0.10019562929556969       0.52781727614143392        1.2967028434061945        2.4062720368947907        3.8554616649528839        5.6428607528800399        7.7667245295785960        10.224978482702795        13.015221010464529        16.134725976077902        19.580445452310414        23.349012734922155        27.436745649133115        31.839650156114601        36.553424260245549        41.573462215243580        46.894859025992389        52.512415242143049        58.420642039059715        64.613766581288303        71.085737663389921        77.830231622676592        84.840658518102487        92.110168569292739        99.631658849430238        107.39778022546929        115.40094453890066        123.63333202005475        132.08689892870228        140.75338541348742        149.62432358251658        158.69104577721706        167.94469304138295        177.37622377713316        186.97642257932469        196.73590923978898        206.64514791259447        216.69445643137951        226.87401576965237        237.17387963481480        247.58398418653479        258.09415786997380        268.69413135425907        279.37354756649239        290.12197181148883        300.92890196736010        311.78377874697861        322.67599601529719        333.59491115244293        344.52985545245991        355.47014454754009        366.40508884755707        377.32400398470281        388.21622125302139        399.07109803263990        409.87802818851117        420.62645243350761        431.30586864574093        441.90584213002620        452.41601581346521        462.82612036518520        473.12598423034763        483.30554356862046        493.35485208740556        503.26409076021105        513.02357742067534        522.62377622286681        532.05530695861705        541.30895422278297        550.37567641748342        559.24661458651258        567.91310107129766        576.36666797994530        584.59905546109940        592.60221977453068        600.36834115056979        607.88983143070732        615.15934148189751        622.16976837732341        628.91426233661014        635.38623341871175        641.57935796094034        647.48758475785689        653.10514097400755        658.42653778475642        663.44657573975451        668.16034984388534        672.56325435086683        676.65098726507790        680.41955454768959        683.86527402392210        686.98477898953547        689.77502151729720        692.23327547042140        694.35713924711990        696.14453833504717        697.59372796310527        698.70329715659386        699.47218272385862        699.89980437070449     
# Matrix elements start here 
   7.4827922454172890E-011   3.9418356356015549E-010   9.6840132125917442E-010   1.7970478177944144E-009   2.8793290113603496E-009   4.2141909909215003E-009   5.8003300541696098E-009   7.6361947627862003E-009   9.7199857223863321E-009   1.2049653064808991E-008   1.4622890365195257E-008   1.7437122979448720E-008   2.0489488059055725E-008   2.3776802720378729E-008   2.7295516020527396E-008   3.1041639551301580E-008   3.5010650649613115E-008   3.9197361492647626E-008   4.3595746767716869E-008   4.8198722265006094E-008   5.2997866739890188E-008   5.7983079856222725E-008   6.3142170104607396E-008   6.8460368469232235E-008   7.3919766499077584E-008   7.9498681550779611E-008   8.5170957545404864E-008   9.0905216838016872E-008   9.6664087901465888E-008   1.0240344452995863E-007   1.0807170504713544E-007   1.1360925415711417E-007   1.1894806482587074E-007   1.2401161165922486E-007   1.2871517881271097E-007   1.3296667207212046E-007   1.3666804335695439E-007   1.3971742311035003E-007   1.4201202841111124E-007   1.4345186929018050E-007   1.4394421111016445E-007   1.4340866771714896E-007   1.4178270240997750E-007   1.3902720965518036E-007   1.3513175231488452E-007   1.3011895318470675E-007   1.2404750429779392E-007   1.1701328055063535E-007   1.0914813906706551E-007   1.0061615685321640E-007   9.1607298610869815E-008   8.2328791291674570E-008   7.2994775474061686E-008   6.3815059943040143E-008   5.4983977522954397E-008   4.6670388480870237E-008   3.9009782511962529E-008   3.2099196849450920E-008   2.5995328944743813E-008   2.0715832000575672E-008   1.6243405984151999E-008   1.2531997885576275E-008   9.5142481981418890E-009   7.1092848402242041E-009   5.2300612539582991E-009   3.7896285669935276E-009   2.7059751620564460E-009   1.9053119311220139E-009   1.3238881943222303E-009   9.0856768144919035E-010   6.1646916837744528E-010   4.1398966961327209E-010   2.7549574953095413E-010   1.8190980166225729E-010   1.1935061364388661E-010   7.7924198478785484E-011   5.0709333296337204E-011   3.2945291194174324E-011   2.1406216885359867E-011   1.3934891425650438E-011   9.1050069681082967E-012   5.9824735165314829E-012   3.9602753249124068E-012   2.6462951766942337E-012   1.7883063668956115E-012   1.2244782628078221E-012   8.5107339483242335E-013   6.0154976241964904E-013   4.3313301156695851E-013   3.1823047730264471E-013   2.3895825963181522E-013   1.8365775199698458E-013   1.4467837891701718E-013   1.1696440015313325E-013   9.7152050836129367E-014   8.2991002205290995E-014   7.2972612416814930E-014   6.6090826515068668E-014   6.1689032018241895E-014   5.9363114471866711E-014
   3.9418356356015549E-010   2.0765066927542114E-009   5.1014096242493865E-009   9.4666093815451117E-009   1.5167923057803245E-008   2.2199798789574737E-008   3.0555368846140429E-008   4.0226460456361361E-008   5.1203594649451742E-008   6.3475972992018819E-008   7.7031445544038167E-008   9.1856449422143009E-008   1.0793590352035002E-007   1.2525304083012154E-007   1.4378915545562881E-007   1.6352323699185577E-007   1.8443146064994833E-007   2.0648649766790117E-007   2.2965660749821385E-007   2.5390447146387128E-007   2.7918572756594206E-007   3.0544716857422711E-007   3.3262457123540860E-007   3.6064013433448409E-007   3.8939951852847522E-007   4.1878850253008378E-007   4.4866929958719109E-007   4.7887661643103449E-007   5.0921358481692058E-007   5.3944775374961313E-007   5.6930739780449743E-007   5.9847847151561924E-007   6.2660261749698444E-007   6.5327671012928588E-007   6.7805447758823331E-007   7.0045077977706355E-007   7.1994911242165379E-007   7.3601284021762247E-007   7.4810051637851038E-007   7.5568540701901571E-007   7.5827899837804092E-007   7.5545782686644082E-007   7.4689245744303408E-007   7.3237688734798928E-007   7.1185613512431525E-007   6.8544937465659166E-007   6.5346578778522882E-007   6.1641043073943400E-007   5.7497790934613855E-007   5.3003255949566500E-007   4.8257509002293861E-007   4.3369714500396114E-007   3.8452678858297600E-007   3.3616926559143949E-007   2.8964829555415491E-007   2.4585341194516005E-007   2.0549835649505598E-007   1.6909430846866793E-007   1.3693994251454910E-007   1.0912825336159044E-007   8.5568106733268260E-008   6.6016901486074952E-008   5.0119796679323848E-008   3.7450768921187520E-008   2.7551268498544408E-008   1.9963260292596433E-008   1.4254717988969067E-008   1.0036930360632710E-008   6.9740672876860617E-009   4.7862139514640255E-009   3.2474777549090648E-009   2.1808426305727357E-009   1.4512750419109301E-009   9.5827669022435792E-010   6.2872319123988896E-010   4.1049433468834205E-010   2.6713003714290840E-010   1.7355142117436173E-010   1.1276510929967915E-010   7.3407158448783348E-011   4.7963968198195323E-011   3.1514876429916519E-011   2.0862204763327209E-011   1.3940331747419946E-011   9.4205605784651286E-012   6.4503889631726511E-012   4.4833416807976042E-012   3.1688843045797890E-012   2.2816872150842998E-012   1.6763959156213374E-012   1.2588003947522253E-012   9.6748466058182541E-013   7.6214649693826855E-013   6.1615293529329976E-013   5.1178410878928819E-013   4.3718558420147600E-013   3.8441003653910814E-013   3.4815770182983271E-013   3.2496963267180813E-013   3.1271700775710787E-013
   9.6840132125917442E-010   5.1014096242493865E-009   1.2532769696911675E-008   2.3256872889713356E-008   3.7263442943359959E-008   5.4538840446174994E-008   7.5066193260105756E-008   9.8825423119336592E-008   1.2579324278238482E-007   1.5594312344863119E-007   1.8924521603490595E-007   2.2566620024227560E-007   2.6516902591362958E-007   3.0771250108988482E-007   3.5325067049560481E-007   4.0173191730589208E-007   4.5309771052367347E-007   5.0728091084715957E-007   5.6420354042293791E-007   6.2377391745737217E-007   6.8588305663917553E-007   7.5040024234043077E-007   8.1716769557409236E-007   8.8599428001087375E-007   9.5664822965941368E-007   1.0288489340230783E-006   1.1022578886964609E-006   1.1764690132777834E-006   1.2509986562759669E-006   1.3252757491033654E-006   1.3986327366294719E-006   1.4702980949444136E-006   1.5393914378571848E-006   1.6049223958586042E-006   1.6657946010017684E-006   1.7208161966134611E-006   1.7687182728056629E-006   1.8081824632489812E-006   1.8378785811170984E-006   1.8565125851621470E-006   1.8628843305393564E-006   1.8559534829041652E-006   1.8349107103649332E-006   1.7992499204225177E-006   1.7488360386585071E-006   1.6839618427479633E-006   1.6053869080015815E-006   1.5143520195887319E-006   1.4125636342537783E-006   1.3021451891350940E-006   1.1855551524376567E-006   1.0654753954094623E-006   9.4467726345589678E-007   8.2587604116526134E-007   7.1158672772084147E-007   6.0399466383999905E-007   5.0485331795431728E-007   4.1541851785881180E-007   3.3642402556444241E-007   2.6809830371311917E-007   2.1021746028610685E-007   1.6218549055456848E-007   1.2313064727289528E-007   9.2006307360695771E-008   6.7685939452635261E-008   4.9044276401040012E-008   3.5019947584871609E-008   2.4657995718636077E-008   1.7133377949471249E-008   1.1758420043101359E-008   7.9781656043955884E-009   5.3577345179758387E-009   3.5653862769002298E-009   2.3542240182815644E-009   1.5446011081841495E-009   1.0084724296753448E-009   6.5626551899018116E-010   4.2636842605440367E-010   2.7703306513205114E-010   1.8034133282889853E-010   1.1783436568601860E-010   7.7423441247552893E-011   5.1252737366108750E-011   3.4247586482465022E-011   2.3143743561482884E-011   1.5846843379654817E-011   1.1014345621435708E-011   7.7850829693567597E-012   5.6054821104954543E-012   4.1184467586087904E-012   3.0925286545936704E-012   2.3768454857515701E-012   1.8723857178672933E-012   1.5137194236275931E-012   1.2573137313863692E-012   1.0740455374455609E-012   9.4439043558179505E-013   8.5532835365702537E-013   7.9836160291970508E-013   7.6826025102891902E-013
   1.7970478177944144E-009   9.4666093815451117E-009   2.3256872889713356E-008   4.3157430455421861E-008   6.9149212578314915E-008   1.0120690880656724E-007   1.3929920976646831E-007   1.8338885652107014E-007   2.3343263528537448E-007   2.8938131696167671E-007   3.5117951105370647E-007   4.1876538558212628E-007   4.9207018712568103E-007   5.7101747638327086E-007   6.5552197483903039E-007   7.4548789792461284E-007   8.4080663054599159E-007   9.4135358330709685E-007   1.0469840538740566E-006   1.1575279097165154E-006   1.2727829084257524E-006   1.3925064829701619E-006   1.5164058452482219E-006   1.6441263064383601E-006   1.7752377818640368E-006   1.9092195468323418E-006   2.0454434437915511E-006   2.1831559154262761E-006   2.3214594569133268E-006   2.4592943448335864E-006   2.5954218071364602E-006   2.7284101384657332E-006   2.8566256193616820E-006   2.9782304359694352E-006   3.0911900747219109E-006   3.1932928250537617E-006   3.2821839899037731E-006   3.3554170966337126E-006   3.4105237374863678E-006   3.4451025795127145E-006   3.4569265319116727E-006   3.4440650618322103E-006   3.4050163042130024E-006   3.3388411107885279E-006   3.2452888259849889E-006   3.1249027529459479E-006   2.9790924241912101E-006   2.8101603461631103E-006   2.6212731650663788E-006   2.4163713113733489E-006   2.2000169276853214E-006   1.9771867222822375E-006   1.7530234392968984E-006   1.5325657916440625E-006   1.3204808256142102E-006   1.1208238452234129E-006   9.3684873555977786E-007   7.7088591744059938E-007   6.2429702203224453E-007   4.9750600403518434E-007   3.9009739038586971E-007   3.0096518404171142E-007   2.2849169670448126E-007   1.7073472561032415E-007   1.2560378338865336E-007   9.1010728658648134E-008   6.4985991866305571E-008   4.5757473089506255E-008   3.1794152671652561E-008   2.1819923842824075E-008   1.4804962338072318E-008   9.9422676451238637E-009   6.6162338772593959E-009   4.3686982264244839E-009   2.8662931265066787E-009   1.8714071731102966E-009   1.2178220877079889E-009   7.9120549796569747E-010   5.1408610688916218E-010   3.3465670843666073E-010   2.1866346634256289E-010   1.4367351952715125E-010   9.5108936571872184E-011   6.3552732944452441E-011   4.2947498056568027E-011   2.9406749752582223E-011   2.0439156090470863E-011   1.4446661786086962E-011   1.0402009139406736E-011   7.6425399240855121E-012   5.7387590745726654E-012   4.4106765445657881E-012   3.4745581139725933E-012   2.8089864473191538E-012   2.3331782471475219E-012   1.9930902064122795E-012   1.7524911771098064E-012   1.5872200065138890E-012   1.4815076609687310E-012   1.4256490334137152E-012
   2.8793290113603496E-009   1.5167923057803245E-008   3.7263442943359959E-008   6.9149212578314915E-008   1.1079467775867718E-007   1.6215928468420311E-007   2.2319286775152940E-007   2.9383572863931792E-007   3.7401862784063722E-007   4.6366268778316012E-007   5.6267915876235106E-007   6.7096897017464941E-007   7.8842196150095845E-007   9.1491565748208643E-007   1.0503134201819993E-006   1.1944617782886091E-006   1.3471867027147629E-006   1.5082885694665629E-006   1.6775355284931635E-006   1.8546549840819858E-006   2.0393228923044314E-006   2.2311505988996710E-006   2.4296689826420206E-006   2.6343097415620822E-006   2.8443837702981383E-006   3.0590567350609702E-006   3.2773221672165910E-006   3.4979726757215169E-006   3.7195702289053240E-006   3.9404168795267329E-006   4.1585277987634777E-006   4.3716090294225189E-006   4.5770429361854039E-006   4.7718848724504049E-006   4.9528750285008863E-006   5.1164696798279729E-006   5.2588960010821215E-006   5.3762341190284570E-006   5.4645290147760875E-006   5.5199331403868940E-006   5.5388781282910260E-006   5.5182707724033076E-006   5.4557047017861331E-006   5.3496751613516828E-006   5.1997805369312376E-006   5.0068913387514758E-006   4.7732659974654606E-006   4.5025937157380385E-006   4.1999482685660183E-006   3.8716432307268142E-006   3.5249883184204162E-006   3.1679574878151710E-006   2.8087907268696319E-006   2.4555613389938292E-006   2.1157471228576009E-006   1.7958457099584179E-006   1.5010706542379427E-006   1.2351558843103572E-006   1.0002830806414062E-006   7.9713152680745435E-007   6.2503552897805917E-007   4.8222299776323747E-007   3.6610198385462678E-007   2.7356058298983727E-007   2.0124930114071376E-007   1.4582240315314162E-007   1.0412413618594541E-007   7.3315144120571445E-008   5.0942342920772754E-008   3.4961084020249684E-008   2.3721326249642271E-008   1.5930048931279754E-008   1.0600894400305573E-008   6.9997689658926995E-009   4.5925327487070812E-009   2.9984716668350735E-009   1.9512616376100238E-009   1.2677130356144311E-009   8.2369708098251808E-010   5.3620541418351721E-010   3.5035465174070675E-010   2.3020162782674529E-010   1.5238877763816526E-010   1.0182768978445363E-010   6.8812847323891062E-011   4.7117114444035577E-011   3.2748741862220184E-011   2.3147237366807717E-011   1.6666672080150383E-011   1.2245298486774405E-011   9.1949559321714749E-012   7.0670289397651426E-012   5.5671284203764770E-012   4.5007128303412685E-012   3.7383467201957983E-012   3.1934389261964493E-012   2.8079379070716461E-012   2.5431313329080509E-012   2.3737531892809609E-012   2.2842534190125610E-012
   4.2141909909215003E-009   2.2199798789574737E-008   5.4538840446174994E-008   1.0120690880656724E-007   1.6215928468420311E-007   2.3733661346592090E-007   3.2666547268665550E-007   4.3005848777859464E-007   5.4741431967795861E-007   6.7861752303154985E-007   8.2353820361615720E-007   9.8203136152265514E-007   1.1539357656220886E-006   1.3390721609103030E-006   1.5372405638644763E-006   1.7482163536030728E-006   1.9717448208489143E-006   2.2075337955744242E-006   2.4552439416385543E-006   2.7144762874782849E-006   2.9847565618313964E-006   3.2655159296400998E-006   3.5560677842557198E-006   3.8555803579191296E-006   4.1630450748143388E-006   4.4772408025441531E-006   4.7966944718506829E-006   5.1196389430851086E-006   5.4439695105725126E-006   5.7672010557526224E-006   6.0864285796800949E-006   6.3982946425839488E-006   6.6989680688211725E-006   6.9841390684610286E-006   7.2490365782850493E-006   7.4884739968869050E-006   7.6969294104680532E-006   7.8686656856870882E-006   7.9978942499588116E-006   8.0789838253729920E-006   8.1067117428960383E-006   8.0765507806766807E-006   7.9849789699902425E-006   7.8297939486510867E-006   7.6104079134575064E-006   7.3280949447040035E-006   6.9861604854553410E-006   6.5900040592020775E-006   6.1470516519281440E-006   5.6665438227507980E-006   5.1591790851204455E-006   4.6366281352701551E-006   4.1109510340277227E-006   3.5939638824233851E-006   3.0966111997052085E-006   2.6284029307287261E-006   2.1969696421867162E-006   1.8077763185476249E-006   1.4640160711674434E-006   1.1666831006798969E-006   9.1480309642722629E-007   7.0578242527028320E-007   5.3582750565547354E-007   4.0038374904656848E-007   2.9454883010946868E-007   2.1342592500471423E-007   1.5239626833926214E-007   1.0730417351820872E-007   7.4559302443775725E-008   5.1169103888331894E-008   3.4718574702486905E-008   2.3315247554644989E-008   1.5515487636604407E-008   1.0244874134984765E-008   6.7216389855946137E-009   4.3885683904319582E-009   2.8558699550149392E-009   1.8554270222964406E-009   1.2055644923623644E-009   7.8479118461975328E-010   5.1277968275517265E-010   3.3692350622501438E-010   2.2303648221739300E-010   1.4903518535842955E-010   1.0071460403026036E-010   6.8960691336368542E-011   4.7931116025736549E-011   3.3878337206707860E-011   2.4393370487254323E-011   1.7922240341588759E-011   1.3457753628846334E-011   1.0343315950707987E-011   8.1480589199389056E-012   6.5872511920365785E-012   5.4714508161562855E-012   4.6739228131754737E-012   4.1097028454756837E-012   3.7221314791003638E-012   3.4742293310248858E-012   3.3432373102914030E-012
   5.8003300541696098E-009   3.0555368846140429E-008   7.5066193260105756E-008   1.3929920976646831E-007   2.2319286775152940E-007   3.2666547268665550E-007   4.4961596732700719E-007   5.9192409102641519E-007   7.5345036267959190E-007   9.3403588556040284E-007   1.1335018758006329E-006   1.3516487583614270E-006   1.5882546178704262E-006   1.8430727312459755E-006   2.1158278450787595E-006   2.4062107955808112E-006   2.7138710058849035E-006   3.0384063388796606E-006   3.3793497389376483E-006   3.7361520694030471E-006   4.1081605525868515E-006   4.4945922550414162E-006   4.8945021448049028E-006   5.3067453930022719E-006   5.7299338156072146E-006   6.1623866698724730E-006   6.6020764520833756E-006   7.0465709057909291E-006   7.4929731552703045E-006   7.9378627319417950E-006   8.3772412520761603E-006   8.8064876012410864E-006   9.2203286242158334E-006   9.6128324104352980E-006   9.9774321618032317E-006   1.0306989141589151E-005   1.0593903095644353E-005   1.0830277545850819E-005   1.1008145214121486E-005   1.1119755319683380E-005   1.1157919483029306E-005   1.1116406524551513E-005   1.0990368875383856E-005   1.0776775247290215E-005   1.0474816599440659E-005   1.0086246551032690E-005   9.6156146492491971E-006   9.0703526926128228E-006   8.4606816629863367E-006   7.7993200852018174E-006   7.1009931839192271E-006   6.3817642771655868E-006   5.6582325967804735E-006   4.9466615931097385E-006   4.2621150883816001E-006   3.6176823846893605E-006   3.0238660447820317E-006   2.4881879663918645E-006   2.0150430855348997E-006   1.6057998005177379E-006   1.2591170892076683E-006   9.7142512568106733E-007   7.3750249848656494E-007   5.5108036104649641E-007   4.0541124865602342E-007   2.9375526875992365E-007   2.0975524301005385E-007   1.4769136565863143E-007   1.0262196557161458E-007   7.0428153770866249E-008   4.7785967156826226E-008   3.2090650709221964E-008   2.1355213714225808E-008   1.4100844378992680E-008   9.2515324306403437E-009   6.0403396961928034E-009   3.9307635478692329E-009   2.5537734630273988E-009   1.6593153875449031E-009   1.0801712367103574E-009   7.0577992584100052E-010   4.6373492405141872E-010   3.0698305173371473E-010   2.0512911413495536E-010   1.3862161110139212E-010   9.4916146747109534E-011   6.5971450608881267E-011   4.6629480701915433E-011   3.3574558026563517E-011   2.4667821063476958E-011   1.8522988873349221E-011   1.4236337768721923E-011   1.1214828928798028E-011   9.0665637000897970E-012   7.5307978867665309E-012   6.4330959423845554E-012   5.6565146144708737E-012   5.1230689663345578E-012   4.7818612984635342E-012   4.6015664432105000E-012
   7.6361947627862003E-009   4.0226460456361361E-008   9.8825423119336592E-008   1.8338885652107014E-007   2.9383572863931792E-007   4.3005848777859464E-007   5.9192409102641519E-007   7.7927421399298175E-007   9.9192522835443142E-007   1.2296679449203898E-006   1.4922669928713718E-006   1.7794596295957927E-006   2.0909537012009658E-006   2.4264243941872463E-006   2.7855093345822873E-006   3.1678015050480283E-006   3.5728393674974185E-006   4.0000935042464385E-006   4.4489490317103942E-006   4.9186830057781591E-006   5.4084360378419337E-006   5.9171773878857729E-006   6.4436629115161222E-006   6.9863854296279632E-006   7.5435173835319646E-006   8.1128460579439371E-006   8.6917022231643797E-006   9.2768837883149964E-006   9.8645769864149781E-006   1.0450278735051655E-005   1.1028725120515341E-005   1.1593832397657616E-005   1.2138658402859533E-005   1.2655393714248971E-005   1.3135393073924638E-005   1.3569258260832726E-005   1.3946983461444653E-005   1.4258172880299453E-005   1.4492337513041532E-005   1.4639273376277987E-005   1.4689516893723820E-005   1.4634864652703844E-005   1.4468934778455379E-005   1.4187736548530402E-005   1.3790204852273005E-005   1.3278648347571086E-005   1.2659056560545835E-005   1.1941213531144407E-005   1.1138575288151747E-005   1.0267885901613176E-005   9.3485312827405009E-006   8.4016589565616643E-006   7.4491219842052408E-006   6.5123313669756328E-006   5.6111187833001745E-006   4.7627164353397650E-006   3.9809510560407779E-006   3.2757253018956573E-006   2.6528251518185406E-006   2.1140521163932564E-006   1.6576407260532497E-006   1.2788912678912490E-006   9.7092969949812498E-007   7.2550301924155497E-007   5.3372811975351300E-007   3.8673186247959461E-007   2.7614495609416271E-007   1.9443721692017424E-007   1.3510288358185093E-007   9.2719395957681088E-008   6.2910722101980395E-008   4.2247674975668947E-008   2.8114360665652980E-008   1.8563908086630838E-008   1.2179738538122951E-008   7.9521699494254877E-009   5.1748910385561035E-009   3.3620692894352893E-009   2.1845059425665595E-009   1.4220566525779842E-009   9.2916660311638844E-010   6.1051184420391718E-010   4.0414637615802264E-010   2.7005460937973642E-010   1.8249679084046158E-010   1.2495809306111777E-010   8.6852099954348018E-011   6.1388195671975867E-011   4.4201254371896196E-011   3.2475442648105865E-011   2.4385707245079495E-011   1.8742286541542881E-011   1.4764438770181466E-011   1.1936225283132605E-011   9.9143736383050838E-012   8.4692376269906580E-012   7.4468602426504205E-012   6.7445735061221618E-012   6.2953700673374565E-012   6.0580100177225526E-012
   9.7199857223863321E-009   5.1203594649451742E-008   1.2579324278238482E-007   2.3343263528537448E-007   3.7401862784063722E-007   5.4741431967795861E-007   7.5345036267959190E-007   9.9192522835443142E-007   1.2626051792531818E-006   1.5652239419233080E-006   1.8994819167506129E-006   2.2650446630205006E-006   2.6615403028862333E-006   3.0885553866287993E-006   3.5456286544261554E-006   4.0322420206561283E-006   4.5478080011389892E-006   5.0916527088813199E-006   5.6629934687615659E-006   6.2609100572054885E-006   6.8843085727009736E-006   7.5318770033691035E-006   8.2020316984364803E-006   8.8928541946060094E-006   9.6020182227189107E-006   1.0326707254171846E-005   1.1063523670730229E-005   1.1808391583998635E-005   1.2556456513210987E-005   1.3301986559415309E-005   1.4038281374114551E-005   1.4757597058964289E-005   1.5451097048979633E-005   1.6108840860522428E-005   1.6719824088129341E-005   1.7272083892022608E-005   1.7752884038035886E-005   1.8148991890466134E-005   1.8447056169553537E-005   1.8634088393996656E-005   1.8698042534427430E-005   1.8628476602845987E-005   1.8417267216664228E-005   1.8059334651435382E-005   1.7553323145462740E-005   1.6902171351099357E-005   1.6113503236851848E-005   1.5199772744971284E-005   1.4178107831426916E-005   1.3069821745399911E-005   1.1899590491896388E-005   1.0694332404945377E-005   9.4818638837821784E-006   8.2894386370202789E-006   7.1423000793646064E-006   6.0623827952741000E-006   5.0672866038996476E-006   4.1696164325264100E-006   3.3767371577955039E-006   2.6909418926640322E-006   2.1099834001882993E-006   1.6278794937194479E-006   1.2358803186312685E-006   9.2348076596242946E-007   6.7937367560638011E-007   4.9226457659416573E-007   3.5150033674166167E-007   2.4749591008009533E-007   1.7197022080532581E-007   1.1802098203269441E-007   8.0078015243439266E-008   5.3776365103826763E-008   3.5786303617596492E-008   2.3629690855070182E-008   1.5503387272138945E-008   1.0122185299292050E-008   6.5870330147678832E-009   4.2795222628739016E-009   2.7806214000319348E-009   1.8101123385228026E-009   1.1827207655864198E-009   7.7711040555553353E-010   5.1443122236144329E-010   3.4374803537330233E-010   2.3229713966899775E-010   1.5905708512959967E-010   1.1055259821679978E-010   7.8140016590796095E-011   5.6263043931273092E-011   4.1337452575998843E-011   3.1040162491348237E-011   2.3856745833208769E-011   1.8793409348931915E-011   1.5193423286771143E-011   1.2619841845883914E-011   1.0780352174230069E-011   9.4789849504517033E-012   8.5850558058805806E-012   8.0132721954477475E-012   7.7111405231958643E-012
   1.2049653064808991E-008   6.3475972992018819E-008   1.5594312344863119E-007   2.8938131696167671E-007   4.6366268778316012E-007   6.7861752303154985E-007   9.3403588556040284E-007   1.2296679449203898E-006   1.5652239419233080E-006   1.9403737832115066E-006   2.3547460617158269E-006   2.8079261786192803E-006   3.2994531251134550E-006   3.8288143566518745E-006   4.3954380595521829E-006   4.9986819744342384E-006   5.6378178100485490E-006   6.3120101634729819E-006   7.0202887695295275E-006   7.7615128472408901E-006   8.5343263109003161E-006   9.3371026881641825E-006   1.0167878761910538E-005   1.1024276255276867E-005   1.1903411343420288E-005   1.2801792437619723E-005   1.3715207585086068E-005   1.4638603996391597E-005   1.5565963678227299E-005   1.6490180921207736E-005   1.7402949450292110E-005   1.8294669324587038E-005   1.9154386048335660E-005   1.9969776622044243E-005   2.0727199125672473E-005   2.1411823489186410E-005   2.2007860882495168E-005   2.2498907097412785E-005   2.2868410845318892E-005   2.3100270590882982E-005   2.3179553135761017E-005   2.3093313776503922E-005   2.2831482133926508E-005   2.2387760985070149E-005   2.1760469621901871E-005   2.0953251027276169E-005   1.9975556467697477E-005   1.8842824822162208E-005   1.7576289241935517E-005   1.6202371294461222E-005   1.4751661281807819E-005   1.3257529272141698E-005   1.1754458645363890E-005   1.0276235226155758E-005   8.8541527219416810E-006   7.5154029558785797E-006   6.2818040376662633E-006   5.1689820191356101E-006   4.1860669762893067E-006   3.3359016309544019E-006   2.6157001327912548E-006   2.0180464962473756E-006   1.5320937184953288E-006   1.1448188464148719E-006   8.4220464167628313E-007   6.1024959639534651E-007   4.3574725630982911E-007   3.0681525020719354E-007   2.1318771008174228E-007   1.4630802230364635E-007   9.9270958760733137E-008   6.6665380083349336E-008   4.4363495521482141E-008   2.9293209369281067E-008   1.9219209090853107E-008   1.2548251056919729E-008   8.1658003233063954E-009   5.3052298659237842E-009   3.4470753488660841E-009   2.2439565561599444E-009   1.4661929867899870E-009   9.6336672166410171E-010   6.3772910086530139E-010   4.2613689837201512E-010   2.8797366795634509E-010   1.9717957907050604E-010   1.3704963072709257E-010   9.6868464346504346E-011   6.9748061273438371E-011   5.1245133105143379E-011   3.8479808487230698E-011   2.9574684444589718E-011   2.3297777283562845E-011   1.8834953538124723E-011   1.5644541084606328E-011   1.3364166093038282E-011   1.1750889694871609E-011   1.0642705345197579E-011   9.9338777470261686E-012   9.5593317410437496E-012
   1.4622890365195257E-008   7.7031445544038167E-008   1.8924521603490595E-007   3.5117951105370647E-007   5.6267915876235106E-007   8.2353820361615720E-007   1.1335018758006329E-006   1.4922669928713718E-006   1.8994819167506129E-006   2.3547460617158269E-006   2.8576087056736907E-006   3.4075667110638335E-006   4.0040606193502667E-006   4.6464684306571353E-006   5.3340962188820501E-006   6.0661645683479542E-006   6.8417896591607789E-006   7.6599576857548911E-006   8.5194911800947433E-006   9.4190057442170145E-006   1.0356855696498419E-005   1.1331067226852070E-005   1.2339257867618282E-005   1.3378541454221894E-005   1.4445418312914360E-005   1.5535651216383501E-005   1.6644128737476407E-005   1.7764719049372620E-005   1.8890118999367015E-005   2.0011705433850818E-005   2.1119398249387737E-005   2.2201547410707769E-005   2.3244859058676804E-005   2.4234378582602061E-005   2.5153550792052129E-005   2.5984378613829301E-005   2.6707701468772337E-005   2.7303611983902031E-005   2.7752024296364350E-005   2.8033398342675083E-005   2.8129611897985736E-005   2.8024955881020060E-005   2.7707209354795965E-005   2.7168730306681738E-005   2.6407479108717143E-005   2.5427876712990761E-005   2.4241392730549758E-005   2.2866763056420456E-005   2.1329755241036731E-005   1.9662433251877939E-005   1.7901920036051335E-005   1.6088711933630100E-005   1.4264656347274047E-005   1.2470754159544356E-005   1.0744981937096193E-005   9.1203383933958045E-006   7.6233009568305641E-006   6.2728326665464701E-006   5.0800133519539864E-006   4.0482928061211801E-006   3.1742902525334686E-006   2.4490060010669349E-006   1.8592766409342802E-006   1.3892981307507331E-006   1.0220598115192345E-006   7.4057011396910761E-007   5.2880230838864151E-007   3.7233650977492757E-007   2.5871454513796540E-007   1.7755251194268931E-007   1.2047055119333689E-007   8.0901959489598109E-008   5.3837444757812826E-008   3.5548856614196444E-008   2.3323525244231940E-008   1.5227965360776241E-008   9.9096299478127850E-009   6.4381766241991675E-009   4.1832079841574277E-009   2.7231597896223879E-009   1.7793026226343088E-009   1.1690963944442039E-009   7.7391794390187131E-010   5.1713963148507576E-010   3.4947125464442012E-010   2.3928783272807558E-010   1.6631696480669885E-010   1.1755499734018393E-010   8.4642955917551036E-011   6.2188675401355127E-011   4.6697279810139048E-011   3.5890441483456683E-011   2.8273083145043787E-011   2.2857210837539577E-011   1.8985476831869085E-011   1.6218121347534110E-011   1.4260325237366847E-011   1.2915485003166674E-011   1.2055285277901841E-011   1.1600753918970182E-011
   1.7437122979448720E-008   9.1856449422143009E-008   2.2566620024227560E-007   4.1876538558212628E-007   6.7096897017464941E-007   9.8203136152265514E-007   1.3516487583614270E-006   1.7794596295957927E-006   2.2650446630205006E-006   2.8079261786192803E-006   3.4075667110638335E-006   4.0633662919965585E-006   4.7746577928915432E-006   5.5406995075568083E-006   6.3606639610893890E-006   7.2336217362076431E-006   8.1585189184117928E-006   9.1341465912780865E-006   1.0159100678428500E-005   1.1231730349080882E-005   1.2350073203727772E-005   1.3511775564788089E-005   1.4713996449354981E-005   1.5953294239158776E-005   1.7225495734509326E-005   1.8525548237076172E-005   1.9847356605499468E-005   2.1183608918832888E-005   2.2525596503983986E-005   2.3863036647604614E-005   2.5183909290809392E-005   2.6474322303339200E-005   2.7718423370719689E-005   2.8898379808765510E-005   2.9994450315703100E-005   3.0985174210997965E-005   3.1847703386865126E-005   3.2558299218301790E-005   3.3093010239353754E-005   3.3428535824666435E-005   3.3543266056128403E-005   3.3418468578147357E-005   3.3039570486478031E-005   3.2397459033179254E-005   3.1489702055888667E-005   3.0321571336267047E-005   2.8906743857001220E-005   2.7267561309613496E-005   2.5434750310701110E-005   2.3446545664067098E-005   2.1347214773617430E-005   1.9185047658933620E-005   1.7009945419478631E-005   1.4870799718503052E-005   1.2812895861891362E-005   1.0875583294965561E-005   9.0904351310732589E-006   7.4800639206333479E-006   6.0576818496908944E-006   4.8274026375229538E-006   3.7851948639124132E-006   2.9203268130665391E-006   2.2171017241538663E-006   1.6566740060281705E-006   1.2187592316380671E-006   8.8309573755128531E-007   6.3057238705256394E-007   4.4399413170307477E-007   3.0850517424929076E-007   2.1172318937873479E-007   1.4365558135894137E-007   9.6471858959989072E-008   6.4198672197917645E-008   4.2390373522591549E-008   2.7812229172280904E-008   1.8158647031550439E-008   1.1816777105306030E-008   7.6772289715565956E-009   4.9882827708248904E-009   3.2472425736949175E-009   2.1217363923056208E-009   1.3940935817500688E-009   9.2286148817329422E-010   6.1666518222792065E-010   4.1672836852563110E-010   2.8533971482795092E-010   1.9832531712100588E-010   1.4017891772945547E-010   1.0093282482588630E-010   7.4157129939472445E-011   5.5684354496235680E-011   4.2797697739928592E-011   3.3714348907499529E-011   2.7256170728737018E-011   2.2639306325425938E-011   1.9339362422197749E-011   1.7004780770479471E-011   1.5401120757594848E-011   1.4375372220764444E-011   1.3833364518745988E-011
   2.0489488059055725E-008   1.0793590352035002E-007   2.6516902591362958E-007   4.9207018712568103E-007   7.8842196150095845E-007   1.1539357656220886E-006   1.5882546178704262E-006   2.0909537012009658E-006   2.6615403028862333E-006   3.2994531251134550E-006   4.0040606193502667E-006   4.7746577928915432E-006   5.6104607364890859E-006   6.5105979084222938E-006   7.4740969844629401E-006   8.4998658530100156E-006   9.5866661120298883E-006   1.0733077224507471E-005   1.1937449330760329E-005   1.3197842622390119E-005   1.4511951182226760E-005   1.5877009321873762E-005   1.7289678744903743E-005   1.8745915378419868E-005   2.0240815504915505E-005   2.1768441952173099E-005   2.3321632625490546E-005   2.4891795653542789E-005   2.6468697911659672E-005   2.8040256699466251E-005   2.9592347849042658E-005   3.1108647415355376E-005   3.2570528139279524E-005   3.3957035728635877E-005   3.5244973170509154E-005   3.6409123096296235E-005   3.7422637841265708E-005   3.8257623338597830E-005   3.8885935422753130E-005   3.9280194698315640E-005   3.9415008435095681E-005   3.9268365182197454E-005   3.8823141051243775E-005   3.8068628109489878E-005   3.7001968445011895E-005   3.5629356663853258E-005   3.3966863901933334E-005   3.2040742759649852E-005   2.9887098542023957E-005   2.7550859048032923E-005   2.5084040682264007E-005   2.2543386623093208E-005   1.9987533148006497E-005   1.7473930396659425E-005   1.5055790859166584E-005   1.2779352093811278E-005   1.0681714081461089E-005   8.7894476952089469E-006   7.1180779117682298E-006   5.6724385561974034E-006   4.4477925089328242E-006   3.4315294693619712E-006   2.6052049616386130E-006   1.9466744774507160E-006   1.4321028046280146E-006   1.0376814793865798E-006   7.4095396414370259E-007   5.2171522048349844E-007   3.6250894665294114E-007   2.4878529363551762E-007   1.6880246370572971E-007   1.1335923962486713E-007   7.5436637624038457E-008   4.9810800390278111E-008   3.2680754628662183E-008   2.1337314760013443E-008   1.3885301702640510E-008   9.0211264510057722E-009   5.8614807264060062E-009   3.8156717720575970E-009   2.4931459464871233E-009   1.6381293995655102E-009   1.0844082171339318E-009   7.2461230574482535E-010   4.8967659061871426E-010   3.3528837794126234E-010   2.3304212637306104E-010   1.6471721076545599E-010   1.1860109672187116E-010   8.7138321509773733E-011   6.5431890219020384E-011   5.0289426634821364E-011   3.9616039307241862E-011   3.2027358259745322E-011   2.6602312615838726E-011   2.2724714156480607E-011   1.9981464428176826E-011   1.8097084033342750E-011   1.6891778409143637E-011   1.6254892361398711E-011
   2.3776802720378729E-008   1.2525304083012154E-007   3.0771250108988482E-007   5.7101747638327086E-007   9.1491565748208643E-007   1.3390721609103030E-006   1.8430727312459755E-006   2.4264243941872463E-006   3.0885553866287993E-006   3.8288143566518745E-006   4.6464684306571353E-006   5.5406995075568083E-006   6.5105979084222938E-006   7.5551522621791381E-006   8.6732342457922204E-006   9.8635765302774864E-006   1.1124742025515482E-005   1.2455082284836026E-005   1.3852682746583284E-005   1.5315292381279613E-005   1.6840235312520267E-005   1.8424302127400451E-005   2.0063618936277478E-005   2.1753492838910110E-005   2.3488233369855036E-005   2.5260950802432550E-005   2.7063333962039079E-005   2.8885412505398809E-005   3.0715311514710254E-005   3.2539009752238433E-005   3.4340116981523921E-005   3.6099690258772254E-005   3.7796113784498501E-005   3.9405071379115590E-005   4.0899644322243660E-005   4.2250569393802456E-005   4.3426691514368730E-005   4.4395641318640132E-005   4.5124759216985467E-005   4.5582273088913860E-005   4.5738716217906504E-005   4.5568545656085421E-005   4.5051890174136524E-005   4.4176323868411959E-005   4.2938530306221449E-005   4.1345697950517359E-005   3.9416476375517724E-005   3.7181330124736516E-005   3.4682157205199200E-005   3.1971093590721459E-005   2.9108501150107906E-005   2.6160226885200884E-005   2.3194314624036671E-005   2.0277431753956079E-005   1.7471328128155444E-005   1.4829659616337577E-005   1.2395478486254412E-005   1.0199618617494239E-005   8.2600957997873184E-006   6.5825193926485716E-006   5.1613922573987420E-006   3.9820809083672982E-006   3.0231816549294444E-006   2.2589971441812177E-006   1.6618680643849465E-006   1.2041661436758471E-006   8.5983193818944583E-007   6.0541873168824871E-007   4.2066954938534004E-007   2.8870017784015868E-007   1.9588497607538541E-007   1.3154649200233952E-007   8.7539622537456653E-008   5.7802399494328198E-008   3.7924024910684638E-008   2.4760653959201250E-008   1.6113046765495291E-008   1.0468467700263273E-008   6.8018913151645090E-009   4.4278546495862360E-009   2.8931439942217987E-009   1.9009493771469406E-009   1.2583896763470148E-009   8.4086843911352842E-010   5.6823985344929223E-010   3.8908173760943527E-010   2.7043119126936365E-010   1.9114428890234511E-010   1.3762934784161960E-010   1.0111871384737312E-010   7.5929722639972461E-011   5.8357816094318402E-011   4.5972000298697028E-011   3.7165798227950036E-011   3.0870363239411733E-011   2.6370646441643652E-011   2.3187272244366732E-011   2.1000563588250850E-011   1.9601879835794753E-011   1.8862812375009657E-011
