# Version 0.33
# Potential name = chengdu_MMWLY_400   
# L = 1
# S = 1
# J = 0
# Order = 2                   
# K_MAX = 0800 MeV
# For uncoupled channels, e.g., 3P0 (LSJ = 110)
# storage = D(1:N，1:N) (row, column)
# D(i,j)  = <pout(j),L|V|L,pin(i)>
# Normalization
# If V were so weak as to validate the Born approximation, the relation of V
# in 1S0 and the respective scattering length 'a' would have been
# <p|V|p> = 2/pi * a + ... for p->0, in unit of MeV^(-1)
# Momenta are in unit of MeV
# The value of pin and pout, where pin(1:N) = pout(1:N)
  0.11450929062345949       0.60321974416166313        1.4819461067499446        2.7500251850226505        4.4062419028032878        6.4489837175771640        8.8762566052326974        11.685689694517464        14.874538297673780        18.439686829803293        22.377651945497576        26.684585982768169        31.356280741866385        36.388171606988124        41.775342011709199        47.512528245992655        53.594124601134183        60.014188848163485        66.766448044639674        73.844304664329513        81.240843043874179        88.948836140201820        96.960752592117160        105.26876407919173        113.86475297077743        122.74032025767923        131.88679375874364        141.29523659434830        150.95645591851689        160.86101190112851        170.99922695144753        181.36119517396233        191.93679204729480        202.71568431672361        213.68734009065676        224.84103913118742        236.16588332867937        247.65080735014803        259.28458945103131        271.05586243978837        282.95312478461119        294.96475185139860        307.07900726201041        319.28405436170561        331.56796778455868        343.91874510555442        356.32431856797552        368.77256687462534        381.25132703136336        393.74840623138277        406.25159376861723        418.74867296863664        431.22743312537466        443.67568143202448        456.08125489444558        468.43203221544132        480.71594563829439        492.92099273798959        505.03524814860140        517.04687521538881        528.94413756021163        540.71541054896875        552.34919264985194        563.83411667132066        575.15896086881253        586.31265990934321        597.28431568327642        608.06320795270517        618.63880482603770        629.00077304855245        639.13898809887155        649.04354408148311        658.70476340565165        668.11320624125642        677.25967974232071        686.13524702922257        694.73123592080833        703.03924740788284        711.05116385979818        718.75915695612582        726.15569533567054        733.23355195536033        739.98581115183651        746.40587539886587        752.48747175400740        758.22465798829080        763.61182839301182        768.64371925813361        773.31541401723189        777.62234805450248        781.56031317019665        785.12546170232622        788.31431030548254        791.12374339476730        793.55101628242278        795.59375809719677        797.24997481497735        798.51805389325000        799.39678025583839        799.88549070937654     
# Matrix elements start here 
   5.7702853953910296E-011   3.0396806615667591E-010   7.4672927435565085E-010   1.3854920556351598E-009   2.2191959787662996E-009   3.2460595916785140E-009   4.4632895885043481E-009   5.8667228414348730E-009   7.4504121262813193E-009   9.2061636009612921E-009   1.1123035005689535E-008   1.3186805035496363E-008   1.5379426026615210E-008   1.7678473912777689E-008   2.0056611353378119E-008   2.2481081996399840E-008   2.4913256040969854E-008   2.7308249615793587E-008   2.9614643020763153E-008   3.1774325613357883E-008   3.3722498080984445E-008   3.5387866031407733E-008   3.6693062222287395E-008   3.7555338232557160E-008   3.7887569729160107E-008   3.7599622290037181E-008   3.6600126335055506E-008   3.4798709057568484E-008   3.2108726893514541E-008   2.8450532099373208E-008   2.3755289111751869E-008   1.7969327941082075E-008   1.1058980375001497E-008   3.0157882245335093E-009  -6.1380995362271909E-009  -1.6344610830162268E-008  -2.7504883031802149E-008  -3.9475310566439957E-008  -5.2065062666987091E-008  -6.5035686948393648E-008  -7.8103425932602096E-008  -9.0944813446045414E-008  -1.0320596533002517E-007  -1.1451572071067100E-007  -1.2450242580100527E-007  -1.3281370048073690E-007  -1.3913803046303979E-007  -1.4322655000486729E-007  -1.4491300561890743E-007  -1.4412971063295862E-007  -1.4091739328433550E-007  -1.3542725470758356E-007  -1.2791428312029465E-007  -1.1872184796830204E-007  -1.0825869092758885E-007  -9.6970462443348594E-008  -8.5308733986319016E-008  -7.3700789007929203E-008  -6.2523372177387727E-008  -5.2082966736844304E-008  -4.2604183858251003E-008  -3.4226672889028372E-008  -2.7009817501074681E-008  -2.0943570940450001E-008  -1.5963240245665683E-008  -1.1965900944796260E-008  -8.8263669600305471E-009  -6.4111449364718318E-009  -4.5894270350713746E-009  -3.2407871860790953E-009  -2.2597433683528880E-009  -1.5576808097665608E-009  -1.0627920940295994E-009  -7.1870768383615411E-010  -4.8240933301137181E-010  -3.2188658522907609E-010  -2.1385234300610269E-010  -1.4170383342141913E-010  -9.3813736171536471E-011  -6.2166044548180109E-011  -4.1309119029025315E-011  -2.7577990595990442E-011  -1.8532339864755960E-011  -1.2559696935540047E-011  -8.6007696413675283E-012  -5.9624476491752740E-012  -4.1922465443638062E-012  -2.9949531948153799E-012  -2.1777829989961333E-012  -1.6145425461208149E-012  -1.2223253008826940E-012  -9.4640363935807401E-013  -7.5044854363581794E-013  -6.1019832402984700E-013  -5.0935552655579345E-013  -4.3692315714233717E-013  -3.8547259990392877E-013  -3.5001766936368595E-013  -3.2728667009374830E-013  -3.1525772579294951E-013
   3.0396806615667591E-010   1.6012481480801165E-009   3.9336331744150187E-009   7.2985186113568591E-009   1.1690318295163377E-008   1.7099647830687399E-008   2.3511792542670510E-008   3.0904821749680417E-008   3.9247406429175154E-008   4.8496382727513153E-008   5.8594108552498968E-008   6.9465668311802683E-008   8.1015989743884056E-008   9.3126946373207561E-008   1.0565452934722603E-007   1.1842618328800169E-007   1.3123841237910920E-007   1.4385477530297550E-007   1.5600440097305381E-007   1.6738117140923917E-007   1.7764373369756439E-007   1.8641651978452564E-007   1.9329197070854285E-007   1.9783418021258212E-007   1.9958419033253497E-007   1.9806718634995085E-007   1.9280184686996722E-007   1.8331210132150699E-007   1.6914152422563249E-007   1.4987054308296033E-007   1.2513654244063212E-007   9.4656796989444279E-008   5.8253948037387356E-008   1.5883439858845975E-008  -3.2338048893815050E-008  -8.6104601530659336E-008  -1.4489542228165222E-007  -2.0795401559115881E-007  -2.7427511001987244E-007  -3.4260256995973048E-007  -4.1144159882367888E-007  -4.7908822016557867E-007  -5.4367821995540854E-007  -6.0325637308425928E-007  -6.5586485823017754E-007  -6.9964738558969871E-007  -7.3296294153528982E-007  -7.5450053700619719E-007  -7.6338437362369612E-007  -7.5925789010189638E-007  -7.4233564058603370E-007  -7.1341413572424467E-007  -6.7383662254752112E-007  -6.2541192833255852E-007  -5.7029325214247025E-007  -5.1082822300201132E-007  -4.4939566052473746E-007  -3.8824643766505485E-007  -3.2936519521518123E-007  -2.7436644559728688E-007  -2.2443340963219541E-007  -1.8030174023316372E-007  -1.4228426121237432E-007  -1.1032804604592577E-007  -8.4092299266686043E-008  -6.3034826982245557E-008  -4.6496164261947163E-008  -3.3773084716209709E-008  -2.4176509079063013E-008  -1.7072048043517308E-008  -1.1904035727377374E-008  -8.2056608158825347E-009  -5.5986510287557261E-009  -3.7860588747901436E-009  -2.5412697632878341E-009  -1.6956567326955728E-009  -1.1265463570349642E-009  -7.4647737282753925E-010  -4.9419856015048318E-010  -3.2748263322281677E-010  -2.1761106132412839E-010  -1.4527726286910848E-010  -9.7625951986552052E-011  -6.6162846609999285E-011  -4.5307733226079770E-011  -3.1409396697099584E-011  -2.2084207973864992E-011  -1.5777022686672853E-011  -1.1472276648034862E-011  -8.5051994016549487E-012  -6.4390501184122344E-012  -4.9855308061098893E-012  -3.9532649330777031E-012  -3.2144450808189659E-012  -2.6832183867528227E-012  -2.3016541202737311E-012  -2.0306193018617142E-012  -1.8438473568977486E-012  -1.7241034207284305E-012  -1.6607365128186397E-012
   7.4672927435565085E-010   3.9336331744150187E-009   9.6633803678403699E-009   1.7929572495196953E-008   2.8718486390888959E-008   4.2007067948361320E-008   5.7759168363602745E-008   7.5920911519652678E-008   9.6415332695350066E-008   1.1913639289634015E-007   1.4394248485377095E-007   1.7064956596314520E-007   1.9902407525446861E-007   2.2877581503795647E-007   2.5955100298494955E-007   2.9092572712593483E-007   3.2240006471058049E-007   3.5339315632924089E-007   3.8323955943977339E-007   4.1118724083311181E-007   4.3639760588041352E-007   4.5794800370488563E-007   4.7483719128053775E-007   4.8599428452786977E-007   4.9029176784103901E-007   4.8656316982912481E-007   4.7362603362448764E-007   4.5031080159927608E-007   4.1549617794478106E-007   3.6815140359531014E-007   3.0738564632590316E-007   2.3250434104907229E-007   1.4307177852086032E-007   3.8978508932492149E-008  -7.9488809919936438E-008  -2.1157861538418857E-007  -3.5601144707451198E-007  -5.1092879633822143E-007  -6.7386098220332914E-007  -8.4172202147870667E-007  -1.0108396091792048E-006  -1.1770275461502396E-006  -1.3357059774265918E-006  -1.4820714633343562E-006  -1.6113141910143535E-006  -1.7188737879457814E-006  -1.8007187613522744E-006  -1.8536284031670122E-006  -1.8754511536050630E-006  -1.8653110790402373E-006  -1.8237353214114239E-006  -1.7526807300668042E-006  -1.6554473337570136E-006  -1.5364789604545089E-006  -1.4010654597824109E-006  -1.2549743357810284E-006  -1.1040497117104848E-006  -9.5382137318412062E-007  -8.0916503887122721E-007  -6.7404711676638953E-007  -5.5137444405972892E-007  -4.4295430212471308E-007  -3.4955519448658263E-007  -2.7104707514570874E-007  -2.0659268307746126E-007  -1.5485997759868508E-007  -1.1422881700757504E-007  -8.2971551888549482E-008  -5.9395290786473198E-008  -4.1941502796862245E-008  -2.9245061017774134E-008  -2.0159131720433723E-008  -1.3754398866747530E-008  -9.3013403833464201E-009  -6.2432238280772581E-009  -4.1657772049425779E-009  -2.7676243008695882E-009  -1.8338959241210364E-009  -1.2141140501928935E-009  -8.0453743586281301E-010  -5.3461227511131553E-010  -3.5690742732842561E-010  -2.3984087415257630E-010  -1.6254442548296228E-010  -1.1130898306478452E-010  -7.7164484467612256E-011  -5.4254988798363305E-011  -3.8759921294684008E-011  -2.8184311857202490E-011  -2.0894997015234044E-011  -1.5819021238107546E-011  -1.2248113412691532E-011  -9.7121125666131723E-012  -7.8970300528356942E-012  -6.5919483540712960E-012  -5.6545471655690585E-012  -4.9886872294506819E-012  -4.5298386025644554E-012  -4.2356598362988874E-012  -4.0799843230933756E-012
   1.3854920556351598E-009   7.2985186113568591E-009   1.7929572495196953E-008   3.3266781772084695E-008   5.3284683380643377E-008   7.7940500438278176E-008   1.0716715831241480E-007   1.4086468846280230E-007   1.7889028017310822E-007   2.2104717369390802E-007   2.6707261012334950E-007   3.1662508902101396E-007   3.6927122524119890E-007   4.2447254016640411E-007   4.8157256913141302E-007   5.3978471640624668E-007   5.9818134193115181E-007   6.5568462050424171E-007   7.1105977489902663E-007   7.6291135006463393E-007   8.0968326666953055E-007   8.4966346890695770E-007   8.8099406289227506E-007   9.0168792563619322E-007   9.0965284507134208E-007   9.0272431907492988E-007   8.7870817961024475E-007   8.3543419230925853E-007   7.7082167716384927E-007   6.8295795663095613E-007   5.7019000754152841E-007   4.3122901063088474E-007   2.6526649530544425E-007   7.2099419356877242E-008  -1.4774021506313885E-007  -3.9285769589557941E-007  -6.6087870710561553E-007  -9.4835441076385738E-007  -1.2507018368234804E-006  -1.5621943660603487E-006  -1.8760173671411914E-006  -2.1844026025575845E-006  -2.4788513561958097E-006  -2.7504500344083910E-006  -2.9902732440976298E-006  -3.1898585027916643E-006  -3.3417247893759595E-006  -3.4398956683096124E-006  -3.4803787264640663E-006  -3.4615487245410837E-006  -3.3843840948924621E-006  -3.2525163525511963E-006  -3.0720695167619457E-006  -2.8512901147860504E-006  -2.5999945923658365E-006  -2.3288857340070600E-006  -2.0488084643967926E-006  -1.7700243549227082E-006  -1.5015811952959987E-006  -1.2508393462992179E-006  -1.0231929109390136E-006  -8.2199554260763460E-007  -6.4867323788834501E-007  -5.0298456372169833E-007  -3.8337572046583971E-007  -2.8737476006754222E-007  -2.1197511996511680E-007  -1.5397074928913627E-007  -1.1022010973032312E-007  -7.7831006139743098E-008  -5.4270151450293912E-008  -3.7409351621747386E-008  -2.5524064935854097E-008  -1.7260510735232289E-008  -1.1585556438535691E-008  -7.7304348971463709E-009  -5.1358806973096534E-009  -3.4031601558212651E-009  -2.2530306777921902E-009  -1.4929793509654821E-009  -9.9207932732411070E-010  -6.6231256540448875E-010  -4.4507228078823040E-010  -3.0163336098789519E-010  -2.0655583013772481E-010  -1.4319394531441579E-010  -1.0068084026847344E-010  -7.1926677732227107E-011  -5.2301544564194656E-011  -3.8774781610641491E-011  -2.9355307053462222E-011  -2.2728783499505285E-011  -1.8022734192768885E-011  -1.4654491096446956E-011  -1.2232655073451219E-011  -1.0493122690943678E-011  -9.2574885805042835E-012  -8.4060047026009263E-012  -7.8600981500063777E-012  -7.5712116242386709E-012
   2.2191959787662996E-009   1.1690318295163377E-008   2.8718486390888959E-008   5.3284683380643377E-008   8.5348120880901417E-008   1.2484027455335989E-007   1.7165369552530086E-007   2.2562823899160395E-007   2.8653512666758126E-007   3.5405915310619345E-007   4.2777938081150554E-007   5.0714872622504111E-007   5.9147290351176951E-007   6.7988926307437728E-007   7.7134613638343974E-007   8.6458337814087789E-007   9.5811488142607903E-007   1.0502139320225843E-006   1.1389023655190679E-006   1.2219445960432907E-006   1.2968476994716385E-006   1.3608688568471029E-006   1.4110315942604810E-006   1.4441523895660201E-006   1.4568793453495158E-006   1.4457447357208587E-006   1.4072332957003751E-006   1.3378680966345808E-006   1.2343156833295801E-006   1.0935117649615828E-006   9.1280806284838544E-007   6.9013982435376078E-007   4.2421191587229594E-007   1.1469923200900026E-007  -2.3754562736996056E-007  -6.3028780606804951E-007  -1.0597229005215663E-006  -1.5203248818941521E-006  -2.0047505920145776E-006  -2.5038245031795770E-006  -3.0066278729846915E-006  -3.5007141078076059E-006  -3.9724662808801775E-006  -4.4076028151810970E-006  -4.7918233241282161E-006  -5.1115692208741160E-006  -5.3548545660812354E-006  -5.5121042371414292E-006  -5.5769220921246765E-006  -5.5467048531404850E-006  -5.4230210073929725E-006  -5.2116899434052079E-006  -4.9225246288669398E-006  -4.5687387491531739E-006  -4.1660612890444179E-006  -3.7316412418403837E-006  -3.2828552007362796E-006  -2.8361449307827440E-006  -2.4060072695537608E-006  -2.0042352401073057E-006  -1.6394713194828947E-006  -1.3170885918735382E-006  -1.0393714999253153E-006  -8.0593282182125226E-007  -6.1428259586562919E-007  -4.6045977640913027E-007  -3.3964676519992393E-007  -2.4670637580928196E-007  -1.7660483244738765E-007  -1.2470791419908463E-007  -8.6956501987877935E-008  -5.9940573274801979E-008  -4.0896887829994535E-008  -2.7656281850155567E-008  -1.8563369049983058E-008  -1.2386357160894887E-008  -8.2291387694234953E-009  -5.4528261363195238E-009  -3.6099915547447571E-009  -2.3921737128420294E-009  -1.5895901286433403E-009  -1.0612106703979526E-009  -7.1313052791670435E-010  -4.8330104297422845E-010  -3.3096014977650728E-010  -2.2943665309289780E-010  -1.6131876214761833E-010  -1.1524655821010821E-010  -8.3801617224397305E-011  -6.2127971654846729E-011  -4.7035349847889587E-011  -3.6417815102931707E-011  -2.8877415560300238E-011  -2.3480554200915200E-011  -1.9600100347515295E-011  -1.6812886644757835E-011  -1.4833057977488922E-011  -1.3468744640205852E-011  -1.2594050967738539E-011  -1.2131174659685056E-011
   3.2460595916785140E-009   1.7099647830687399E-008   4.2007067948361320E-008   7.7940500438278176E-008   1.2484027455335989E-007   1.8260613939726331E-007   2.5108089228873231E-007   3.3003022794700451E-007   4.1911941806828130E-007   5.1788727485061415E-007   6.2571790311486236E-007   7.4181082926505189E-007   8.6515019020114379E-007   9.9447376770085093E-007   1.1282427630236812E-006   1.2646133227086341E-006   1.4014109503989660E-006   1.5361090720672047E-006   1.6658131646165359E-006   1.7872520119940723E-006   1.8967778199161249E-006   1.9903771003520785E-006   2.0636944281577725E-006   2.1120713687673729E-006   2.1306030649345108E-006   2.1142151289608427E-006   2.0577635764868644E-006   1.9561605007924657E-006   1.8045279408630660E-006   1.5983818347009568E-006   1.3338469405894132E-006   1.0079020076781163E-006   6.1865214045993649E-007   1.6562211680977781E-007  -3.4993965773315021E-007  -9.2476177333704389E-007  -1.5532757048261637E-006  -2.2273932433754416E-006  -2.9363667350013388E-006  -3.6667667984270531E-006  -4.4026128397753389E-006  -5.1256882887696334E-006  -5.8160638923383024E-006  -6.4528378589186303E-006  -7.0150811305887581E-006  -7.4829506194490781E-006  -7.8389052302842814E-006  -8.0689325812643804E-006  -8.1636732457745080E-006  -8.1193191703385805E-006  -7.9381681560661225E-006  -7.6287395926062782E-006  -7.2053977465768376E-006  -6.6874839575560916E-006  -6.0980206592556392E-006  -5.4621082501378028E-006  -4.8051798474067465E-006  -4.1512999486664749E-006  -3.5216860699724293E-006  -2.9335980830996307E-006  -2.3996844427149773E-006  -1.9278083170369637E-006  -1.5213122136684245E-006  -1.1796283413243580E-006  -8.9911135180075465E-007  -6.7396288158487916E-007  -4.9713101443436329E-007  -3.6109620197687972E-007  -2.5849037121949906E-007  -1.8253035757125152E-007  -1.2727482476467970E-007  -8.7732548938358488E-008  -5.9859015504824604E-008  -4.0479263142455129E-008  -2.7170344142513891E-008  -1.8129319768280074E-008  -1.2044586606560871E-008  -7.9810272823287661E-009  -5.2837588801392814E-009  -3.5012990338317776E-009  -2.3265980331995680E-009  -1.5532363263003060E-009  -1.0437697624228498E-009  -7.0738066850400062E-010  -4.8440760096142442E-010  -3.3581326766354511E-010  -2.3611292229163234E-010  -1.6867964517221994E-010  -1.2265548333489067E-010  -9.0933019271892569E-011  -6.8842827028175169E-011  -5.3302563802467744E-011  -4.2266125827009288E-011  -3.4367060006587242E-011  -2.8687470993345575E-011  -2.4607993091175154E-011  -2.1710236736024859E-011  -1.9713373424017685E-011  -1.8433137042339352E-011  -1.7755652935921785E-011
   4.4632895885043481E-009   2.3511792542670510E-008   5.7759168363602745E-008   1.0716715831241480E-007   1.7165369552530086E-007   2.5108089228873231E-007   3.4523251563501212E-007   4.5378626376216706E-007   5.7628168163750604E-007   7.1208433964471825E-007   8.6034696941590002E-007   1.0199683659471936E-006   1.1895509955663642E-006   1.3673583901632765E-006   1.5512735583463915E-006   1.7387598040865190E-006   1.9268255138610992E-006   2.1119946557802394E-006   2.2902849305683312E-006   2.4571957266735520E-006   2.6077082619058253E-006   2.7363005422345409E-006   2.8369800320939416E-006   2.9033372015474861E-006   2.9286233763882184E-006   2.9058565356932092E-006   2.8279588248788539E-006   2.6879295010916857E-006   2.4790566891992175E-006   2.1951705527455055E-006   1.8309390948881236E-006   1.3822055992884500E-006   8.4636350363802960E-007   2.2276011407680276E-007  -4.8688504323519353E-007  -1.2780681768153051E-006  -2.1431239682823317E-006  -3.0709192641526016E-006  -4.0466607533360739E-006  -5.0518643525715754E-006  -6.0645349078518193E-006  -7.0596001482232332E-006  -8.0096310050369019E-006  -8.8858603919553751E-006  -9.6594843018755569E-006  -1.0303194060510242E-005  -1.0792850018641494E-005  -1.1109169928210410E-005  -1.1239276224556732E-005  -1.1177932446172119E-005  -1.0928306230162950E-005  -1.0502128398480079E-005  -9.9191742414709299E-006  -9.2060688795204612E-006  -8.3945033205459246E-006  -7.5190278061820636E-006  -6.6146496092841974E-006  -5.7144913298181960E-006  -4.8477561553484523E-006  -4.0381992720298152E-006  -3.3032281726643628E-006  -2.6536635197130196E-006  -2.0941035510145459E-006  -1.6237643390593321E-006  -1.2376261060959310E-006  -9.2770585800657837E-007  -6.8429546416482522E-007  -4.9704342595085721E-007  -3.5580701738184435E-007  -2.5124884414972813E-007  -1.7519043795685706E-007  -1.2076126269520034E-007  -8.2393993445757168E-008  -5.5718284471458910E-008  -3.7398957544806131E-008  -2.4954285842337358E-008  -1.6578867781188384E-008  -1.0985533371397428E-008  -7.2728523768613380E-009  -4.8193720870130538E-009  -3.2024482680089885E-009  -2.1379515293749001E-009  -1.4366951031527988E-009  -9.7367205179771622E-010  -6.6676088434311385E-010  -4.6222847073194320E-010  -3.2499621403302308E-010  -2.3217794034656577E-010  -1.6882820321210684E-010  -1.2516399598345315E-010  -9.4758091700801898E-011  -7.3367805863660771E-011  -5.8176785098717646E-011  -4.7304180365581587E-011  -3.9486558916248126E-011  -3.3871398177956743E-011  -2.9882808348021182E-011  -2.7134244865271257E-011  -2.5372075919595603E-011  -2.4439559570588507E-011
   5.8667228414348730E-009   3.0904821749680417E-008   7.5920911519652678E-008   1.4086468846280230E-007   2.2562823899160395E-007   3.3003022794700451E-007   4.5378626376216706E-007   5.9647242378779882E-007   7.5748304216695237E-007   9.3598358076175215E-007   1.1308594960550030E-006   1.3406621660970614E-006   1.5635531131169966E-006   1.7972479426151814E-006   2.0389616173745549E-006   2.2853568951954132E-006   2.5324979835130825E-006   2.7758117043561493E-006   3.0100587218981919E-006   3.2293176649243224E-006   3.4269852801494644E-006   3.5957960799794490E-006   3.7278652964931661E-006   3.8147593112605090E-006   3.8475980748329059E-006   3.8171943180523894E-006   3.7142345202682213E-006   3.5295065319062828E-006   3.2541783022825248E-006   2.8801311433151875E-006   2.4003491288816792E-006   1.8093633245715214E-006   1.1037453050257164E-006   2.8263864228479603E-007  -6.5169034071892699E-007  -1.6933101305122123E-006  -2.8321273942901202E-006  -4.0534837843150546E-006  -5.3379028302701117E-006  -6.6610497455365841E-006  -7.9939681359025239E-006  -9.3036514449951858E-006  -1.0553991401382659E-005  -1.1707119375381848E-005  -1.2725119374229134E-005  -1.3572045304140449E-005  -1.4216124367623229E-005  -1.4631979708929417E-005  -1.4802667218170720E-005  -1.4721302994081068E-005  -1.4392067463448019E-005  -1.3830414395087080E-005  -1.3062387558522900E-005  -1.2123047541048442E-005  -1.1054122795556912E-005  -9.9011042759636765E-006  -8.7100827490462758E-006  -7.5246658853928047E-006  -6.3832996037869477E-006  -5.3172558834968797E-006  -4.3494486134559336E-006  -3.4941191203868662E-006  -2.7573162805160925E-006  -2.1380030758298440E-006  -1.6295660269831997E-006  -1.2214908598141410E-006  -9.0099260808486106E-007  -6.5443986042278231E-007  -4.6847663922862463E-007  -3.3080775702455405E-007  -2.3066427551284814E-007  -1.5899960442465460E-007  -1.0848321063806494E-007  -7.3360689065184745E-008  -4.9240669679284247E-008  -3.2855530152781479E-008  -2.1828161892642926E-008  -1.4463802665120045E-008  -9.5755830356719475E-009  -6.3452697989227088E-009  -4.2163921932050839E-009  -2.8148550310724652E-009  -1.8915688094400072E-009  -1.2819457361292854E-009  -8.7786251480471345E-010  -6.0857286041167602E-010  -4.2789157056383905E-010  -3.0568629220995107E-010  -2.2227961078043785E-010  -1.6479108194232633E-010  -1.2475853958839020E-010  -9.6596019937117043E-011  -7.6595486130524206E-011  -6.2280597427887819E-011  -5.1987909757016039E-011  -4.4594987043021355E-011  -3.9343610016614756E-011  -3.5724852558611123E-011  -3.3404782170591658E-011  -3.2177031959690098E-011
   7.4504121262813193E-009   3.9247406429175154E-008   9.6415332695350066E-008   1.7889028017310822E-007   2.8653512666758126E-007   4.1911941806828130E-007   5.7628168163750604E-007   7.5748304216695237E-007   9.6195354175777790E-007   1.1886322061036252E-006   1.4361020176085293E-006   1.7025211476993857E-006   1.9855520186479797E-006   2.2822900005480484E-006   2.5891938002802553E-006   2.9020198668193140E-006   3.2157634227212226E-006   3.5246090376462181E-006   3.8218939896436619E-006   4.1000880172334465E-006   4.3507934530027645E-006   4.5647701480827776E-006   4.7319900419348401E-006   4.8417266893228554E-006   4.8826854963141838E-006   4.8431807854916261E-006   4.7113660185606779E-006   4.4755234180274809E-006   4.1244186596890934E-006   3.6477250064629604E-006   3.0365189201709216E-006   2.2838454864014564E-006   1.3853465899910967E-006   3.3993742629848334E-007  -8.4949247419166714E-007  -2.1753888253522039E-006  -3.6249005097556354E-006  -5.1793664741791814E-006  -6.8139937153874461E-006  -8.4978063247556591E-006  -1.0193947033266751E-005  -1.1860404857509264E-005  -1.3451222622170539E-005  -1.4918204579088636E-005  -1.6213097013684543E-005  -1.7290156048308233E-005  -1.8108952242993940E-005  -1.8637199541460481E-005  -1.8853347495127390E-005  -1.8748652279737883E-005  -1.8328454127991252E-005  -1.7612442587327288E-005  -1.6633785874207765E-005  -1.5437127594724623E-005  -1.4075596105569105E-005  -1.2607105797476502E-005  -1.1090331056524026E-005  -9.5807820219302579E-006  -8.1273951565104645E-006  -6.7699723686441746E-006  -5.5376742917451869E-006  -4.4486206597298372E-006  -3.5105021196754129E-006  -2.7219893950345663E-006  -2.0746551723604881E-006  -1.5551074601772390E-006  -1.1470648141502828E-006  -8.3316940063298135E-007  -5.9641506797712221E-007  -4.2114697662758622E-007  -2.9365397803240946E-007  -2.0241809622871140E-007  -1.3810637913347310E-007  -9.3392647795032640E-008  -6.2686130289875312E-008  -4.1826771884582121E-008  -2.7788270418444762E-008  -1.8413037352188083E-008  -1.2190088936471315E-008  -8.0777524447740409E-009  -5.3676023823494889E-009  -3.5833922004191302E-009  -2.4080167813453256E-009  -1.6319473196813549E-009  -1.1175377337088833E-009  -7.7472493827532415E-010  -5.4471334154953124E-010  -3.8914336608724440E-010  -2.8296501015818961E-010  -2.0978107644994130E-010  -1.5881899151128710E-010  -1.2296768043094553E-010  -9.7506725020246665E-011  -7.9283689852269039E-011  -6.6180977353306378E-011  -5.6769705613071754E-011  -5.0084648439504354E-011  -4.5477934673844789E-011  -4.2524463157387484E-011  -4.0961525832183073E-011
   9.2061636009612921E-009   4.8496382727513153E-008   1.1913639289634015E-007   2.2104717369390802E-007   3.5405915310619345E-007   5.1788727485061415E-007   7.1208433964471825E-007   9.3598358076175215E-007   1.1886322061036252E-006   1.4687171969796488E-006   1.7744847990613474E-006   2.1036553784089708E-006   2.4533355849484967E-006   2.8199300568160075E-006   3.1990552097570434E-006   3.5854579869696991E-006   3.9729427985285800E-006   4.3543102591458447E-006   4.7213117427360679E-006   5.0646242166150708E-006   5.3738503008560903E-006   5.6375490200449421E-006   5.8433032696272977E-006   5.9778305895142613E-006   6.0271443861617335E-006   5.9767732033093131E-006   5.8120459004601884E-006   5.5184504902564980E-006   5.0820736767590057E-006   4.4901265191234853E-006   3.7315587460383512E-006   2.7977596511083821E-006   1.6833368017579416E-006   3.8695467438927132E-007  -1.0877963372850390E-006  -2.7315440968262941E-006  -4.5283512856056878E-006  -6.4550795213707624E-006  -8.4809904466553825E-006  -1.0567682919599745E-005  -1.2669467253943934E-005  -1.4734267722049091E-005  -1.6705119945572866E-005  -1.8522288189750950E-005  -2.0125968896884830E-005  -2.1459474046633909E-005  -2.2472707841045730E-005  -2.3125673299740661E-005  -2.3391685104690976E-005  -2.3259936031289345E-005  -2.2737079346383118E-005  -2.1847556264486577E-005  -2.0632515181143793E-005  -1.9147326859030793E-005  -1.7457875787043844E-005  -1.5635974047808650E-005  -1.3754369794906465E-005  -1.1881882354390004E-005  -1.0079175954445847E-005  -8.3955857605037785E-006  -6.8672510097732411E-006  -5.5166207554506188E-006  -4.3532135107390322E-006  -3.3753652807814973E-006  -2.5726130476200215E-006  -1.9283401972271639E-006  -1.4223496424702551E-006  -1.0331117220018337E-006  -7.3953463631350292E-007  -5.2220360297238238E-007  -3.6411504853132777E-007  -2.5098566046749599E-007  -1.7124204004457750E-007  -1.1579949009732254E-007  -7.7725393583849605E-008  -5.1861313886790385E-008  -3.4454706583028486E-008  -2.2830241477032843E-008  -1.5114372607067919E-008  -1.0015487796288117E-008  -6.6551882950737411E-009  -4.4429652567605986E-009  -2.9856352932198749E-009  -2.0234019298130063E-009  -1.3855975166563606E-009  -9.6055315872430011E-010  -6.7536871105347682E-010  -4.8248264212986202E-010  -3.5083589143720144E-010  -2.6009792198078768E-010  -1.9691208560365219E-010  -1.5246155808160425E-010  -1.2089363737312229E-010  -9.8299723298546002E-011  -8.2054281655505144E-011  -7.0385695280135382E-011  -6.2097218070752694E-011  -5.6385580956354390E-011  -5.2723718836940175E-011  -5.0785911253477658E-011
   1.1123035005689535E-008   5.8594108552498968E-008   1.4394248485377095E-007   2.6707261012334950E-007   4.2777938081150554E-007   6.2571790311486236E-007   8.6034696941590002E-007   1.1308594960550030E-006   1.4361020176085293E-006   1.7744847990613474E-006   2.1438843030380270E-006   2.5415400363632892E-006   2.9639481260992384E-006   3.4067543272528531E-006   3.8646495404798323E-006   4.3312713193192621E-006   4.7991152755360541E-006   5.2594607522412156E-006   5.7023156329431767E-006   6.1163856962360649E-006   6.4890745150056347E-006   6.8065205366090446E-006   7.0536786591656641E-006   7.2144543169114795E-006   7.2718987583608171E-006   7.2084747618438480E-006   7.0064023488960355E-006   6.6480939239213559E-006   6.1166874037640309E-006   5.3966839306971110E-006   4.4746932346232142E-006   3.3402841231499800E-006   1.9869294399246730E-006   4.1302375557095356E-007  -1.3770621071082718E-006  -3.3719426068967712E-006  -5.5522669554174380E-006  -7.8899477757246475E-006  -1.0347677466256556E-005  -1.2878852568377829E-005  -1.5428028617987282E-005  -1.7932016129404077E-005  -2.0321698498968488E-005  -2.2524602103807286E-005  -2.4468177647471342E-005  -2.6083663517115885E-005  -2.7310304731659578E-005  -2.8099607743957051E-005  -2.8419238282897062E-005  -2.8256134271422467E-005  -2.7618424167187247E-005  -2.6535822084476979E-005  -2.5058313851351608E-005  -2.3253139269773857E-005  -2.1200289494425685E-005  -1.8986940016292329E-005  -1.6701392314091140E-005  -1.4427169876215802E-005  -1.2237889931651108E-005  -1.0193412824629767E-005  -8.3375780891062934E-006  -6.6976065319377986E-006  -5.2850240608740912E-006  -4.0977848584004847E-006  -3.1231654501641256E-006  -2.3409763003317770E-006  -1.7266852729144371E-006  -1.2541460419419763E-006  -8.9774675269125530E-007  -6.3391369652575579E-007  -4.4200201695236009E-007  -3.0467039112690679E-007  -2.0786807011532831E-007  -1.4056603422448724E-007  -9.4348132266327138E-008  -6.2952180776943391E-008  -4.1822784216945864E-008  -2.7712278046763289E-008  -1.8346337744383085E-008  -1.2157074789694668E-008  -8.0782115956475833E-009  -5.3929432443996117E-009  -3.6239975403474201E-009  -2.4560185622322964E-009  -1.6818414834310156E-009  -1.1659179071761913E-009  -8.1975906324126362E-010  -5.8563337457291384E-010  -4.2584061737143634E-010  -3.1570320601340307E-010  -2.3900865230186406E-010  -1.8505500689245781E-010  -1.4673822345169734E-010  -1.1931403181856959E-010  -9.9595558941954125E-011  -8.5432420898581406E-011  -7.5372013437140849E-011  -6.8439334292659876E-011  -6.3994636459735912E-011  -6.1642563698797315E-011
   1.3186805035496363E-008   6.9465668311802683E-008   1.7064956596314520E-007   3.1662508902101396E-007   5.0714872622504111E-007   7.4181082926505189E-007   1.0199683659471936E-006   1.3406621660970614E-006   1.7025211476993857E-006   2.1036553784089708E-006   2.5415400363632892E-006   3.0128926749903093E-006   3.5135465833066170E-006   4.0383234512240677E-006   4.5809089963414378E-006   5.1337356860065126E-006   5.6878771996552818E-006   6.2329598269068420E-006   6.7570965932811335E-006   7.2468505547400951E-006   7.6872344100757035E-006   8.0617543473137361E-006   8.3525068576715335E-006   8.5403380912534352E-006   8.6050761364641341E-006   8.5258472798575114E-006   8.2814876825723421E-006   7.8510617504519773E-006   7.2144974372942661E-006   6.3533463603402415E-006   5.2516723858211418E-006   3.8970656634856421E-006   2.2817693683356018E-006   4.0389318660554482E-007  -1.7313293141182120E-006  -4.1103025588869744E-006  -6.7099358460454396E-006  -9.4967240842382388E-006  -1.2426171807479640E-005  -1.5442703911650193E-005  -1.8480209127712583E-005  -2.1463348104803928E-005  -2.4309722336689107E-005  -2.6932939904147153E-005  -2.9246529055899510E-005  -3.1168545366952509E-005  -3.2626602336532657E-005  -3.3562944045128422E-005  -3.3939091403244092E-005  -3.3739551682568304E-005  -3.2974102939713841E-005  -3.1678261632080290E-005  -2.9911712077261310E-005  -2.7754704351790210E-005  -2.5302682003613980E-005  -2.2659641285991345E-005  -1.9930905488657383E-005  -1.7216084454338362E-005  -1.4602960189838298E-005  -1.2162896973363911E-005  -9.9481442582584729E-006  -7.9911266455367110E-006  -6.3055485785919285E-006  -4.8889290222070957E-006  -3.7260549883608043E-006  -2.7928131439591019E-006  -2.0599157126312354E-006  -1.4961547090550092E-006  -1.0709643436815394E-006  -7.5621392046322765E-007  -5.2726953241891648E-007  -3.6344027315774799E-007  -2.4796215139494380E-007  -1.6767689167197355E-007  -1.1254383369934278E-007  -7.5092244783840061E-008  -4.9887698264325253E-008  -3.3055920478055644E-008  -2.1883822111298222E-008  -1.4501064612201517E-008  -9.6356997270621861E-009  -6.4326708246860330E-009  -4.3226593797971275E-009  -2.9294938671247351E-009  -2.0060604248484999E-009  -1.3906732098868555E-009  -9.7778115760225229E-010  -6.9852141374233865E-010  -5.0792500949223686E-010  -3.7655658778213449E-010  -2.8507803214095821E-010  -2.2072420654817668E-010  -1.7502153785096134E-010  -1.4231117028244918E-010  -1.1879188777077475E-010  -1.0189877790799124E-010  -8.9899222995086281E-011  -8.1630275484444029E-011  -7.6328869548050243E-011  -7.3523439973622506E-011
   1.5379426026615210E-008   8.1015989743884056E-008   1.9902407525446861E-007   3.6927122524119890E-007   5.9147290351176951E-007   8.6515019020114379E-007   1.1895509955663642E-006   1.5635531131169966E-006   1.9855520186479797E-006   2.4533355849484967E-006   2.9639481260992384E-006   3.5135465833066170E-006   4.0972521160580430E-006   4.7090008509359583E-006   5.3413980633013579E-006   5.9855806262639072E-006   6.6310931614872913E-006   7.2657839741625241E-006   7.8757275581963423E-006   8.4451812259350812E-006   8.9565842562639748E-006   9.3906088665246998E-006   9.7262732861049900E-006   9.9411282100087499E-006   1.0011528871675156E-005   9.9130057761058287E-006   9.6207475843762324E-006   9.1102094515091686E-006   8.3578588910104390E-006   7.3420684495696599E-006   6.0441594935016561E-006   4.4495935359018755E-006   2.5492960870123762E-006   3.4108245438885937E-007  -2.1688649489005451E-006  -4.9645420498642650E-006  -8.0187921663274248E-006  -1.1292226624442587E-005  -1.4732549048615404E-005  -1.8274451867081521E-005  -2.1840256552893046E-005  -2.5341452453098249E-005  -2.8681247132128203E-005  -3.1758170303996820E-005  -3.4470673578870429E-005  -3.6722544527556107E-005  -3.8428817424872221E-005  -3.9521732366730225E-005  -3.9956192205902895E-005  -3.9714117694849478E-005  -3.8807127108205075E-005  -3.7277080362679567E-005  -3.5194227937203646E-005  -3.2652972817467293E-005  -2.9765553086569732E-005  -2.6654235141773836E-005  -2.3442821111571982E-005  -2.0248375541944506E-005  -1.7174041944619851E-005  -1.4303652159426505E-005  -1.1698560947517446E-005  -9.3968161381552428E-006  -7.4144613328164125E-006  -5.7485186401976830E-006  -4.3810504846071708E-006  -3.2836648436770682E-006  -2.4218953563225435E-006  -1.7590263125566435E-006  -1.2591039465377876E-006  -8.8904293180546636E-007  -6.1987327774027305E-007  -4.2726377760605220E-007  -2.9150215510445136E-007  -1.9711671291537921E-007  -1.3230195625576169E-007  -8.8274324776346140E-008  -5.8644587319649453E-008  -3.8857892040392018E-008  -2.5724622427866572E-008  -1.7045976447482002E-008  -1.1326655913914562E-008  -7.5614746703139120E-009  -5.0811634514920561E-009  -3.4435148322304429E-009  -2.3580380709084922E-009  -1.6346679156853696E-009  -1.1493279315012434E-009  -8.2106976093428675E-010  -5.9703273939238679E-010  -4.4261608019230055E-010  -3.3508828363099617E-010  -2.5944431953684508E-010  -2.0572381141181393E-010  -1.6727501161552149E-010  -1.3962976879790910E-010  -1.1977315983600680E-010  -1.0566858799995272E-010  -9.5949076230180633E-011  -8.9717687131731295E-011  -8.6420125476918722E-011
   1.7678473912777689E-008   9.3126946373207561E-008   2.2877581503795647E-007   4.2447254016640411E-007   6.7988926307437728E-007   9.9447376770085093E-007   1.3673583901632765E-006   1.7972479426151814E-006   2.2822900005480484E-006   2.8199300568160075E-006   3.4067543272528531E-006   4.0383234512240677E-006   4.7090008509359583E-006   5.4117800764604036E-006   6.1381160668580200E-006   6.8777659043366791E-006   7.6186453339723839E-006   8.3467080746028752E-006   9.0458557673118236E-006   9.6978873069905426E-006   1.0282497287794630E-005   1.0777334365676553E-005   1.1158131486664537E-005   1.1398921108603144E-005   1.1472349676057764E-005   1.1350106551414317E-005   1.1003483133580766E-005   1.0404077673381769E-005   9.5246598557996383E-006   8.3402059587605763E-006   6.8291095859953331E-006   4.9745638005847879E-006   2.7660971679525784E-006   2.0122813581540809E-007  -2.7128208971187104E-006  -5.9574361197988141E-006  -9.5010685968863662E-006  -1.3297982881943320E-005  -1.7287474507091848E-005  -2.1393751919384832E-005  -2.5526681821857002E-005  -2.9583577464407094E-005  -3.3452160705575100E-005  -3.7014746386426225E-005  -4.0153581647122712E-005  -4.2757129232541237E-005  -4.4726925874723818E-005  -4.5984495281963607E-005  -4.6477676728633345E-005  -4.6185673472609948E-005  -4.5122155450661626E-005  -4.3335882886536155E-005  -4.0908550030204239E-005  -3.7949859262978057E-005  -3.4590183265129783E-005  -3.0971500536076364E-005  -2.7237537259950406E-005  -2.3524166052122180E-005  -1.9951071838472466E-005  -1.6615500309202100E-005  -1.3588590223676292E-005  -1.0914416929536169E-005  -8.6115108304742946E-006  -6.6763250310161773E-006  -5.0879542796533657E-006  -3.8133672654421702E-006  -2.8124923669608977E-006  -2.0426579287961671E-006  -1.4620871800132819E-006  -1.0323423308853551E-006  -7.1977057425690960E-007  -4.9611024221175918E-007  -3.3846637845006675E-007  -2.2887033327799854E-007  -1.5361201837437890E-007  -1.0249124022364730E-007  -6.8088566121578221E-008  -4.5114885330269095E-008  -2.9866506004282235E-008  -1.9790304412258835E-008  -1.3150063297487215E-008  -8.7786659334279896E-009  -5.8990406553985183E-009  -3.9977596706852724E-009  -2.7375516274211403E-009  -1.8977460225806795E-009  -1.3342887005946884E-009  -9.5319869254812960E-010  -6.9310540640991540E-010  -5.1383809898505825E-010  -3.8900621475021645E-010  -3.0118951158439122E-010  -2.3882446466423239E-010  -1.9418875577736342E-010  -1.6209513088046511E-010  -1.3904346253864359E-010  -1.2266940554084777E-010  -1.1138600139289612E-010  -1.0415197555399048E-010  -1.0032383577246151E-010
