# Version 0.33
# Potential name = chengdu_MMWLY_1600  
# L = 1
# S = 1
# J = 1
# Order = 2                   
# K_MAX = 3200 MeV
# For uncoupled channels, e.g., 3P0 (LSJ = 110)
# storage = D(1:N，1:N) (row, column)
# D(i,j)  = <pout(j),L|V|L,pin(i)>
# Normalization
# If V were so weak as to validate the Born approximation, the relation of V
# in 1S0 and the respective scattering length 'a' would have been
# <p|V|p> = 2/pi * a + ... for p->0, in unit of MeV^(-1)
# Momenta are in unit of MeV
# The value of pin and pout, where pin(1:N) = pout(1:N)
  0.45803716249383797        2.4128789766466525        5.9277844269997786        11.000100740090602        17.624967611213151        25.795934870308656        35.505026420930790        46.742758778069856        59.498153190695120        73.758747319213171        89.510607781990302        106.73834393107268        125.42512296746554        145.55268642795249        167.10136804683680        190.05011298397062        214.37649840453673        240.05675539265394        267.06579217855870        295.37721865731805        324.96337217549672        355.79534456080728        387.84301036846864        421.07505631676690        455.45901188310972        490.96128103071692        527.54717503497454        565.18094637739318        603.82582367406758        643.44404760451403        683.99690780579010        725.44478069584932        767.74716818917921        810.86273726689444        854.74936036262704        899.36415652474966        944.66353331471748        990.60322940059211        1037.1383578041252        1084.2234497591535        1131.8124991384448        1179.8590074055944        1228.3160290480416        1277.1362174468225        1326.2718711382347        1375.6749804222177        1425.2972742719021        1475.0902674985014        1525.0053081254534        1574.9936249255311        1625.0063750744689        1674.9946918745466        1724.9097325014986        1774.7027257280979        1824.3250195777823        1873.7281288617653        1922.8637825531775        1971.6839709519584        2020.1409925944056        2068.1875008615552        2115.7765502408465        2162.8616421958750        2209.3967705994078        2255.3364666852826        2300.6358434752501        2345.2506396373728        2389.1372627331057        2432.2528318108207        2474.5552193041508        2516.0030921942098        2556.5559523954862        2596.1741763259324        2634.8190536226066        2672.4528249650257        2709.0387189692829        2744.5409881168903        2778.9249436832333        2812.1569896315314        2844.2046554391927        2875.0366278245033        2904.6227813426822        2932.9342078214413        2959.9432446073461        2985.6235015954635        3009.9498870160296        3032.8986319531632        3054.4473135720473        3074.5748770325345        3093.2616560689276        3110.4893922180099        3126.2412526807866        3140.5018468093049        3153.2572412219301        3164.4949735790692        3174.2040651296911        3182.3750323887871        3188.9998992599094        3194.0722155730000        3197.5871210233536        3199.5419628375062     
# Matrix elements start here 
   6.7167887175275357E-010   3.5383151442944203E-009   8.6926736107885203E-009   1.6130864136735305E-008   2.5845759154154611E-008   3.7827898427455455E-008   5.2065579516335111E-008   6.8544876224458976E-008   8.7249636624169493E-008   1.0816146045673219E-007   1.3125964453012807E-007   1.5652107803244196E-007   1.8392006313862894E-007   2.1342802928812270E-007   2.4501310210520803E-007   2.7863948038851414E-007   3.1426656729744029E-007   3.5184779530932130E-007   3.9132907933004236E-007   4.3264682927318150E-007   4.7572545340903307E-007   5.2047428795642285E-007   5.6678389810802608E-007   6.1452171255152813E-007   6.6352697942076479E-007   7.1360506851682668E-007   7.6452119468182972E-007   8.1599370234579487E-007   8.6768713297441641E-007   9.1920539592198499E-007   9.7008547790356454E-007   1.0197922533488602E-006   1.0677150902910412E-006   1.1131670728204096E-006   1.1553877649798510E-006   1.1935505002541691E-006   1.2267751683592999E-006   1.2541473562422623E-006   1.2747444522057076E-006   1.2876689149655740E-006   1.2920883293675464E-006   1.2872811241131745E-006   1.2726859501832907E-006   1.2479517840596851E-006   1.2129849387233812E-006   1.1679884834744133E-006   1.1134892563875542E-006   1.0503478605664489E-006   9.7974788685880456E-007   9.0316214186869283E-007   8.2229580826564106E-007   7.3900902008137503E-007   6.5522397022730607E-007   5.7282396808015913E-007   4.9355340594589682E-007   4.1892802647708458E-007   3.5016402761968237E-007   2.8813244597592812E-007   2.3334221563010848E-007   1.8595179725982389E-007   1.4580590035148501E-007   1.1249113866218167E-007   8.5402872159388068E-008   6.3815167705307411E-008   4.6946668129259349E-008   3.4016893116339024E-008   2.4289680699807562E-008   1.7102676731635925E-008   1.1883635139464364E-008   8.1555881170002339E-009   5.5336203639742328E-009   3.7161009564785628E-009   2.4729361466775719E-009   1.6328793628628976E-009   1.0713284945797431E-009   6.9947201525667657E-010   4.5518286033789568E-010   2.9572725385274035E-010   1.9214890824832109E-010   1.2508395053349537E-010   8.1729394684022878E-011   5.3700556290831925E-011   3.5548671870419034E-011   2.3753974456474540E-011   1.6052398135212856E-011   1.0991300454086246E-011   7.6395013902753662E-012   5.3996991026015529E-012   3.8879375904958837E-012   2.8565364497855262E-012   2.1449641919948439E-012   1.6485695126118695E-012   1.2986784495795089E-012   1.0499090948067129E-012   8.7206724113006592E-013   7.4495323267919151E-013   6.5502502768289917E-013   5.9325196171328302E-013   5.5374007545012637E-013   5.3286191096150798E-013
   3.5383151442944203E-009   1.8639374538718198E-008   4.5791850800963331E-008   8.4975251218823632E-008   1.3615202871022345E-007   1.9927234800972879E-007   2.7427456221509270E-007   3.6108530997245173E-007   4.5961950507075545E-007   5.6978021738926114E-007   6.9145838526035240E-007   8.2453226399436389E-007   9.6886648085983766E-007   1.1243105299358877E-006   1.2906965012419398E-006   1.4678357988010744E-006   1.6555145638454359E-006   1.8534874848465423E-006   2.0614696487073247E-006   2.2791260712928398E-006   2.5060585454043061E-006   2.7417894662763244E-006   2.9857423458692149E-006   3.2372188161059276E-006   3.4953720574921437E-006   3.7591767839733206E-006   4.0273961785008176E-006   4.2985465169161951E-006   4.5708606481862254E-006   4.8422520193625156E-006   5.1102815379158919E-006   5.3721302333693822E-006   5.6245813775710561E-006   5.8640163886831344E-006   6.0864293910163904E-006   6.2874656150924179E-006   6.4624887567520143E-006   6.6066818094023417E-006   6.7151845770802419E-006   6.7832689314321520E-006   6.8065498199118000E-006   6.7812261006932844E-006   6.7043406616516211E-006   6.5740443574843181E-006   6.3898436574105082E-006   6.1528083035493313E-006   5.8657136089513491E-006   5.5330931165385042E-006   5.1611818257982196E-006   4.7577382864347638E-006   4.3317451744219030E-006   3.8930014289427268E-006   3.4516329071214219E-006   3.0175606327824637E-006   2.5999738330600537E-006   2.2068572390630142E-006   1.8446176201444177E-006   1.5178434815119532E-006   1.2292158203706998E-006   9.7956938653773169E-007   7.6808613019920794E-007   5.9258838749633374E-007   4.4989099499178094E-007   3.3616983326891671E-007   2.4730881646232387E-007   1.7919647786642412E-007   1.2795481395139272E-007   9.0094630979839317E-008   6.2601412596932247E-008   4.2962555707174155E-008   2.9150377598647114E-008   1.9575926599750412E-008   1.3027099387284641E-008   8.6017917510890135E-009   5.6436163117559099E-009   3.6847257352824256E-009   2.3978428917288996E-009   1.5578519213463130E-009   1.0122149446810941E-009   6.5892564898744871E-010   4.3053960323311051E-010   2.8288740285227963E-010   1.8726568502955333E-010   1.2513278456593383E-010   8.4561902737614855E-011   5.7900711914159027E-011   4.0243879331103628E-011   2.8444898169137220E-011   2.0481139179835704E-011   1.5047854868696372E-011   1.1299386661812913E-011   8.6844453774092419E-012   6.8412656984801666E-012   5.5307817567537082E-012   4.5939344765773778E-012   3.9243147519312549E-012   3.4505849042031826E-012   3.1251725918292299E-012   2.9170292194171396E-012   2.8070458200549195E-012
   8.6926736107885203E-009   4.5791850800963331E-008   1.1249806668254689E-007   2.0876097626043732E-007   3.3448833661216704E-007   4.8955771610599651E-007   6.7381766514557948E-007   8.8708795492743932E-007   1.1291595518773240E-006   1.3997943251707286E-006   1.6987243400869241E-006   2.0256505031851191E-006   2.3802402406491410E-006   2.7621238005509112E-006   3.1708886739426370E-006   3.6060715320351033E-006   4.0671469822637813E-006   4.5535123612244544E-006   5.0644677152783768E-006   5.5991900799266030E-006   6.1567011688754253E-006   6.7358276377020710E-006   7.3351532127946387E-006   7.9529621945880973E-006   8.5871741789434268E-006   9.2352703181417624E-006   9.8942120906038605E-006   1.0560354391438893E-005   1.1229355813359388E-005   1.1896090265835721E-005   1.2554565564905184E-005   1.3197856270273332E-005   1.3818059759709224E-005   1.4406286166265743E-005   1.4952694147814847E-005   1.5446585225509320E-005   1.5876569266708979E-005   1.6230812202263692E-005   1.6497373858540153E-005   1.6664638515939810E-005   1.6721833298391300E-005   1.6659619838933690E-005   1.6470733320984872E-005   1.6150630899739335E-005   1.5698100104905435E-005   1.5115769000606969E-005   1.4410455772769277E-005   1.3593298097747884E-005   1.2679613665826810E-005   1.1688463113925598E-005   1.0641914422765900E-005   9.5640409087643964E-006   8.4797190364022182E-006   7.4133220507053302E-006   6.3874253721649903E-006   5.4216453036169801E-006   4.5317215269761950E-006   3.7289267459180456E-006   3.0198474381034505E-006   2.4065343557719883E-006   1.8869777740294373E-006   1.4558277677316117E-006   1.1052592605275955E-006   8.2587743579369962E-007   6.0757019510936551E-007   4.4023678806776705E-007   3.1435001950071492E-007   2.2133789367378446E-007   1.5379456749547152E-007   1.0554726162535090E-007   7.1614513620948343E-008   4.8092703340679014E-008   3.2004024076704982E-008   2.1132252247446542E-008   1.3864823392490383E-008   9.0523644321879792E-009   5.8908448732610316E-009   3.8272165519342697E-009   2.4867355730773112E-009   1.6188002952933950E-009   1.0577181779465625E-009   6.9497706148751646E-010   4.6006062548937923E-010   3.0741706430383147E-010   2.0774549197253930E-010   1.4224623019056859E-010   9.8868216535585534E-011   6.9881343405812678E-011   5.0316563337929337E-011   3.6968468206405781E-011   2.7759505936496652E-011   2.1335309625619384E-011   1.6807120727351166E-011   1.3587619718240421E-011   1.1286041905744070E-011   9.6409691882726119E-012   8.4771443795557001E-012   7.6776952335518289E-012   7.1663438341309202E-012   6.8961446703276663E-012
   1.6130864136735305E-008   8.4975251218823632E-008   2.0876097626043732E-007   3.8739461480871941E-007   6.2070499305495195E-007   9.0846491645507900E-007   1.2503933422630356E-006   1.6461558225894170E-006   2.0953644569634078E-006   2.5975773495829969E-006   3.1522972980026406E-006   3.7589692790069740E-006   4.4169761403498251E-006   5.1256317389199712E-006   5.8841705880455424E-006   6.6917328954366000E-006   7.5473436979855543E-006   8.4498846422457066E-006   9.3980568347403074E-006   1.0390333112582971E-005   1.1424898084560679E-005   1.2499574393013781E-005   1.3611733880227285E-005   1.4758192748232693E-005   1.5935090422249596E-005   1.7137752714317724E-005   1.8360541085482789E-005   1.9596691369230468E-005   2.0838147281124911E-005   2.2075396411798387E-005   2.3297319155280079E-005   2.4491064075811720E-005   2.5641966395761132E-005   2.6733529322272821E-005   2.7747490424258428E-005   2.8663996694866308E-005   2.9461911635667466E-005   3.0119274941904958E-005   3.0613929412322684E-005   3.0924319930154015E-005   3.1030455430733503E-005   3.0915006846451972E-005   3.0564492966060572E-005   2.9970483700540317E-005   2.9130729086943095E-005   2.8050105984474910E-005   2.6741266798568793E-005   2.5224879548310026E-005   2.3529369041982379E-005   2.1690105817843173E-005   1.9748041096970270E-005   1.7747847371835516E-005   1.5735687524736620E-005   1.3756790621170476E-005   1.1853049530590051E-005   1.0060865932165296E-005   8.4094477177247482E-006   6.9197134745274470E-006   5.6038856304529030E-006   4.4657697356961295E-006   3.5016363738919852E-006   2.7015577691332469E-006   2.0510130445150717E-006   1.5325683796351628E-006   1.1274589050111500E-006   8.1694080949965783E-007   5.8333461981740680E-007   4.1073341195415134E-007   2.8539427388121843E-007   1.9586247149207638E-007   1.3289397959267311E-007   8.9244908792386881E-008   5.9389387813826348E-008   3.9214803772651693E-008   2.5728744968235851E-008   1.6798337003083843E-008   1.0931552541351860E-008   7.1021083944179109E-009   4.6145979326213369E-009   3.0039834459534102E-009   1.9627917700988582E-009   1.2896585169250056E-009   8.5372760749007947E-010   5.7046923876729980E-010   3.8551019583539626E-010   2.6396419742702093E-010   1.8346826762223126E-010   1.2967776160060553E-010   9.3371692458834724E-011   6.8601832379929534E-011   5.1512899116421016E-011   3.9591614305972858E-011   3.1188722034395672E-011   2.5214342264563597E-011   2.0943338813171510E-011   1.7890602027144307E-011   1.5730909772614598E-011   1.4247383974244324E-011   1.3298476846297998E-011   1.2797072307680492E-011
   2.5845759154154611E-008   1.3615202871022345E-007   3.3448833661216704E-007   6.2070499305495195E-007   9.9452773393244445E-007   1.4555925356302226E-006   2.0034490959781579E-006   2.6375615441434236E-006   3.3573083646226030E-006   4.1619815276180873E-006   5.0507843879812057E-006   6.0228276569405874E-006   7.0771224991690754E-006   8.2125695383748868E-006   9.4279422696423981E-006   1.0721863086399516E-005   1.2092769849045449E-005   1.3538870670078850E-005   1.5058084390816442E-005   1.6647964106751669E-005   1.8305601098074830E-005   2.0027506682395018E-005   2.1809469880638533E-005   2.3646389436307760E-005   2.5532079723814070E-005   2.7459051501710854E-005   2.9418270392263706E-005   3.1398898475251738E-005   3.3388027527938621E-005   3.5370416244005614E-005   3.7328248178197549E-005   3.9240932052168881E-005   4.1084971151328410E-005   4.2833933405370128E-005   4.4458557741143953E-005   4.5927034577388501E-005   4.7205497851930850E-005   4.8258761554716672E-005   4.9051324197273887E-005   4.9548648984067713E-005   4.9718705130002023E-005   4.9533727048311199E-005   4.8972114399664971E-005   4.8020360031031387E-005   4.6674858927826583E-005   4.4943425062532074E-005   4.2846330816141905E-005   4.0416691627416390E-005   3.7700051290084045E-005   3.4753082429070708E-005   3.1641399346751940E-005   2.8436578771532165E-005   2.5212585416498930E-005   2.2041887782018433E-005   1.8991608931367371E-005   1.6120073640246443E-005   1.3474080401978869E-005   1.1087146129456579E-005   8.9788542699502784E-006   7.1553022856266346E-006   5.6105147001353502E-006   4.3285846840059388E-006   3.2862460883198861E-006   2.4555654856157077E-006   1.8064767682695672E-006   1.3089475694884614E-006   9.3465086323220368E-007   6.5809969955395432E-007   4.5727442771715446E-007   3.1382164170568820E-007   2.1293005510890877E-007   1.4299310928604442E-007   9.5156948861358385E-008   6.2832118911548728E-008   4.1224012560698134E-008   2.6915220951076619E-008   1.7515135690799274E-008   1.1379389318071298E-008   7.3937630215469089E-009   4.8131477637559935E-009   3.1448931024224063E-009   2.0663619219034553E-009   1.3678894037791448E-009   9.1403724097186431E-010   6.1768567316500696E-010   4.2293797865929179E-010   2.9396296548027793E-010   2.0777685346356488E-010   1.4960526941709480E-010   1.0991763505015726E-010   8.2536804761951188E-011   6.3435865506177033E-011   4.9972288601149238E-011   4.0399808210908758E-011   3.3556571195487138E-011   2.8665308144488839E-011   2.5204930238847077E-011   2.2827943478644089E-011   2.1307552203838836E-011   2.0504174230156956E-011
   3.7827898427455455E-008   1.9927234800972879E-007   4.8955771610599651E-007   9.0846491645507900E-007   1.4555925356302226E-006   2.1304077880309187E-006   2.9322516106112070E-006   3.8603397018803290E-006   4.9137624106574417E-006   6.0914834632889914E-006   7.3923368885381924E-006   8.8150211217995942E-006   1.0358088901954102E-005   1.2019931179932928E-005   1.3798752840990473E-005   1.5692537617731713E-005   1.7698999159897169E-005   1.9815514857797193E-005   2.2039038723932905E-005   2.4365989464577016E-005   2.6792109872314619E-005   2.9312293905479774E-005   3.1920378367714797E-005   3.4608897051062980E-005   3.7368796663064191E-005   4.0189115936802196E-005   4.3056632141180034E-005   4.5955482877154389E-005   4.8866775647289367E-005   5.1768203248925966E-005   5.4633689501541464E-005   5.7433096974035427E-005   6.0132035833722585E-005   6.2691820056145358E-005   6.5069623083321886E-005   6.7218888356328988E-005   6.9090049447174563E-005   7.0631608049832336E-005   7.1791604123510485E-005   7.2519489553692115E-005   7.2768384027133544E-005   7.2497649782348107E-005   7.1675672524808433E-005   7.0282683161647413E-005   6.8313405387197574E-005   6.5779275745287289E-005   6.2709964928294045E-005   5.9153940750466806E-005   5.5177861188183256E-005   5.0864672394679899E-005   4.6310407577990837E-005   4.1619826563343204E-005   3.6901184234534514E-005   3.2260545615799204E-005   2.7796152140272443E-005   2.3593368051962340E-005   1.9720687707774033E-005   1.6227166520199579E-005   1.3141466857010705E-005   1.0472512974528546E-005   8.2115591550867561E-006   6.3353241351742289E-006   4.8097555384286228E-006   3.5939699514264292E-006   2.6439625663181392E-006   1.9157779583934127E-006   1.3679566426586470E-006   9.6319587447150810E-007   6.6926765439493046E-007   4.5930990519471125E-007   3.1164480210354094E-007   2.0928496553869010E-007   1.3927187724394706E-007   9.1961199436690012E-008   6.0335537084333161E-008   3.9393164589099907E-008   2.5635183315872975E-008   1.6654894163605114E-008   1.0821524525844451E-008   7.0445315085445523E-009   4.6028710603579641E-009   3.0243309329747696E-009   2.0020453304360510E-009   1.3377865089653349E-009   9.0404583456873983E-010   6.1901276733306067E-010   4.3024471184217692E-010   3.0410256713750312E-010   2.1896253470319372E-010   1.6087564343781697E-010   1.2080101220628791E-010   9.2844844011465554E-011   7.3139529240250575E-011   5.9129230152455282E-011   4.9113456454712767E-011   4.1954595274758307E-011   3.6889980103097306E-011   3.3411018111999767E-011   3.1185770775665380E-011   3.0009945364384791E-011
   5.2065579516335111E-008   2.7427456221509270E-007   6.7381766514557948E-007   1.2503933422630356E-006   2.0034490959781579E-006   2.9322516106112070E-006   4.0358937646763952E-006   5.3132960609420659E-006   6.7632064733148540E-006   8.3841986950065774E-006   1.0174667906012257E-005   1.2132822658266366E-005   1.4256670969871700E-005   1.6543998177161505E-005   1.8992333519310741E-005   2.1598901845313264E-005   2.4360556267390851E-005   2.7273687076862515E-005   3.0334101836111536E-005   3.3536871322498546E-005   3.6876135999004712E-005   4.0344868009750589E-005   4.3934584451815954E-005   4.7635008982601440E-005   5.1433680827439029E-005   5.5315513112937639E-005   5.9262306330639955E-005   6.3252227784756874E-005   6.7259274211337611E-005   7.1252742412950860E-005   7.5196741644751501E-005   7.9049791336033588E-005   8.2764557993722892E-005   8.6287794930419337E-005   8.9560556509365178E-005   9.2518763193462377E-005   9.5094192720696790E-005   9.7215963829913745E-005   9.8812559737258430E-005   9.9814407006584865E-005   1.0015698049168061E-004   9.9784347172472999E-005   9.8652993752321321E-005   9.6735710438468797E-005   9.4025235026994389E-005   9.0537308553135113E-005   8.6312769177547647E-005   8.1418327051777952E-005   7.5945728910743090E-005   7.0009140217406561E-005   6.3740739200984518E-005   5.7284715235912850E-005   5.0790068226883663E-005   4.4402783998718003E-005   3.8258080138470240E-005   3.2473450321946303E-005   2.7143168842303248E-005   2.2334754609815989E-005   1.8087657946875748E-005   1.4414162025332605E-005   1.1302229410448859E-005   8.7198162264881291E-006   6.6200534486587317E-006   4.9466699463668530E-006   3.6390983627823605E-006   2.6368393110619853E-006   1.8828287669702717E-006   1.3257239623891955E-006   9.2116690924387327E-007   6.3218516982689839E-007   4.2894181012703681E-007   2.8805573314428209E-007   1.9169108780759061E-007   1.2657359622741828E-007   8.3044653134764238E-008   5.4219981246043062E-008   3.5283764915147358E-008   2.2923470572236517E-008   1.4894534698215969E-008   9.6959553837452445E-009   6.3353016995140839E-009   4.1626299429899819E-009   2.7555760346303019E-009   1.8413031850551112E-009   1.2443110043878914E-009   8.5199706563170109E-010   5.9218040618515880E-010   4.1856082543902275E-010   3.0137575005787275E-010   2.2142608904685703E-010   1.6626815044304129E-010   1.2778982733685652E-010   1.0066781750375257E-010   8.1384315867991633E-011   6.7598800849823257E-011   5.7745484342533622E-011   5.0774647079516087E-011   4.5986271840294954E-011   4.2923484930373979E-011   4.1305101832360779E-011
   6.8544876224458976E-008   3.6108530997245173E-007   8.8708795492743932E-007   1.6461558225894170E-006   2.6375615441434236E-006   3.8603397018803290E-006   5.3132960609420659E-006   6.9950094520107115E-006   8.9038315697298873E-006   1.1037884666398292E-005   1.3395055979810530E-005   1.5972987049981051E-005   1.8769055412051998E-005   2.1780345438302974E-005   2.5003604346444692E-005   2.8435178621352797E-005   3.2070925352581388E-005   3.5906092321158881E-005   3.9935160139417131E-005   4.4151639434552879E-005   4.8547816065219430E-005   5.3114437786155011E-005   5.7840336767555535E-005   6.2711984097651299E-005   6.7712975037165162E-005   7.2823447560574434E-005   7.8019441825961653E-005   8.3272214862550086E-005   8.8547533103259661E-005   9.3804975469766172E-005   9.8997291423693446E-005   1.0406987136285959E-004   1.0896040025199205E-004   1.1359877827406960E-004   1.1790740288604811E-004   1.2180191271176117E-004   1.2519249243466069E-004   1.2798582613821201E-004   1.3008776123364456E-004   1.3140670356963155E-004   1.3185770512097897E-004   1.3136712948579989E-004   1.2987769095710577E-004   1.2735356756011165E-004   1.2378519852792477E-004   1.1919330709693265E-004   1.1363165712981482E-004   1.0718807323398193E-004   9.9983340938901116E-005   9.2167760262369783E-005   8.3915345216050785E-005   7.5415922609045350E-005   6.6865652363502646E-005   5.8456726334115172E-005   5.0367159878708770E-005   4.2751634641857280E-005   3.5734263709703739E-005   2.9403936428925856E-005   2.3812589558711598E-005   1.8976394022383605E-005   1.4879502412080102E-005   1.1479728632562993E-005   8.7153691258780455E-006   6.5123423641253679E-006   4.7909107929411996E-006   3.4714263411554891E-006   2.4787636281535511E-006   1.7453293664244440E-006   1.2127258039330705E-006   8.3227834241483762E-007   5.6470634833572862E-007   3.7922836464205403E-007   2.5236330814258598E-007   1.6663545411937689E-007   1.0932914841444611E-007   7.1381168478812223E-008   4.6451442993790086E-008   3.0178987108287221E-008   1.9608809635736630E-008   1.2764825971987477E-008   8.3404904904891135E-009   5.4801455560665833E-009   3.6277444710196688E-009   2.4240947682471658E-009   1.6381483616011794E-009   1.1216629863690416E-009   7.7961165556174258E-010   5.5103967416945617E-010   3.9676430526023808E-010   2.9150974612356011E-010   2.1889374704092825E-010   1.6823663500761896E-010   1.3253022735329878E-010   1.0714329715726230E-010   8.8994523449398310E-011   7.6022529923796839E-011   6.6845350262817923E-011   6.0541404524814551E-011   5.6509213745557886E-011   5.4378595587312420E-011
   8.7249636624169493E-008   4.5961950507075545E-007   1.1291595518773240E-006   2.0953644569634078E-006   3.3573083646226030E-006   4.9137624106574417E-006   6.7632064733148540E-006   8.9038315697298873E-006   1.1333539599339660E-005   1.4049940408224068E-005   1.7050344696396773E-005   2.0331750419240201E-005   2.3890819484711443E-005   2.7723840638619833E-005   3.1826673468313252E-005   3.6194667474957073E-005   4.0822549216525004E-005   4.5704269672269319E-005   5.0832803305126469E-005   5.6199889900034564E-005   6.1795710254356753E-005   6.7608487338480992E-005   7.3624005806987553E-005   7.9825044932364065E-005   8.6190723393938867E-005   9.2695759148692401E-005   9.9309654111048957E-005   1.0599582183000152E-004   1.1271068696553042E-004   1.1940279819712858E-004   1.2601201109780600E-004   1.3246881401025141E-004   1.3869388715911140E-004   1.4459800164939900E-004   1.5008237849055143E-004   1.5503963548537070E-004   1.5935544820636151E-004   1.6291103637033769E-004   1.6558655470789418E-004   1.6726541454223487E-004   1.6783948694034008E-004   1.6721504134697602E-004   1.6531915973538698E-004   1.6210624490771794E-004   1.5756412712228748E-004   1.5171918464314800E-004   1.4463985259981861E-004   1.3643792147913548E-004   1.2726713717920100E-004   1.1731881410102878E-004   1.0681445179529842E-004   9.5995677660407517E-005   8.5112180409363549E-005   7.4408597867890093E-005   6.4111522833864090E-005   5.4417847008385133E-005   4.5485551881285147E-005   3.7427783228362090E-005   3.0310650489390074E-005   2.4154737364588475E-005   1.8939871951204910E-005   1.4612356267962626E-005   1.1093648878849763E-005   8.2894526351098994E-006   6.0982709256651030E-006   4.4187210411113011E-006   3.1551771298761627E-006   2.2216008168337257E-006   1.5436585715236568E-006   1.0593933047317829E-006   7.1880534921839583E-007   4.8271349858810567E-007   3.2122907131105166E-007   2.1210750710249524E-007   1.3916326058207265E-007   9.0859906015303977E-008   5.9127271724947932E-008   3.8414332389500705E-008   2.4959728714778023E-008   1.6248135367253836E-008   1.0616472078519116E-008   6.9755864296644682E-009   4.6176957972077065E-009   3.0855900443897094E-009   2.0851718926174142E-009   1.4277462206658484E-009   9.9235475213328004E-010   7.0140926623528050E-010   5.0503470669401051E-010   3.7105792325595923E-010   2.7862622183580496E-010   2.1414562371111269E-010   1.6869552934093396E-010   1.3638092675336723E-010   1.1327965356702226E-010   9.6767818055151479E-011   8.5086338201965717E-011   7.7062150177493033E-011   7.1929641379352639E-011   6.9217612846643137E-011
   1.0816146045673219E-007   5.6978021738926114E-007   1.3997943251707286E-006   2.5975773495829969E-006   4.1619815276180873E-006   6.0914834632889914E-006   8.3841986950065774E-006   1.1037884666398292E-005   1.4049940408224068E-005   1.7417402899103897E-005   2.1136938272842097E-005   2.5204824960584536E-005   2.9616924802856062E-005   3.4368637039253326E-005   3.9454828891043069E-005   4.4869735236841807E-005   5.0606818706257319E-005   5.6658580460970927E-005   6.3016311096809901E-005   6.9669770606373038E-005   7.6606786339563292E-005   8.3812758571132914E-005   9.1270064849218591E-005   9.8957357015708427E-005   1.0684874895545620E-004   1.1491289907436335E-004   1.2311199956480302E-004   1.3140069500608851E-004   1.3972496600514508E-004   1.4802102948866959E-004   1.5621432572995986E-004   1.6421868265238069E-004   1.7193576927052910E-004   1.7925497048077644E-004   1.8605383213551711E-004   1.9219923488061544E-004   1.9754945323133345E-004   2.0195723787638494E-004   2.0527401926443158E-004   2.0735526497054989E-004   2.0806692992858774E-004   2.0729281842546524E-004   2.0494253558307540E-004   2.0095955555554014E-004   1.9532879178107464E-004   1.8808294481494306E-004   1.7930685218589334E-004   1.6913909810801711E-004   1.5777027799834334E-004   1.4543756012278897E-004   1.3241553261511560E-004   1.1900373566033995E-004   1.0551170287835295E-004   9.2242706414885181E-005   7.9477648390514224E-005   6.7460611127719754E-005   5.6387440813677946E-005   4.6398401784474654E-005   3.7575448462301290E-005   2.9944098008758410E-005   2.3479343758531328E-005   1.8114617502247580E-005   1.3752553144710608E-005   1.0276252579280333E-005   7.5598926838171675E-006   5.4777915375878514E-006   3.9114038702202406E-006   2.7540697955645172E-006   1.9136396666241251E-006   1.3133066391033162E-006   8.9108722240839688E-007   5.9840933452099921E-007   3.9822063264087396E-007   2.6294502338004400E-007   1.7251764120594760E-007   1.1263703221950533E-007   7.3298781634361834E-008   4.7621405136806760E-008   3.0942028125838340E-008   2.0142456966222198E-008   1.3161007533556312E-008   8.6474814677413367E-009   5.7244561776494768E-009   3.8251382869311880E-009   2.5849418511658450E-009   1.7699456681292283E-009   1.2302004161262098E-009   8.6952167996625015E-010   6.2608044653138924E-010   4.5999236726091728E-010   3.4540681475977365E-010   2.6547163182792469E-010   2.0912814691290517E-010   1.6906844299682164E-010   1.4043030141913114E-010   1.1996094116863192E-010   1.0547966686076344E-010   9.5532256999964311E-011   8.9169598438930171E-011   8.5807556162906330E-011
   1.3125964453012807E-007   6.9145838526035240E-007   1.6987243400869241E-006   3.1522972980026406E-006   5.0507843879812057E-006   7.3923368885381924E-006   1.0174667906012257E-005   1.3395055979810530E-005   1.7050344696396773E-005   2.1136938272842097E-005   2.5650790886448556E-005   3.0587386216866726E-005   3.5941702389027359E-005   4.1708156137203828E-005   4.7880518563328992E-005   5.4451793388134098E-005   6.1414047167393979E-005   6.8758179664777353E-005   7.6473621558356052E-005   8.4547946058349433E-005   9.2966381010997889E-005   1.0171120887866683E-004   1.1076104388533618E-004   1.2008997891368977E-004   1.2966659979588997E-004   1.3945287185227343E-004   1.4940291331156408E-004   1.5946168297543010E-004   1.6956362545748180E-004   1.7963133662972890E-004   1.8957433432614042E-004   1.9928804418076578E-004   2.0865313634972342E-004   2.1753537356291146E-004   2.2578615124511348E-004   2.3324392202973376E-004   2.3973669455618039E-004   2.4508577400861857E-004   2.4911086339018533E-004   2.5163656497013232E-004   2.5250020798144284E-004   2.5156078278972048E-004   2.4870859043641221E-004   2.4387503382227962E-004   2.3704180460783935E-004   2.2824858664389922E-004   2.1759833475206792E-004   2.0525922819511017E-004   1.9146256457739120E-004   1.7649616011502557E-004   1.6069324200999020E-004   1.4441731809623786E-004   1.2804402376871826E-004   1.1194139579280416E-004   9.6450323726930367E-005   8.1867014359998400E-005   6.8429137383252877E-005   5.6306910976229638E-005   4.5599791158467347E-005   3.6338744353190789E-005   2.8493423651378599E-005   2.1983045015330692E-005   1.6689449546389272E-005   1.2470775218477489E-005   9.1743290278584145E-006   6.6475893261588459E-006   4.7466951671224468E-006   3.3422091459422492E-006   2.3223027993442857E-006   1.5937669654221917E-006   1.0813814048438661E-006   7.2620133087198822E-007   4.8326176869545408E-007   3.1909767262838925E-007   2.0935926867340512E-007   1.3669098722992145E-007   8.8951942597581324E-008   5.7791090134022086E-008   3.7549785253347783E-008   2.4443935299924695E-008   1.5971577706312455E-008   1.0494175455319954E-008   6.9469298938242887E-009   4.6420073259090340E-009   3.1369634533624831E-009   2.1479225433463764E-009   1.4929131748007150E-009   1.0552104801623540E-009   7.5978168667432295E-010   5.5822503097018880E-010   4.1916941147247415E-010   3.2216384541613918E-010   2.5378805083732403E-010   2.0517348448620898E-010   1.7041958723280760E-010   1.4557893753286665E-010   1.2800514636947465E-010   1.1593343915684599E-010   1.0821201696578738E-010   1.0413200110632434E-010
   1.5652107803244196E-007   8.2453226399436389E-007   2.0256505031851191E-006   3.7589692790069740E-006   6.0228276569405874E-006   8.8150211217995942E-006   1.2132822658266366E-005   1.5972987049981051E-005   2.0331750419240201E-005   2.5204824960584536E-005   3.0587386216866726E-005   3.6474048684169201E-005   4.2858824007865585E-005   4.9735054400837802E-005   5.7095312189150631E-005   6.4931254632144680E-005   7.3233421463131873E-005   8.1990961069600102E-005   9.1191270022154174E-005   1.0081952994657168E-004   1.1085812573015302E-004   1.2128593002564241E-004   1.3207744128053151E-004   1.4320176645114674E-004   1.5462144558981694E-004   1.6629112409357306E-004   1.7815609006426934E-004   1.9015070940903652E-004   2.0219681035020984E-004   2.1420209203172226E-004   2.2605865863974169E-004   2.3764181006136038E-004   2.4880925095612807E-004   2.5940090956471864E-004   2.6923958177846097E-004   2.7813262980633133E-004   2.8587496187569463E-004   2.9225349265241514E-004   2.9705322627530451E-004   3.0006500903227224E-004   3.0109486352905540E-004   2.9997464227395765E-004   2.9657353431351944E-004   2.9080974076765772E-004   2.8266142978513421E-004   2.7217592252951891E-004   2.5947598788171583E-004   2.4476217186335161E-004   2.2831028621009825E-004   2.1046353849792288E-004   1.9161928681102461E-004   1.7221099749198881E-004   1.5268659844108631E-004   1.3348495654294052E-004   1.1501256688876715E-004   9.7622642425967968E-005   8.1598593310211223E-005   6.7143396877425635E-005   5.4375649848261554E-005   4.3332278255570133E-005   3.3977094808642359E-005   2.6213768264818734E-005   1.9901399581874588E-005   1.4870824830310497E-005   1.0939964638827916E-005   7.9269439695039990E-006   5.6602152726297825E-006   3.9854304070791110E-006   2.7692390831341413E-006   1.9004936700336481E-006   1.2894974983080078E-006   8.6596162578047995E-007   5.7626739184651083E-007   3.8050927149947231E-007   2.4965128121555655E-007   1.6299770394117777E-007   1.0607109289601647E-007   6.8913212136354124E-008   4.4776388727699592E-008   2.9148266538397480E-008   1.9045370490068181E-008   1.2513820688819939E-008   8.2838938036861509E-009   5.5353798456996658E-009   3.7406843758133676E-009   2.5612986628010520E-009   1.7802301717723171E-009   1.2582898765068073E-009   9.0600465278782470E-010   6.6565762801599070E-010   4.9984020905097476E-010   3.8416554126837359E-010   3.0263055679457083E-010   2.4465992644131211E-010   2.0321750532701016E-010   1.7359617514606086E-010   1.5264023893384754E-010   1.3824528431259750E-010   1.2903784413085369E-010   1.2417261321392809E-010
   1.8392006313862894E-007   9.6886648085983766E-007   2.3802402406491410E-006   4.4169761403498251E-006   7.0771224991690754E-006   1.0358088901954102E-005   1.4256670969871700E-005   1.8769055412051998E-005   2.3890819484711443E-005   2.9616924802856062E-005   3.5941702389027359E-005   4.2858824007865585E-005   5.0361253044399597E-005   5.8441166267135529E-005   6.7089835789220609E-005   7.6297458474820898E-005   8.6052918039353869E-005   9.6343463297589524E-005   1.0715428459220081E-004   1.1846796959536033E-004   1.3026381967222203E-004   1.4251700913738886E-004   1.5519757239640912E-004   1.6826920858415713E-004   1.8168790039620671E-004   1.9540035391491726E-004   2.0934227993472043E-004   2.2343655512720373E-004   2.3759132375980726E-004   2.5169812772906654E-004   2.6563018407934486E-004   2.7924096396655506E-004   2.9236326327781379E-004   3.0480898972259972E-004   3.1636991964653437E-004   3.2681969404970942E-004   3.3591731988347987E-004   3.4341241126627090E-004   3.4905233735205621E-004   3.5259133211100187E-004   3.5380146244266684E-004   3.5248514666873568E-004   3.4848867540308658E-004   3.4171593088714854E-004   3.3214125960825356E-004   3.1982026629070440E-004   3.0489721048478752E-004   2.8760774375528522E-004   2.6827595863003397E-004   2.4730514110626162E-004   2.2516220672565262E-004   2.0235650003207889E-004   1.7941435862003544E-004   1.5685147293929442E-004   1.3514549496990727E-004   1.1471146751891371E-004   9.5882411636129589E-005   7.8896835801747932E-005   6.3894097069938386E-005   5.0917585368618724E-005   3.9924778828685598E-005   3.0802483441671380E-005   2.3385135814658752E-005   1.7473959904283993E-005   1.2855003379740049E-005   9.3145540121143700E-006   6.6510348855668393E-006   4.6830792460595858E-006   3.2539938608806723E-006   2.2331747275258656E-006   1.5152237914995454E-006   1.0175480445909313E-006   6.7714288979772810E-007   4.4711734750837409E-007   2.9335269077489939E-007   1.9153042118774177E-007   1.2463881764585868E-007   8.0976456887020456E-008   5.2614487105764726E-008   3.4250665083027912E-008   2.2379258992235485E-008   1.4704362633614145E-008   9.7339878472589070E-009   6.5043470407631782E-009   4.3954904683104641E-009   3.0096535092967873E-009   2.0918591266397532E-009   1.4785532814044532E-009   1.0646005959024285E-009   7.8218086990197861E-010   5.8733714310877887E-010   4.5141364660879769E-010   3.5560597852385934E-010   2.8748760029145566E-010   2.3879069119924866E-010   2.0398415277251245E-010   1.7935988388982254E-010   1.6244509518469197E-010   1.5162589434057003E-010   1.4590900567181539E-010
   2.1342802928812270E-007   1.1243105299358877E-006   2.7621238005509112E-006   5.1256317389199712E-006   8.2125695383748868E-006   1.2019931179932928E-005   1.6543998177161505E-005   2.1780345438302974E-005   2.7723840638619833E-005   3.4368637039253326E-005   4.1708156137203828E-005   4.9735054400837802E-005   5.8441166267135529E-005   6.7817413352521487E-005   7.7853667475985739E-005   8.8538552695577319E-005   9.9859169240216466E-005   1.1180072013621647E-004   1.2434601967841930E-004   1.3747486192109996E-004   1.5116322735943247E-004   1.6538230729783683E-004   1.8009732848938648E-004   1.9526616599146760E-004   2.1083774040372592E-004   2.2675020738128154E-004   2.4292896321742187E-004   2.5928451098769886E-004   2.7571025771011500E-004   2.9208034436261629E-004   3.0824764704851041E-004   3.2404212797043202E-004   3.3926975694106718E-004   3.5371226431541277E-004   3.6712801922706497E-004   3.7925434584589645E-004   3.8981158641969286E-004   3.9850918338581469E-004   4.0505397403713448E-004   4.0916076186752723E-004   4.1056504439908738E-004   4.0903754013034844E-004   4.0439987868233566E-004   3.9654052125149864E-004   3.8542969849913880E-004   3.7113193632049826E-004   3.5381463913572713E-004   3.3375126623040764E-004   3.1131790724012762E-004   2.8698255099742133E-004   2.6128702454500028E-004   2.3482239119793777E-004   2.0819943367137819E-004   1.8201657931761451E-004   1.5682811416204386E-004   1.3311567009878945E-004   1.1126569776929152E-004   9.1554971735429927E-005   7.4145207369259638E-005   5.9086756038915178E-005   4.6330273705635974E-005   3.5744405618112180E-005   2.7137025544601622E-005   2.0277465995756870E-005   1.4917448325156823E-005   1.0808972510002403E-005   7.7181208190600191E-006   5.4344281827112891E-006   3.7760616497828167E-006   2.5914632314617789E-006   1.7583249061113612E-006   1.1808025190777126E-006   7.8578307363379438E-007   5.1885244443025779E-007   3.4041792727780348E-007   2.2225938619873265E-007   1.4463575516993277E-007   9.3968245319188921E-008   6.1055907133549615E-008   3.9745810357667407E-008   2.5969766767865696E-008   1.7063517080595444E-008   1.1295699924749902E-008   7.5478985110491460E-009   5.1006989253756865E-009   3.4925195564180114E-009   2.4274750852525452E-009   1.7157710130285488E-009   1.2354041385422645E-009   9.0767325087431784E-010   6.8156897535935387E-010   5.2383803781571004E-010   4.1265907538437192E-010   3.3361184705949536E-010   2.7710205056090066E-010   2.3671118305037625E-010   2.0813621906544122E-010   1.8850763718288723E-010   1.7595261368393999E-010   1.6931851264346665E-010
