# Version 0.33
# Potential name = chengdu_MMWLY_3200  
# L = 1
# S = 1
# J = 0
# Order = 2                   
# K_MAX = 6400 MeV
# For uncoupled channels, e.g., 3P0 (LSJ = 110)
# storage = D(1:N，1:N) (row, column)
# D(i,j)  = <pout(j),L|V|L,pin(i)>
# Normalization
# If V were so weak as to validate the Born approximation, the relation of V
# in 1S0 and the respective scattering length 'a' would have been
# <p|V|p> = 2/pi * a + ... for p->0, in unit of MeV^(-1)
# Momenta are in unit of MeV
# The value of pin and pout, where pin(1:N) = pout(1:N)
  0.91607432498767594        4.8257579532933050        11.855568853999557        22.000201480181204        35.249935222426302        51.591869740617312        71.010052841861580        93.485517556139712        118.99630638139024        147.51749463842634        179.02121556398060        213.47668786214535        250.85024593493108        291.10537285590499        334.20273609367359        380.10022596794124        428.75299680907347        480.11351078530788        534.13158435711739        590.75443731463611        649.92674435099343        711.59068912161456        775.68602073693728        842.15011263353381        910.91802376621945        981.92256206143384        1055.0943500699491        1130.3618927547864        1207.6516473481352        1286.8880952090281        1367.9938156115802        1450.8895613916986        1535.4943363783584        1621.7254745337889        1709.4987207252541        1798.7283130494993        1889.3270666294350        1981.2064588011842        2074.2767156082505        2168.4468995183070        2263.6249982768895        2359.7180148111888        2456.6320580960833        2554.2724348936449        2652.5437422764694        2751.3499608444354        2850.5945485438042        2950.1805349970027        3050.0106162509069        3149.9872498510622        3250.0127501489378        3349.9893837490931        3449.8194650029973        3549.4054514561958        3648.6500391555646        3747.4562577235306        3845.7275651063551        3943.3679419039167        4040.2819851888112        4136.3750017231105        4231.5531004816930        4325.7232843917500        4418.7935411988155        4510.6729333705653        4601.2716869505002        4690.5012792747457        4778.2745254662113        4864.5056636216414        4949.1104386083016        5032.0061843884196        5113.1119047909724        5192.3483526518648        5269.6381072452132        5344.9056499300514        5418.0774379385657        5489.0819762337806        5557.8498873664666        5624.3139792630627        5688.4093108783854        5750.0732556490066        5809.2455626853643        5865.8684156428826        5919.8864892146921        5971.2470031909270        6019.8997740320592        6065.7972639063264        6108.8946271440946        6149.1497540650689        6186.5233121378551        6220.9787844360199        6252.4825053615732        6281.0036936186098        6306.5144824438603        6328.9899471581384        6348.4081302593822        6364.7500647775742        6377.9997985198188        6388.1444311460000        6395.1742420467071        6399.0839256750123     
# Matrix elements start here 
  -9.2168869575031030E-005  -4.8553341088458630E-004  -1.1928234461502133E-003  -2.2135073486109044E-003  -3.5466131579516657E-003  -5.1908558498025680E-003  -7.1446536349264777E-003  -9.4061349313794979E-003  -1.1973142804911028E-002  -1.4843236568591012E-002  -1.8013688823670812E-002  -2.1481475528657371E-002  -2.5243255985043945E-002  -2.9295338693739525E-002  -3.3633627847904177E-002  -3.8253543943779882E-002  -4.3149910806780482E-002  -4.8316800360652175E-002  -5.3747325754789348E-002  -5.9433373050404331E-002  -6.5365261640325092E-002  -7.1531324085477438E-002  -7.7917397285400494E-002  -8.4506219090327531E-002  -9.1276727871946850E-002  -9.8203267489832768E-002 -0.10525470682481543      -0.11239349188943100      -0.11957465970047354      -0.12674485671572736      -0.13384142058633505      -0.14079160181723513      -0.14751202075564701      -0.15390847363329410      -0.15987621693950291      -0.16530086917716016      -0.17006006927829112      -0.17402601730909995      -0.17706899113372432      -0.17906187856815853      -0.17988568593304838      -0.17943588125126625      -0.17762930809269500      -0.17441127377829213      -0.16976228841474830      -0.16370382919196649      -0.15630245086806774      -0.14767158146911705      -0.13797044996960306      -0.12739979756826383      -0.11619431803569652      -0.10461212882843376       -9.2921948593833931E-002  -8.1388990840990508E-002  -7.0260817237104284E-002  -5.9754475988852383E-002  -5.0046152192470800E-002  -4.1264280788826255E-002  -3.3486656370585288E-002  -2.6741584159587214E-002  -2.1012635378314149E-002  -1.6246178212084756E-002  -1.2360612963118824E-002  -9.2561747493959158E-003  -6.8242706415908997E-003  -4.9555506727942712E-003  -3.5462150477909649E-003  -2.5023709759138639E-003  -1.7425200397934795E-003  -1.1984482628624230E-003  -8.1489510785035153E-004  -5.4840214773466350E-004  -3.6570671167445102E-004  -2.4197458717828405E-004  -1.5908138103175339E-004  -1.0407146656550009E-004  -6.7856846322402793E-005  -4.4169817786795310E-005  -2.8752590891449074E-005  -1.8750898962137916E-005  -1.2273126756475432E-005  -8.0776596870745242E-006  -5.3558922820078423E-006  -3.5844027029665753E-006  -2.4258359938162045E-006  -1.6633329017962957E-006  -1.1576305707626944E-006  -8.1924626750953504E-007  -5.9056546887186149E-007  -4.3436540257317072E-007  -3.2648560406070399E-007  -2.5115435592965386E-007  -1.9800886757282350E-007  -1.6019302655550721E-007  -1.3314028152691683E-007  -1.1379264991277491E-007  -1.0009823768840228E-007  -9.0687680776104303E-008  -8.4666690671452586E-008  -8.1484607712520974E-008
  -4.8553341088458630E-004  -2.5577257719519493E-003  -6.2836361022989258E-003  -1.1660463861600807E-002  -1.8683088889088737E-002  -2.7344741841381925E-002  -3.7637090053555387E-002  -4.9550274267395167E-002  -6.3072932024039977E-002  -7.8192206093371242E-002  -9.4893728889203138E-002 -0.11316157015713350      -0.13297813154236204      -0.15432396672391449      -0.17717749954304540      -0.20151460578915509      -0.22730801806688058      -0.25452650806028793      -0.28313379675523609      -0.31308714099810675      -0.34433554463270105      -0.37681754513480203      -0.41045853316606029      -0.44516757400648255      -0.48083371778603912      -0.51732181135314703      -0.55446786009307880      -0.59207403457134133      -0.62990347574486505      -0.66767512421668962      -0.70505888302903386      -0.74167151747355575      -0.77707379457861314      -0.81076946136539929      -0.84220674288781050      -0.87078309256346353      -0.89585392848741896      -0.91674601752996687      -0.93277600065569866      -0.94327426771032019      -0.94761397574743067      -0.94524446415347974      -0.93572767586663830      -0.91877549709725148      -0.89428525767006539      -0.86237009658002739      -0.82338061548292785      -0.77791433820365807      -0.72681006189881692      -0.67112526462547384      -0.61209628209320255      -0.55108284288703591      -0.48950052126096472      -0.42874642686406478      -0.37012468177896507      -0.31477866721797393      -0.26363650293782748      -0.21737476719906967      -0.17640327161307442      -0.14087112433860546      -0.11069178074920080       -8.5582715544939250E-002  -6.5114072321288671E-002  -4.8760302888739865E-002  -3.5949354073837474E-002  -2.6105184729661932E-002  -1.8680991279114042E-002  -1.3182158933434711E-002  -9.1793648213640139E-003  -6.3132667468483407E-003  -4.2927595168988468E-003  -2.8889098925790565E-003  -1.9264945284653459E-003  -1.2746900816669935E-003  -8.3801964875629843E-004  -5.4823470403034019E-004  -3.5746088033050520E-004  -2.3268075078748183E-004  -1.5146484115657847E-004  -9.8777252570776732E-005  -6.4653206429411345E-005  -4.2552041507194866E-005  -2.8214131258296801E-005  -1.8882158753430598E-005  -1.2778982758621190E-005  -8.7622174484955637E-006  -6.0982445392203584E-006  -4.3156808423539003E-006  -3.1110206797110656E-006  -2.2881794163401479E-006  -1.7198829245510836E-006  -1.3230478857126485E-006  -1.0430844912602007E-006  -8.4387564885153540E-007  -7.0136537072646588E-007  -5.9944460965817379E-007  -5.2730425966143035E-007  -4.7773069212310983E-007  -4.4601291363482185E-007  -4.2925012202290136E-007
  -1.1928234461502133E-003  -6.2836361022989258E-003  -1.5437183724828402E-002  -2.8646586137058783E-002  -4.5899264466485200E-002  -6.7178588214596671E-002  -9.2464086182654462E-002 -0.12173153670090524      -0.15495302511329700      -0.19209696452159183      -0.23312805754313601      -0.27800716782822904      -0.32669106104642648      -0.37913196298018575      -0.43527686700547880      -0.49506650662223534      -0.55843389335806948      -0.62530230781030705      -0.69558262236268631      -0.76916982875112805      -0.84593864332005686      -0.92573806939086911       -1.0083848121390939       -1.0936554697219105       -1.1812774685236176       -1.2709187740581795       -1.3621764962210423       -1.4545646219724928       -1.5475012531569170       -1.6402959033903481       -1.7321376143609781       -1.8220848827801639       -1.9090586328821610       -1.9918397062781308       -2.0690725422324028       -2.1392768479321647       -2.2008690612308364       -2.2521952317307616       -2.2915765324460020       -2.3173679136500089       -2.3280293929996523       -2.3222081473944214       -2.2988279899891757       -2.2571811037147769       -2.1970152559471385       -2.1186083984044917       -2.0228218638735758       -1.9111236056427507       -1.7855743198455245       -1.6487719420098386       -1.5037538121848804       -1.3538604130924401       -1.2025694250411731       -1.0533131658273929      -0.90929550812095439      -0.77332542805644811      -0.64768306300968526      -0.53403058142352866      -0.43337477875690050      -0.34608197310899869      -0.27193954788632591      -0.21025341537482184      -0.15996753547779982      -0.11979077945653396       -8.8317768500307620E-002  -6.4133326437775209E-002  -4.5894105844470463E-002  -3.2384972933313681E-002  -2.2551198372498214E-002  -1.5509976285148927E-002  -1.0546140521373575E-002  -7.0972644847700841E-003  -4.7328721547719704E-003  -3.1315662206917966E-003  -2.0587859436930014E-003  -1.3468632907297419E-003  -8.7818398537247030E-004  -5.7163320567990008E-004  -3.7210784457553217E-004  -2.4266879525728234E-004  -1.5883531174646745E-004  -1.0453877151814215E-004  -6.9314432758051000E-005  -4.6388319053835025E-005  -3.1394478611817521E-005  -2.1526380726866602E-005  -1.4981725166805315E-005  -1.0602451877438392E-005  -7.6429301053270169E-006  -5.6214333308759723E-006  -4.2252837017119956E-006  -3.2503681423922522E-006  -2.5625743678838998E-006  -2.0731725235049289E-006  -1.7230636021347822E-006  -1.4726720641624554E-006  -1.2954428814758743E-006  -1.1736541341650638E-006  -1.0957321950942292E-006  -1.0545505837448332E-006
  -2.2135073486109044E-003  -1.1660463861600807E-002  -2.8646586137058783E-002  -5.3159106657219769E-002  -8.5174682800172472E-002 -0.12466245321362081      -0.17158442916490899      -0.22589566196647862      -0.28754434973197535      -0.35647187606156772      -0.43261273932188510      -0.51589431440799693      -0.60623637212112347      -0.70355025899410673      -0.80773761198844285      -0.91868845166120561       -1.0362784688801154       -1.1603652968052856       -1.2907835427086645       -1.4273383442559016       -1.5697972142693808       -1.7178799502112645       -1.8712464142748786       -2.0294820425743070       -2.1920810238062072       -2.3584272059120277       -2.5277729509971789       -2.6992163710355506       -2.8716776452608044       -3.0438754471697775       -3.2143048920997135       -3.3812188448058551       -3.5426148786237484       -3.6962306174264197       -3.8395505650664816       -3.9698277617435727       -4.0841236121357607       -4.1793689023921194       -4.2524482555254179       -4.3003089745828937       -4.3200933347870416       -4.3092909203122547       -4.2659046655917647       -4.1886210839946427       -4.0769721109279056       -3.9314735378717156       -3.7537237288316949       -3.5464467454378448       -3.3134665943511781       -3.0596042302354332       -2.7904960048699277       -2.5123408078351988       -2.2315921244117969       -1.9546192612223434       -1.6873676022534276       -1.4350497271884834       -1.2018968566079751      -0.99099345431758679      -0.80420781715830458      -0.64221971662991151      -0.50463460281172179      -0.39016446622814388      -0.29684962719004826      -0.22229415515724313      -0.16389010726934022      -0.11901135985405617       -8.5165080908324184E-002  -6.0096362787350782E-002  -4.1847958274168699E-002  -2.8781656230865791E-002  -1.9570332338597868E-002  -1.3170299041272364E-002  -8.7827277142353069E-003  -5.8112056453956118E-003  -3.8204615945728574E-003  -2.4993562259479178E-003  -1.6296342937552766E-003  -1.0607721039924357E-003  -6.9051555548971418E-004  -4.5031724037559046E-004  -2.9474856490902836E-004  -1.9399120068496853E-004  -1.2862586599424319E-004  -8.6082183245559318E-005  -5.8258313998010864E-005  -3.9946216709022086E-005  -2.7801386916458945E-005  -1.9674828052669573E-005  -1.4182883094185030E-005  -1.0431618578287751E-005  -7.8408023949257862E-006  -6.0316646395033988E-006  -4.7553349383782632E-006  -3.8471584871090141E-006  -3.1974660488214224E-006  -2.7328178241723053E-006  -2.4039360028326689E-006  -2.1779342551880593E-006  -2.0333355562575580E-006  -1.9569153915253310E-006
  -3.5466131579516657E-003  -1.8683088889088737E-002  -4.5899264466485200E-002  -8.5174682800172472E-002 -0.13647194236702520      -0.19974159405998498      -0.27492276801381876      -0.36194344182039695      -0.46072061186276447      -0.57116035596034009      -0.69315772091565164      -0.82659634145443139      -0.97134767025148838       -1.1272696633381423       -1.2942047199998510       -1.4719766269277736       -1.6603862105028695       -1.8592053634662455       -2.0681690846734040       -2.2869651547053707       -2.5152210691802455       -2.7524878712222272       -2.9982205720693642       -3.2517549330892264       -3.5122805136723283       -3.7788100787855927       -4.0501457190974701       -4.3248423766994337       -4.6011698994507775       -4.8770752709497751       -5.1501472768572780       -5.4175865548098630       -5.6761846996331826       -5.9223167999601669       -6.1519523807698748       -6.3606901024934031       -6.5438215759824088       -6.6964291275090977       -6.8135211181397342       -6.8902063386295227       -6.9219059756246262       -6.9045976945470446       -6.8350816806735955       -6.7112533894578528       -6.5323628609873960       -6.2992365270597963       -6.0144353804208315       -5.6823240722840893       -5.3090296499860248       -4.9022765290957615       -4.4710956019477930       -4.0254190916550199       -3.5755871492740545       -3.1318050497408518       -2.7035988342379280       -2.2993204019715141       -1.9257492611890714       -1.5878275194103022       -1.2885486704092017       -1.0290018832765322      -0.80855498664318093      -0.62514425614573299      -0.47562977827295211      -0.35617265301749995      -0.26259428193751660      -0.19068693630474273      -0.13645645514229446       -9.6289893811658048E-002  -6.7051236615545670E-002  -4.6115646101205277E-002  -3.1356726281930161E-002  -2.1102220095645025E-002  -1.4072197747223623E-002  -9.3110520238944474E-003  -6.1213659765199744E-003  -4.0046140305748813E-003  -2.6110949150841066E-003  -1.6996307988282034E-003  -1.1063842049773220E-003  -7.2152448453119346E-004  -4.7226329923619979E-004  -3.1082398717716770E-004  -2.0609184466240021E-004  -1.3792588098418275E-004  -9.3344859028898571E-005  -6.4004151536343443E-005  -4.4544998830672488E-005  -3.1524153566206523E-005  -2.2724639955237086E-005  -1.6714145796726684E-005  -1.2562989449933776E-005  -9.6642837410124236E-006  -7.6192740817243347E-006  -6.1641409678163170E-006  -5.1231659698025282E-006  -4.3786795702707222E-006  -3.8517259958846169E-006  -3.4896128569906466E-006  -3.2579284153132269E-006  -3.1354835847325514E-006
  -5.1908558498025680E-003  -2.7344741841381925E-002  -6.7178588214596671E-002 -0.12466245321362081      -0.19974159405998498      -0.29234363334527980      -0.40237947587029754      -0.52974370107632407      -0.67431481454133946      -0.83595534140739491       -1.0145116640886347       -1.2098134663645619       -1.4216726068105425       -1.6498811935728708       -1.8942085672679940       -2.1543968267405074       -2.4301544647728224       -2.7211476252276645       -3.0269884525330073       -3.3472199811340109       -3.6812970112881085       -4.0285624463800085       -4.3882186365412021       -4.7592933967423656       -5.1406005595565292       -5.5306951998673686       -5.9278240480568476       -6.3298721059952507       -6.7343071095087330       -7.1381242478934519       -7.5377944492937461       -7.9292205455439335       -8.3077066904176746       -8.6679474361846953       -9.0040437492133574       -9.3095537958646375       -9.5775863425815739       -9.8009438454983435       -9.9723205049088204       -10.084557510955381       -10.130953278955783       -10.105620690935964       -10.003876475325724       -9.8226404063359070       -9.5608148384857916       -9.2196093450293475       -8.8027722155515473       -8.3166915875215590       -7.7703350543204541       -7.1750081290981989       -6.5439284937745921       -5.8916330242971418       -5.2332556425503567       -4.5837328642937427       -3.9570070733229210       -3.3653021701890409       -2.8185406921275460       -2.3239559429054899       -1.8859292207388942       -1.5060546401997410       -1.1834069493693453      -0.91496566498182685      -0.69613518561461585      -0.52129686828724808      -0.38433488510921721      -0.27909077308455743      -0.19971864871107256      -0.14093057964571098       -9.8136670334728171E-002  -6.7495189511107598E-002  -4.5893928524039812E-002  -3.0885359793348163E-002  -2.0596168799816059E-002  -1.3627721921796098E-002  -8.9592746847676832E-003  -5.8611814718406118E-003  -3.8216169926292981E-003  -2.4875916456597812E-003  -1.6193117284504992E-003  -1.0560283193245489E-003  -6.9120788789041071E-004  -4.5492417200370945E-004  -3.0163747043070085E-004  -2.0186928639735318E-004  -1.3662018938155271E-004  -9.3676923945568114E-005  -6.5196371603789465E-005  -4.6138971268854160E-005  -3.3259941569068720E-005  -2.4462940294361173E-005  -1.8387278864552356E-005  -1.4144712953126438E-005  -1.1151622549120115E-005  -9.0218795781414014E-006  -7.4983013169482957E-006  -6.4086658369002752E-006  -5.6374129163056301E-006  -5.1074216055999296E-006  -4.7683266443827134E-006  -4.5891155383222368E-006
  -7.1446536349264777E-003  -3.7637090053555387E-002  -9.2464086182654462E-002 -0.17158442916490899      -0.27492276801381876      -0.40237947587029754      -0.55383191061014070      -0.72913495463869027      -0.92812136256473299       -1.1506018935381017       -1.3963650929534990       -1.6651765315231071       -1.9567772558203445       -2.2708811360366146       -2.6071707090064216       -2.9652910159953545       -3.3448408406653605       -3.7453606748214998       -4.1663166830788052       -4.6070799055474110       -5.0668999361661378       -5.5448723541789064       -6.0398992821805182       -6.5506426140311120       -7.0754697202551311       -7.6123918199002585       -8.1589957298322631       -8.7123703875855707       -9.2690304101173613       -9.8248400063541741       -10.374941797757051       -10.913696484101264       -11.434640751112301       -11.930472235595518       -12.393071569191168       -12.813572279597512       -13.182489345526701       -13.489916143791577       -13.725797049440748       -13.880278753275423       -13.944137266506516       -13.909269624232737       -13.769229823514795       -13.519778277117471       -13.159404200718255       -12.689772441660336       -12.116042109613916       -11.447005772765923       -10.695006334724454       -9.8756045865093167       -9.0069932071929948       -8.1091805996028068       -7.2029969332641341       -6.3090006690062870       -5.4463819540523133       -4.6319656327630359       -3.8794089769156614       -3.1986678256025951       -2.5957725477325466       -2.0729172624608636       -1.6288284600744292       -1.2593487772340703      -0.95815287531080995      -0.71750731275065616      -0.52899432852220474      -0.38413747954455185      -0.27489055417445124      -0.19397529904400398      -0.13507423132904667       -9.2899633618723165E-002  -6.3167895655781736E-002  -4.2510267082093482E-002  -2.8348338210514312E-002  -1.8757045006664013E-002  -1.2331445956057497E-002  -8.0672648417155178E-003  -5.2600309650461087E-003  -3.4238933302358364E-003  -2.2288025341243717E-003  -1.4535055400339840E-003  -9.5137077795194765E-004  -6.2615251733237219E-004  -4.1517042004307234E-004  -2.7785061160139329E-004  -1.8804248786478801E-004  -1.2893586054020948E-004  -8.9735549115365964E-005  -6.3505158179278048E-005  -4.5778607054849878E-005  -3.3670513869776152E-005  -2.5308042161706501E-005  -1.9468622436999092E-005  -1.5348966687497943E-005  -1.2417612585425059E-005  -1.0320576732706180E-005  -8.8208148116158336E-006  -7.7592710388465702E-006  -7.0297970113674322E-006  -6.5630705544668418E-006  -6.3164064218669582E-006
  -9.4061349313794979E-003  -4.9550274267395167E-002 -0.12173153670090524      -0.22589566196647862      -0.36194344182039695      -0.52974370107632407      -0.72913495463869027      -0.95992611733233701       -1.2218969642313402       -1.5147983117364348       -1.8383517398783626       -2.1922485991565184       -2.5761479737902127       -2.9896731861513959       -3.4324063158593749       -3.9038800790323172       -4.4035662878093582       -4.9308600052456049       -5.4850584348605560       -6.0653335418077408       -6.6706974011763771       -7.2999593218913201       -7.9516739212520697       -8.6240795489056516       -9.3150268070520372       -10.021897415740005       -10.741514359319952       -11.470045152112631       -12.202901201751187       -12.934637638290956       -13.658859604843771       -14.368142826202920       -15.053978193317192       -15.706751969612409       -16.315774812218400       -16.869373798702139       -17.355061672841749       -17.759796130267031       -18.070338703127121       -18.273717278041033       -18.357788257931585       -18.311883901344068       -18.127517897596121       -17.799108735547733       -17.324667438551415       -16.706385824815346       -15.951055991858219       -15.070253571165686       -14.080228294205392       -13.001466316290520       -11.857918734136064       -10.675927085918982       -9.4829147830991847       -8.3059475241595742       -7.1702895884406139       -6.0980912765062518       -5.1073327035168239       -4.2111209602992412       -3.4173951632238078       -2.7290439155149624       -2.1443906057768816       -1.6579619621914832       -1.2614305234209551      -0.94461502855258384      -0.69643329501729589      -0.50572588487320413      -0.36189977074667867      -0.25537296096782247      -0.17782834126946920      -0.12230450799086337       -8.3161988244053422E-002  -5.5965743710039977E-002  -3.7321238086521415E-002  -2.4694079893083365E-002  -1.6234631073309382E-002  -1.0620738755761595E-002  -6.9249509943342122E-003  -4.5076337476620742E-003  -2.9342693751500718E-003  -1.9135731652435411E-003  -1.2525012879011240E-003  -8.2434403084748079E-004  -5.4658129266897594E-004  -3.6579663895497562E-004  -2.4756220146850507E-004  -1.6974698338796158E-004  -1.1813888325750495E-004  -8.3605978400714704E-005  -6.0268571890564832E-005  -4.4327992832314060E-005  -3.3318609438604930E-005  -2.5630881192783022E-005  -2.0207261193036565E-005  -1.6348067225447644E-005  -1.3587272118953171E-005  -1.1612801656541025E-005  -1.0215255296124315E-005  -9.2548862613407268E-006  -8.6404303398878688E-006  -8.3156914389995373E-006
  -1.1973142804911028E-002  -6.3072932024039977E-002 -0.15495302511329700      -0.28754434973197535      -0.46072061186276447      -0.67431481454133946      -0.92812136256473299       -1.2218969642313402       -1.5553612209936747       -1.9281968687812250       -2.3400494407933281       -2.7905260190946848       -3.2791926496994570       -3.8055698886173039       -4.3691258117525456       -4.9692656630718881       -5.6053171543950304       -6.2765102919601041       -6.9819505051346784       -7.7205837980924912       -8.4911526441698797       -9.2921414109390028       -10.121710265730787       -10.977616796408199       -11.857125025229282       -12.756902132699482       -13.672904083030716       -14.600252490943028       -15.533106521138457       -16.464535380633983       -17.386399035985747       -18.289247105015455       -19.162248318390080       -19.993165324361847       -20.768391630143853       -21.473068743167232       -22.091301604654038       -22.606488635152701       -23.001778559896344       -23.260659149174931       -23.367672795578482       -23.309240513769019       -23.074560068658617       -22.656526752983208       -22.052608806343347       -21.265596212647726       -20.304134662162017       -19.182958815986286       -17.922753006426380       -16.549594117190360       -15.093969560870208       -13.589409544945470       -12.070821392052528       -10.572657087352995       -9.1270755819945357       -7.7622720335939990       -6.5011333592845650       -5.3603435914479114       -4.3500084360591487       -3.4738047903913492       -2.7295984813582370       -2.1104225603939493       -1.6056769770263304       -1.2024019774727577      -0.88649102486062736      -0.64373924552302131      -0.46066275238173793      -0.32506460883506583      -0.22635794402462106      -0.15568157429788618      -0.10585700454421570       -7.1238866861466826E-002  -4.7506250364449699E-002  -3.1433124085594268E-002  -2.0665080888096984E-002  -1.3519150410989189E-002  -8.8147777362166130E-003  -5.7377718020135034E-003  -3.7350345187417639E-003  -2.4357891978059793E-003  -1.5943101047602602E-003  -1.0493082923553011E-003  -6.9574382608198057E-004  -4.6562286549418246E-004  -3.1512213895829949E-004  -2.1607107683772319E-004  -1.5037908037118615E-004  -1.0642211593956890E-004  -7.6715911541187841E-005  -5.6425135360647681E-005  -4.2411282400228742E-005  -3.2625567076160247E-005  -2.5721837001293077E-005  -2.0809466080804892E-005  -1.7295247934695828E-005  -1.4781943033681971E-005  -1.3003005257523511E-005  -1.1780550822837629E-005  -1.0998409441798366E-005  -1.0585049064072889E-005
  -1.4843236568591012E-002  -7.8192206093371242E-002 -0.19209696452159183      -0.35647187606156772      -0.57116035596034009      -0.83595534140739491       -1.1506018935381017       -1.5147983117364348       -1.9281968687812250       -2.3904041248350514       -2.9009805336087116       -3.4594389207779841       -4.0652412957995390       -4.7177933284001945       -5.4164356641884615       -6.1604310666022197       -6.9489461734250559       -7.7810264782194167       -8.6555630167986486       -9.5712491688793548       -10.526525984503641       -11.519514531131330       -12.547933958908654       -13.609004335560936       -14.699333851755362       -15.814790790021950       -16.950361734659673       -18.099998923329409       -19.256461440541237       -20.411157146075077       -21.553994799830573       -22.673258717701025       -23.755521325051980       -24.785611922338678       -25.746662481801579       -26.620252868311049       -27.386677913610111       -28.025356575463562       -28.515398266227152       -28.836332716913677       -28.968997081315791       -28.896557451802593       -28.605622272181620       -28.087383828853614       -27.338703510537702       -26.363040094426399       -25.171111699810435       -23.781184965563636       -22.218902358367590       -20.516591507684527       -18.712047787378388       -16.846838729663762       -14.964239075044354       -13.106959073794211       -11.314866287119274       -9.6229143413104801       -8.0594762132394582       -6.6452351381985340       -5.3927191752372954       -4.3064865664556260       -3.3838915508761525       -2.6162971611899066       -1.9905624640329900       -1.4906211970058305       -1.0989854300567505      -0.79804532766987413      -0.57108486638858014      -0.40298346160580301      -0.28061653407968490      -0.19299884572909148      -0.13123119361415628       -8.8314997923960928E-002  -5.8893612618534083E-002  -3.8967717796874551E-002  -2.5618548314775079E-002  -1.6759721207235092E-002  -1.0927699390762552E-002  -7.1131280860586713E-003  -4.6303301860195116E-003  -3.0196529100244705E-003  -1.9764694697054397E-003  -1.3008295752806381E-003  -8.6251497679473666E-004  -5.7723355629154790E-004  -3.9065750681300111E-004  -2.6786371204758590E-004  -1.8642521824254650E-004  -1.3193168668411992E-004  -9.5104850060497717E-005  -6.9950337806885809E-005  -5.2577339082159583E-005  -4.0445970420575558E-005  -3.1887404135262407E-005  -2.5797529379549159E-005  -2.1440947102573815E-005  -1.8325198731534428E-005  -1.6119846558015199E-005  -1.4604367736524665E-005  -1.3634745754494652E-005  -1.3122302202646017E-005
  -1.8013688823670812E-002  -9.4893728889203138E-002 -0.23312805754313601      -0.43261273932188510      -0.69315772091565164       -1.0145116640886347       -1.3963650929534990       -1.8383517398783626       -2.3400494407933281       -2.9009805336087116       -3.5206114120749548       -4.1983507177889265       -4.9335455013616514       -5.7254745261503626       -6.5733377086043285       -7.4762404774849038       -8.4331715996387988       -9.4429727976872222       -10.504298315736410       -11.615562497959557       -12.774873444115510       -13.979950913267068       -15.228026893797066       -16.515727688504263       -17.838937030702272       -19.192640708743088       -20.570754492253300       -21.965938880550972       -23.369406377498226       -24.770729658187676       -26.157662109874281       -27.515985716298758       -28.829404934112208       -30.079508787698224       -31.245826447991096       -32.306003471223562       -33.236125917429234       -34.011216901361585       -34.605923882149959       -34.995404417416388       -35.156402741712135       -35.068489464960045       -34.715412795642116       -34.086483839025981       -33.177893653198574       -31.993839803545399       -30.547329699105738       -28.860531532326231       -26.964564700125308       -24.898661619410934       -22.708690281885691       -20.445096511338281       -18.160397966343684       -15.906427236631593       -13.731567051692259       -11.678236645695318       -9.7808690570352859       -8.0645651514596164       -6.5445287795820750       -5.2262917291657418       -4.1066431089515998       -3.1751011843351367       -2.4157182733369016       -1.8089965597276605       -1.3337129161058576      -0.96849627717612941      -0.69306029994585250      -0.48905484751263151      -0.34055211018067405      -0.23422055496823940      -0.15926023344307083      -0.10717776770594969       -7.1472408160929091E-002  -4.7290637370217367E-002  -3.1090283988635156E-002  -2.0339343895454977E-002  -1.3261689835841193E-002  -8.6323836617275655E-003  -5.6192977552716470E-003  -3.6646043222455082E-003  -2.3986128356379083E-003  -1.5786666205662493E-003  -1.0467347696795444E-003  -7.0052164351886803E-004  -4.7409584072176267E-004  -3.2507519988995948E-004  -2.2624271324471159E-004  -1.6011021509693257E-004  -1.1541774325311243E-004  -8.4890622287384120E-005  -6.3807024506306809E-005  -4.9084586837092219E-005  -3.8698046020398892E-005  -3.1307470389916414E-005  -2.6020391176979119E-005  -2.2239168386925092E-005  -1.9562788012282620E-005  -1.7723627000307281E-005  -1.6546909181996098E-005  -1.5925015839359908E-005
  -2.1481475528657371E-002 -0.11316157015713350      -0.27800716782822904      -0.51589431440799693      -0.82659634145443139       -1.2098134663645619       -1.6651765315231071       -2.1922485991565184       -2.7905260190946848       -3.4594389207779841       -4.1983507177889265       -5.0065560024794875       -5.8832760167820632       -6.8276506918782429       -7.8387260431241303       -8.9154354738638606       -10.056573279459977       -11.260758377620883       -12.526386074414525       -13.851565552845384       -15.234040766018730       -16.671092547455743       -18.159420049220607       -19.695000134453352       -21.272924147420682       -22.887212630984752       -24.530610130481261       -26.194364282522653       -27.867995991287188       -29.539070668179544       -31.192984227725450       -32.812781690450301       -34.379030631338829       -35.869775978718430       -37.260606292752982       -38.524863930786097       -39.634031559093458       -40.558324289993550       -41.267509274492454       -41.731961963272823       -41.923949925052959       -41.819111184841802       -41.398065554707763       -40.648066598319893       -39.564572216082261       -38.152588056792524       -36.427625491636299       -34.416120105592675       -32.155181771127062       -29.691595111065393       -27.080057644774929       -24.380725931545424       -21.656227172436211       -18.968371608227187       -16.374855512702975       -13.926263690695691       -11.663657415745659       -9.6169693598932469       -7.8043300247521170       -6.2323360008369137       -4.8971582592407241       -3.7862973149163377       -2.8807355624541393       -2.1572218791879285       -1.5904477219169193       -1.1549281396119346      -0.82647171616574999      -0.58319596103980775      -0.40610700588342391      -0.27930703749793995      -0.18991715150050995      -0.12780902290007301       -8.5230530295454507E-002  -5.6393871598347620E-002  -3.7075020678337976E-002  -2.4254572368225816E-002  -1.5814501962622660E-002  -1.0294075717138853E-002  -6.7009849317895623E-003  -4.3700223552289108E-003  -2.8603336566131563E-003  -1.8825518391450062E-003  -1.2482257686708079E-003  -8.3536837189980074E-004  -5.6535676543025730E-004  -3.8765042615121763E-004  -2.6979320555423520E-004  -1.9093055292541549E-004  -1.3763502003686197E-004  -1.0123159352781268E-004  -7.6089518225737058E-005  -5.8533092234959691E-005  -4.6147199781929868E-005  -3.7333979474023274E-005  -3.1029167086061692E-005  -2.6520080150296648E-005  -2.3328511641699871E-005  -2.1135322532247048E-005  -1.9732093199884947E-005  -1.8990488916339701E-005
  -2.5243255985043945E-002 -0.13297813154236204      -0.32669106104642648      -0.60623637212112347      -0.97134767025148838       -1.4216726068105425       -1.9567772558203445       -2.5761479737902127       -3.2791926496994570       -4.0652412957995390       -4.9335455013616514       -5.8832760167820632       -6.9135174983451488       -8.0232592050381051       -9.2113801956882106       -10.476627318663574       -11.817584005802379       -13.232627585554205       -14.719872564920548       -16.277097163287429       -17.901650362255186       -19.590336889009748       -21.339277906498012       -23.143745794448488       -24.997972343462266       -26.894931032652590       -28.826095905157793       -30.781181975826968       -32.747875165221700       -34.711563482930075       -36.655085550935951       -38.558517443681190       -40.399023977599427       -42.150805596157035       -43.785176255395392       -45.270810391891622       -46.574197116506021       -47.660336039696361       -48.493700381046530       -49.039478188884082       -49.265080963447552       -49.141880860881187       -48.647104176682774       -47.765772577151829       -46.492548700348152       -44.833314803103207       -42.806298477044322       -40.442564414814463       -37.785720714485464       -34.890744312201114       -31.821910612893557       -28.649909945917805       -25.448335879729875       -22.289821942523069       -19.242167293611054       -16.364814346559797       -13.706014347254420       -11.300941253815205       -9.1709002289674562       -7.3236428793670330       -5.7546696203003700       -4.4492921810728010       -3.3851628281328736       -2.5349590145221859       -1.8689405214640635       -1.3571598441465811      -0.97118952647711132      -0.68531534914309777      -0.47721753154848245      -0.32821448521484448      -0.22317215709686500      -0.15018871319455052      -0.10015460698963449       -6.6268571850986724E-002  -4.3566940478459361E-002  -2.8501600184331025E-002  -1.8583653665062101E-002  -1.2096588441659605E-002  -7.8743398046952472E-003  -5.1352209522810650E-003  -3.3611828483449445E-003  -2.2121896397288925E-003  -1.4667919674832689E-003  -9.8164255599472684E-004  -6.6435149187391701E-004  -4.5552850658902487E-004  -3.1703431898931229E-004  -2.2436270918018669E-004  -1.6173505983927786E-004  -1.1895734865946467E-004  -8.9412866504922113E-005  -6.8782290636746677E-005  -5.4227615093072329E-005  -4.3871190788495537E-005  -3.6462399450944060E-005  -3.1163767023915051E-005  -2.7413351857616167E-005  -2.4836133309149951E-005  -2.3187197245024486E-005  -2.2315737384167495E-005
  -2.9295338693739525E-002 -0.15432396672391449      -0.37913196298018575      -0.70355025899410673       -1.1272696633381423       -1.6498811935728708       -2.2708811360366146       -2.9896731861513959       -3.8055698886173039       -4.7177933284001945       -5.7254745261503626       -6.8276506918782429       -8.0232592050381051       -9.3111268966927891       -10.689952916040689       -12.158283172683666       -13.714474049144128       -15.356642767405901       -17.082601493390651       -18.889772046553034       -20.775078031654957       -22.734811377720035       -24.764470686704776       -26.858569510835714       -29.010413771052090       -31.211849095469884       -33.452980996905552       -35.721873616708535       -38.004236312854587       -40.283111697394624       -42.538583797004115       -44.747530680396643       -46.883451880038599       -48.916406753476430       -50.813104872099501       -52.537192631709736       -54.049780350535094       -55.310249782772132       -56.277371817602976       -56.910746926985944       -57.172555936926841       -57.029576067843493       -56.455378337379280       -55.432580373750469       -53.954988247516319       -52.029428499427816       -49.677054536583881       -46.933917323392997       -43.850624536957419       -40.490977463565095       -36.929568310576130       -33.248433823713107       -29.532979944147630       -25.867498440877586       -22.330670723597297       -18.991480101470394       -15.905922421621785       -13.114817221117757       -10.642889185950500       -8.4991339980777383       -6.6783297477352672       -5.1634304927992956       -3.9285014452199514       -2.9418345284463183       -2.1689159588695288       -1.5749914129089897       -1.1270706087349474      -0.79531200633792587      -0.55381334396476556      -0.38089451271162661      -0.25899234636154755      -0.17429469265741201      -0.11622986837732857       -7.6904964374544527E-002  -5.0559617132211777E-002  -3.3076222823029737E-002  -2.1566403220524635E-002  -1.4038136995211812E-002  -9.1382004083252408E-003  -5.9594422696346537E-003  -3.9006643297309403E-003  -2.5672534935799632E-003  -1.7022168428692454E-003  -1.1391992770084277E-003  -7.7098193498696926E-004  -5.2864218189235508E-004  -3.6791923982497794E-004  -2.6037355200286941E-004  -1.8769397764240801E-004  -1.3805031908930261E-004  -1.0376386344339514E-004  -7.9822022716925396E-005  -6.2931282057504764E-005  -5.0912623932987371E-005  -4.2314702083365906E-005  -3.6165625404135513E-005  -3.1813258990275354E-005  -2.8822390322450847E-005  -2.6908795864163476E-005  -2.5897464509370736E-005
