# Version 0.33
# Potential name = chengdu_MMWLY_600   
# L = 1
# S = 0
# J = 1
# Order = 2                   
# K_MAX = 1200 MeV
# For uncoupled channels, e.g., 3P0 (LSJ = 110)
# storage = D(1:N，1:N) (row, column)
# D(i,j)  = <pout(j),L|V|L,pin(i)>
# Normalization
# If V were so weak as to validate the Born approximation, the relation of V
# in 1S0 and the respective scattering length 'a' would have been
# <p|V|p> = 2/pi * a + ... for p->0, in unit of MeV^(-1)
# Momenta are in unit of MeV
# The value of pin and pout, where pin(1:N) = pout(1:N)
  0.17176393593524608       0.90482961624252312        2.2229191601248885        4.1250377775339757        6.6093628542049601        9.6734755763658313        13.314384907848989        17.528534541776253        22.311807446510670        27.659530244704911        33.566477918246392        40.026878974152282        47.034421112799578        54.582257410482157        62.663013017563799        71.268792368988898        80.391186901701303        90.021283272245228        100.14967206695951        110.76645699649430        121.86126456581133        133.42325421030273        145.44112888817568        157.90314611878756        170.79712945616615        184.11048038651882        197.83019063811543        211.94285489152242        226.43468387777534        241.29151785169273        256.49884042717133        272.04179276094351        287.90518807094219        304.07352647508543        320.53101013598518        337.26155869678109        354.24882499301907        371.47621102522203        388.92688417654699        406.58379365968250        424.42968717691679        442.44712777709788        460.61851089301558        478.92608154255839        497.35195167683804        515.87811765833158        534.48647785196329        553.15885031193807        571.87699054704501        590.62260934707410        609.37739065292590        628.12300945295499        646.84114968806193        665.51352214803671        684.12188234166842        702.64804832316190        721.07391845744155        739.38148910698442        757.55287222290212        775.57031282308321        793.41620634031756        811.07311582345301        828.52378897477797        845.75117500698093        862.73844130321891        879.46898986401482        895.92647352491463        912.09481192905787        927.95820723905649        943.50115957282867        958.70848214830721        973.56531612222466        988.05714510847758        1002.1698093618845        1015.8895196134812        1029.2028705438338        1042.0968538812124        1054.5588711118244        1066.5767457896973        1078.1387354341887        1089.2335430035057        1099.8503279330405        1109.9787167277548        1119.6088130982987        1128.7312076310111        1137.3369869824362        1145.4177425895177        1152.9655788872005        1159.9731210258478        1166.4335220817536        1172.3404697552951        1177.6881925534894        1182.4714654582237        1186.6856150921510        1190.3265244236341        1193.3906371457952        1195.8749622224659        1197.7770808398750        1199.0951703837575        1199.8282360640646     
# Matrix elements start here 
   1.2590344617416279E-010   6.6324264325043171E-010   1.6294059707567610E-009   3.0236642389565949E-009   4.8446814145022669E-009   7.0906842150819459E-009   9.7594790663182978E-009   1.2848455559898461E-008   1.6354586083312682E-008   2.0274421583624377E-008   2.4604081332509943E-008   2.9339233303183301E-008   3.4475060543871268E-008   4.0006207620324378E-008   4.5926699811711083E-008   5.2229826329856562E-008   5.8907977463706608E-008   6.5952424322372928E-008   7.3353028877071215E-008   8.1097871427242609E-008   8.9172782613580903E-008   9.7560767882627466E-008   1.0624131412915750E-007   1.1518957140509881E-007   1.2437540743328726E-007   1.3376233958221113E-007   1.4330635833820072E-007   1.5295466852131841E-007   1.6264438980691227E-007   1.7230127663004139E-007   1.8183853905186842E-007   1.9115586998180359E-007   2.0013880896530356E-007   2.0865859643600410E-007   2.1657269179657263E-007   2.2372613980354826E-007   2.2995396739846951E-007   2.3508477160971028E-007   2.3894561266342651E-007   2.4136825013178991E-007   2.4219665121254435E-007   2.4129556032902080E-007   2.3855975491282856E-007   2.3392343704700254E-007   2.2736904548457345E-007   2.1893464473190238E-007   2.0871898842257700E-007   1.9688339307419786E-007   1.8364971793059940E-007   1.6929403454144418E-007   1.5413597239558265E-007   1.3852420597838151E-007   1.2281904245735182E-007   1.0737350044110735E-007   9.2514559103829080E-008   7.8526338181147637E-008   6.5636808983559358E-008   5.4009243745129688E-008   4.3739040069954464E-008   3.4855900761310989E-008   2.7330717250147283E-008   2.1086001982853871E-008   1.6008417668365906E-008   1.1961891121141631E-008   8.7999601482809193E-009   6.3763269198980326E-009   4.5530008984718001E-009   3.2058265189969245E-009   2.2275386052119231E-009   1.5287315005570330E-009   1.0372544127011199E-009   6.9656786364395733E-010   4.6354172526341780E-010   3.0607653093890856E-010   2.0081612676030920E-010   1.3111315678780261E-010   8.5322157903205019E-011   5.5432859292579694E-011   3.6017523766869175E-011   2.3446472854125171E-011   1.5319839401217858E-011   1.0065948748454718E-011   6.6634525569032791E-012   4.4525849631058311E-012   3.0089561092019634E-012   2.0602741329252890E-012   1.4319931630091750E-012   1.0121514222217331E-012   7.2877793502120049E-013   5.3544602677687810E-013   4.0206472921727934E-013   3.0901758507572588E-013   2.4343194218309794E-013   1.9680114823438219E-013   1.6346542309321047E-013   1.3963842421916594E-013   1.2278175149438675E-013   1.1120264395744579E-013   1.0379630313807533E-013   9.9882776943559676E-014
   6.6324264325043171E-010   3.4938742122857908E-009   8.5834943824954937E-009   1.5928261879132891E-008   2.5521138655854519E-008   3.7352783296809831E-008   5.1411640343332704E-008   6.7683958510911089E-008   8.6153788738699382E-008   1.0680296187362130E-007   1.2961103475395805E-007   1.5455518683759164E-007   1.8161004306193602E-007   2.1074739171019315E-007   2.4193575874604865E-007   2.7513979262812199E-007   3.1031940640861844E-007   3.4742861744892634E-007   3.8641401995903299E-007   4.2721282253849891E-007   4.6975038288320167E-007   5.1393717594121245E-007   5.5966514139691624E-007   6.0680337302220890E-007   6.5519313798045342E-007   7.0464225061119552E-007   7.5491887463781595E-007   8.0574489205992078E-007   8.5678905767336430E-007   9.0766025569667003E-007   9.5790128825169201E-007   1.0069837508989880E-006   1.0543046811563881E-006   1.0991857907185735E-006   1.1408761946382452E-006   1.1785596092600971E-006   1.2113669784090697E-006   1.2383953739809945E-006   1.2587337722015985E-006   1.2714959048276761E-006   1.2758598117672129E-006   1.2711129845948235E-006   1.2567011247864420E-006   1.2322776176488692E-006   1.1977499528639801E-006   1.1533186491989740E-006   1.0995039276879963E-006   1.0371555823341869E-006   9.6744233818663322E-007   8.9181850352591405E-007   8.1196784407479412E-007   7.2972713074253516E-007   6.4699441386392794E-007   5.6562934861290349E-007   4.8735441787902233E-007   4.1366632671830441E-007   3.4576599773575727E-007   2.8451352738927404E-007   2.3041145759508488E-007   1.8361625877839374E-007   1.4397459086102245E-007   1.1107825969549827E-007   8.4330219475777707E-008   6.3013654721453881E-008   4.6357022040291322E-008   3.3589643882598637E-008   2.3984604412231903E-008   1.6887868591941587E-008   1.1734377710515114E-008   8.0531546360302643E-009   5.4641185710788135E-009   3.6694270500542677E-009   2.4418762826816557E-009   1.6123705393737153E-009   1.0578727013999215E-009   6.9068670727692840E-010   4.4946580300329651E-010   2.9201294513640254E-010   1.8973553458916984E-010   1.2351290693948235E-010   8.0702880559602805E-011   5.3026081951031835E-011   3.5102183628086589E-011   2.3455626592955521E-011   1.5850781403799132E-011   1.0853250671563267E-011   7.5435499139312333E-012   5.3318793491594416E-012   3.8391054308189704E-012   2.8206585991791232E-012   2.1180236273672483E-012   1.6278636221996386E-012   1.2823671606396180E-012   1.0367223274344151E-012   8.6111415204963504E-013   7.3559668454452903E-013   6.4679797002066622E-013   5.8580076841382300E-013   5.4678514802279929E-013   5.2616921147337538E-013
   1.6294059707567610E-009   8.5834943824954937E-009   2.1087300611812962E-008   3.9131387696126625E-008   6.2698465078426571E-008   9.1765583452124825E-008   1.2630435421233139E-007   1.6628099420997175E-007   2.1165632095997171E-007   2.6238569781719464E-007   3.1841890151854896E-007   3.7969986822682276E-007   4.4616625834593202E-007   5.1774876339539265E-007   5.9437006026696297E-007   6.7594329988182218E-007   7.6236999956134484E-007   8.5353719252532198E-007   9.4931367533862293E-007   1.0495451866855299E-006   1.1540483508177457E-006   1.2626032291417117E-006   1.3749443469849878E-006   1.4907501035098521E-006   1.6096305355038920E-006   1.7311134953061787E-006   1.8546294245247651E-006   1.9794950632169593E-006   2.1048966324152740E-006   2.2298732675008825E-006   2.3533017581976537E-006   2.4738839591626059E-006   2.5901385563116883E-006   2.7003991805930514E-006   2.8028211128395338E-006   2.8953989671259085E-006   2.9759977098638245E-006   3.0423990933892204E-006   3.0923649811883985E-006   3.1237180543240607E-006   3.1344389814168370E-006   3.1227773239291092E-006   3.0873713218264677E-006   3.0273694375058981E-006   2.9425443983903967E-006   2.8333888243074860E-006   2.7011807562091118E-006   2.5480079057898080E-006   2.3767415111892475E-006   2.1909544105230270E-006   1.9947831561524115E-006   1.7927401923795285E-006   1.5894885103129543E-006   1.3895967746409261E-006   1.1972966552256549E-006   1.0162651474768294E-006   8.4945259013235911E-007   6.9897200520338922E-007   5.6605800087923563E-007   4.5109498224553216E-007   3.5370623462404925E-007   2.7288893651666925E-007   2.0717630949609612E-007   1.5480733376724878E-007   1.1388653800782924E-007   8.2520578034114404E-008   5.8923620236482993E-008   4.1488879216523862E-008   2.8828160099785537E-008   1.9784400748219922E-008   1.3423846484003845E-008   9.0147797423170341E-009   5.9990228845229283E-009   3.9611539014626225E-009   2.5989042072356105E-009   1.6968285381107724E-009   1.1042146799780233E-009   7.1739602570135321E-010   4.6612837107276619E-010   3.0343746754040682E-010   1.9826492879987334E-010   1.3027059616283538E-010   8.6236474949648552E-011   5.7624066255902428E-011   3.8941039336577279E-011   2.6663471696719016E-011   1.8532441174504061E-011   1.3098970844663670E-011   9.4316331662334931E-012   6.9295875495048314E-012   5.2034053898023939E-012   3.9992161731197464E-012   3.1504257597315294E-012   2.5469435168701107E-012   2.1155222076440394E-012   1.8071600824574296E-012   1.5890059014602427E-012   1.4391524420829093E-012   1.3433017221919823E-012   1.2926539985448031E-012
   3.0236642389565949E-009   1.5928261879132891E-008   3.9131387696126625E-008   7.2615529659911317E-008   1.1634860194298861E-007   1.7028801786107951E-007   2.3438109710556830E-007   3.0856514879304772E-007   3.9276746257321895E-007   4.8690520689270103E-007   5.9088518319490341E-007   7.0460335465737802E-007   8.2794403862599602E-007   9.6077862039229455E-007   1.1029636126232017E-006   1.2543378507848140E-006   1.4147185820464308E-006   1.5838961756471260E-006   1.7616271593387589E-006   1.9476252727097678E-006   2.1415502281324106E-006   2.3429938888549837E-006   2.5514636175066850E-006   2.7663626242329945E-006   2.9869672601452735E-006   3.2124013679055243E-006   3.4416080265421552E-006   3.6733193208199798E-006   3.9060251333056679E-006   4.1379424019271747E-006   4.3669868022093722E-006   4.5907493852954458E-006   4.8064812988410480E-006   5.0110902867716291E-006   5.2011531313767033E-006   5.3729484680508651E-006   5.5225143469633587E-006   5.6457343991703188E-006   5.7384553482876994E-006   5.7966367761964609E-006   5.8165314399209564E-006   5.7948910769018940E-006   5.7291886894530136E-006   5.6178440920069542E-006   5.4604355382488526E-006   5.2578771754094303E-006   5.0125406449283645E-006   4.7283000821073066E-006   4.4104836005289096E-006   4.0657212623358216E-006   3.7016892057476148E-006   3.3267611060247831E-006   2.9495900058802012E-006   2.5786539079022584E-006   2.2218054584314436E-006   1.8858680027399724E-006   1.5763164402051215E-006   1.2970718741037246E-006   1.0504253483488122E-006   8.3709019769646354E-007   6.5636735836435868E-007   5.0639590952838393E-007   3.8445397244457725E-007   2.8727364907276622E-007   2.1133754168883542E-007   1.5313219986784148E-007   1.0934367894587112E-007   7.6990291341039724E-008   5.3495984630615499E-008   3.6713615946672417E-008   2.4910430728368066E-008   1.6728591657396954E-008   1.1132296855515825E-008   7.3506539265308078E-009   4.8227475858840100E-009   3.1487792866891677E-009   2.0490746320450717E-009   1.3312610528089126E-009   8.6498743202789723E-010   5.6308436069825052E-010   3.6791725684730832E-010   2.4174119284844784E-010   1.6002773408141252E-010   1.0693211610137652E-010   7.2262303061971463E-011   4.9479004804651005E-011   3.4390373329667830E-011   2.4307563873569014E-011   1.7502140308502899E-011   1.2859131757339363E-011   9.6558813950045556E-012   7.4212855135807038E-012   5.8461978648351945E-012   4.7263249115417238E-012   3.9257428540052217E-012   3.3535198799219956E-012   2.9486944358654036E-012   2.6706136172510400E-012   2.4927448729270964E-012   2.3987586512456983E-012
   4.8446814145022669E-009   2.5521138655854519E-008   6.2698465078426571E-008   1.1634860194298861E-007   1.8642013956914441E-007   2.7284484322528143E-007   3.7553830561882642E-007   4.9440007996280187E-007   6.2931366572841347E-007   7.8014634563772140E-007   9.4674879182913465E-007   1.1289543107744350E-006   1.3265775493523275E-006   1.5394124339916489E-006   1.7672290613827673E-006   2.0097692048310599E-006   2.2667400476834928E-006   2.5378057079865479E-006   2.8225760810915963E-006   3.1205925047974118E-006   3.4313097515206999E-006   3.7540738820740066E-006   4.0880955657228983E-006   4.4324185928858667E-006   4.7858834934483933E-006   5.1470864398568440E-006   5.5143339751057444E-006   5.8855945755570092E-006   6.2584486478679954E-006   6.6300392717596427E-006   6.9970268277344065E-006   7.3555515652271538E-006   7.7012091215800545E-006   8.0290449137609569E-006   8.3335740737722531E-006   8.6088340262366433E-006   8.8484767168751687E-006   9.0459066725990434E-006   9.1944692851856138E-006   9.2876907741416949E-006   9.3195671003395698E-006   9.2848937185629916E-006   9.1796217339090799E-006   9.0012192860108625E-006   8.7490106296890511E-006   8.4244604619962243E-006   8.0313687574985593E-006   7.5759428691988589E-006   7.0667197942000667E-006   6.5143225833110787E-006   5.9310503680585980E-006   5.3303199122429543E-006   4.7259955975867780E-006   4.1316613468824524E-006   3.5598991026916802E-006   3.0216416047013379E-006   2.5256610383008057E-006   2.0782400111701505E-006   1.6830493600783085E-006   1.3412320292684135E-006   1.0516679402376613E-006   8.1137542312526280E-007   6.1599333386187770E-007   4.6028566618208292E-007   3.3861665168213710E-007   2.4535684653848506E-007   1.7519646604848088E-007   1.2335808611003790E-007   8.5714213619127431E-008   5.8824577988657848E-008   3.9912864405413041E-008   2.6803471116011085E-008   1.7836779289770139E-008   1.1777622661764442E-008   7.7272718627748915E-009   5.0451476364508169E-009   3.2831402570751314E-009   2.1330197967416029E-009   1.3859305149468840E-009   9.0220478250358459E-010   5.8949729713967639E-010   3.8733105647888508E-010   2.5640525132402389E-010   1.7133252720828091E-010   1.1578264282884502E-010   7.9277987250290679E-011   5.5102150682421610E-011   3.8946917919280546E-011   2.8042893378887514E-011   2.0603609299197798E-011   1.5471185104586692E-011   1.1890792481564095E-011   9.3671002806328783E-012   7.5727781421083647E-012   6.2900414662036747E-012   5.3731942938969844E-012   4.7245606659729539E-012   4.2790042591757811E-012   3.9940131583965412E-012   3.8434232564052125E-012
   7.0906842150819459E-009   3.7352783296809831E-008   9.1765583452124825E-008   1.7028801786107951E-007   2.7284484322528143E-007   3.9933619107186924E-007   5.4963852273939568E-007   7.2360482413427248E-007   9.2106458487823237E-007   1.1418235597305172E-006   1.3856631921710043E-006   1.6523395092594395E-006   1.9415812278424153E-006   2.2530867382797547E-006   2.5865195536842682E-006   2.9415017330128139E-006   3.3176047092984591E-006   3.7143368851249484E-006   4.1311273026443654E-006   4.5673046630545751E-006   5.0220709703084217E-006   5.4944691178642423E-006   5.9833438398747541E-006   6.4872956263194218E-006   7.0046274747051026E-006   7.5332847405622067E-006   8.0707888772474574E-006   8.6141665432011821E-006   9.1598764173634954E-006   9.7037371062033723E-006   1.0240860736767036E-005   1.0765598171357954E-005   1.1271503177065563E-005   1.1751324217474436E-005   1.2197033630163670E-005   1.2599904579353626E-005   1.2950646041668119E-005   1.3239604871126964E-005   1.3457041371464345E-005   1.3593480506196433E-005   1.3640134753125755E-005   1.3589386730745844E-005   1.3435310469375717E-005   1.3174200333741786E-005   1.2805067302014495E-005   1.2330055107368844E-005   1.1754725399244454E-005   1.1088163270382955E-005   1.0342863484716784E-005   9.5343739580410120E-006   8.6806957208288847E-006   7.8014655721094805E-006   6.9169754452880045E-006   6.0471067935874720E-006   5.2102745702079574E-006   4.4224799521294983E-006   3.6965619252730362E-006   3.0417157252578337E-006   2.4633139952169796E-006   1.9630295503492723E-006   1.5392230417935641E-006   1.1875304923122192E-006   9.0156892379658377E-007   6.7367490829344529E-007   4.9559992528282855E-007   3.5910471091141043E-007   2.5641785497586328E-007   1.8054711118151610E-007   1.2545147338233185E-007   8.6095755513344824E-008   5.8416538344708500E-008   3.9229607334506346E-008   2.6105941451439580E-008   1.7237749183873692E-008   1.1309648650788304E-008   7.3840869291123600E-009   4.8052098383716825E-009   3.1218915154954250E-009   2.0284503323824646E-009   1.3204685019988781E-009   8.6278927798005004E-010   5.6689841358082592E-010   3.7527517553270616E-010   2.5076258731260034E-010   1.6945967910901502E-010   1.1603140118076415E-010   8.0647604379380055E-011   5.7002777373485395E-011   4.1043627932205868E-011   3.0155478705826660E-011   2.2643653653121459E-011   1.7403384730614725E-011   1.3709704399168849E-011   1.1083531370262880E-011   9.2061157216884865E-012   7.8642165922933152E-012   6.9148752768613585E-012   6.2627581384365066E-012   5.8456446635060192E-012   5.6252410188402818E-012
   9.7594790663182978E-009   5.1411640343332704E-008   1.2630435421233139E-007   2.3438109710556830E-007   3.7553830561882642E-007   5.4963852273939568E-007   7.5651171226996370E-007   9.9595552688757713E-007   1.2677352794426168E-006   1.5715836145849626E-006   1.9071997153950850E-006   2.2742477822899047E-006   2.6723544264431241E-006   3.1011045182452143E-006   3.5600349237260220E-006   4.0486254522259512E-006   4.5662862325540941E-006   5.1123406396419136E-006   5.6860028182749521E-006   6.2863488059119463E-006   6.9122802564016658E-006   7.5624798270202947E-006   8.2353574324515801E-006   8.9289868144764029E-006   9.6410322520550184E-006   1.0368665772726456E-005   1.1108475953369028E-005   1.1856370344815844E-005   1.2607474742025098E-005   1.3356033956724929E-005   1.4095320416184103E-005   1.4817558757769089E-005   1.5513876512584233E-005   1.6174292807740790E-005   1.6787758525696373E-005   1.7342262220372854E-005   1.7825015908919201E-005   1.8222733190015024E-005   1.8522008536219630E-005   1.8709800692639754E-005   1.8774014685598729E-005   1.8704166100180081E-005   1.8492098547621478E-005   1.8132711664011205E-005   1.7624644179047414E-005   1.6970846685142721E-005   1.6178974127805021E-005   1.5261531050987759E-005   1.4235715003381351E-005   1.3122925832183070E-005   1.1947939803652541E-005   1.0737784623895491E-005   9.5203897131591302E-006   8.3231195147965085E-006   7.1713200102125094E-006   6.0870149064340171E-006   5.0878755325637570E-006   4.1865580310576488E-006   3.3904572028400762E-006   2.7018754780319244E-006   2.1185564889248791E-006   1.6344937426044755E-006   1.2409018328471974E-006   9.2723296730790827E-007   6.8213404367645738E-007   4.9426470033762324E-007   3.5292852028924540E-007   2.4850151249330253E-007   1.7266895424696398E-007   1.1850051393406140E-007   8.0403380803410152E-008   5.3994864239850645E-008   3.5931707205340708E-008   2.3725700822020948E-008   1.5566379196525508E-008   1.0163312823220106E-008   6.6137968360100187E-009   4.2969104205752847E-009   2.7919193628515435E-009   1.8174670189908877E-009   1.1875262868398484E-009   7.8026788843637443E-010   5.1652141156282600E-010   3.4514472048941092E-010   2.3324098784877809E-010   1.5970335111675264E-010   1.1100178527414269E-010   7.8457507854494642E-011   5.6491646709934821E-011   4.1505411077021386E-011   3.1166281998929305E-011   2.3953678348874958E-011   1.8869768985693563E-011   1.5255155794258254E-011   1.2671117616099386E-011   1.0824153900723754E-011   9.5174990824140873E-012   8.6199378079029640E-012   8.0458309793680359E-012   7.7424717137445340E-012
   1.2848455559898461E-008   6.7683958510911089E-008   1.6628099420997175E-007   3.0856514879304772E-007   4.9440007996280187E-007   7.2360482413427248E-007   9.9595552688757713E-007   1.3111857958703207E-006   1.6689866630123968E-006   2.0690061522184243E-006   2.5108482348893372E-006   2.9940708273861534E-006   3.5181823594407609E-006   4.0826363086103741E-006   4.6868229542128405E-006   5.3300574598417186E-006   6.0115632539473460E-006   6.7304495525990701E-006   7.4856817692445930E-006   8.2760434976013847E-006   9.1000887535531291E-006   9.9560832417210325E-006   1.0841933598270464E-005   1.1755103884248421E-005   1.2692519098645573E-005   1.3650456186343664E-005   1.4624423973369453E-005   1.5609034707887557E-005   1.6597871448333377E-005   1.7583357429569419E-005   1.8556635732217510E-005   1.9507470010610006E-005   2.0424179567289829E-005   2.1293624479430295E-005   2.2101258469022631E-005   2.2831268342545306E-005   2.3466818587749606E-005   2.3990417519294941E-005   2.4384416621066024E-005   2.4631646945539856E-005   2.4716185334243858E-005   2.4624228946041697E-005   2.4345039810409535E-005   2.3871903245281472E-005   2.3203027124166009E-005   2.2342295932621328E-005   2.1299787485918468E-005   2.0091964146053476E-005   1.8741466664503592E-005   1.7276468162378515E-005   1.5729586851553461E-005   1.4136404987846162E-005   1.2533691943107455E-005   1.0957473291238763E-005   9.4411172800215198E-006   8.0136183485109640E-006   6.6982409850181718E-006   5.5116471325423350E-006   4.4635721233082062E-006   3.5570471304846579E-006   2.7891016225474076E-006   2.1518279891867332E-006   1.6336601518577169E-006   1.2207118323808999E-006   8.9803655364333884E-007   6.5070461178930370E-007   4.6463406273463460E-007   3.2715482231596551E-007   2.2732047173222585E-007   1.5600715742723422E-007   1.0585188595603217E-007   7.1084799601930441E-008   4.7304465748832696E-008   3.1235131564678975E-008   2.0493299896029819E-008   1.3380106895372552E-008   8.7071322303403138E-009   5.6569271995429560E-009   3.6755908401113527E-009   2.3927142080437684E-009   1.5633906911415654E-009   1.0272307795596832E-009   6.8000580329176950E-010   4.5438660944991219E-010   3.0706418311447395E-010   2.1025112054106137E-010   1.4613500325916857E-010   1.0329012400752460E-010   7.4371839657205769E-011   5.4642304788466793E-011   4.1030733967399032E-011   3.1535266346723652E-011   2.4842246864892904E-011   2.0083571054350972E-011   1.6681657953093610E-011   1.4250111037885055E-011   1.2529886397707383E-011   1.1348237657085365E-011   1.0592420054225547E-011   1.0193044430120915E-011
   1.6354586083312682E-008   8.6153788738699382E-008   2.1165632095997171E-007   3.9276746257321895E-007   6.2931366572841347E-007   9.2106458487823237E-007   1.2677352794426168E-006   1.6689866630123968E-006   2.1244254552531397E-006   2.6336036316280159E-006   3.1960170938985517E-006   3.8111031211294516E-006   4.4782360016755784E-006   5.1967200761796440E-006   5.9657792412931472E-006   6.7845417801073999E-006   7.6520192075706678E-006   8.5670776595848475E-006   9.5284002280786645E-006   1.0534438569660407E-005   1.1583352115119616E-005   1.2672933308619406E-005   1.3800517542037997E-005   1.4962876860722348E-005   1.6156097146864384E-005   1.7375439385324063E-005   1.8615186835204538E-005   1.9868481516511543E-005   2.1127155410706130E-005   2.2381564179050738E-005   2.3620433995696962E-005   2.4830735185940373E-005   2.5997599583627877E-005   2.7104301598824152E-005   2.8132325515396855E-005   2.9061542981460082E-005   2.9870524352567876E-005   3.0537004752423528E-005   3.1038519677437134E-005   3.1353215058929706E-005   3.1460822572452142E-005   3.1343772810342468E-005   3.0988397587932631E-005   3.0386149897735456E-005   2.9534748571649409E-005   2.8439138106945364E-005   2.7112146387613979E-005   2.5574728081330610E-005   2.3855702225317216E-005   2.1990929918386494E-005   2.0021930341696843E-005   1.7993995558803797E-005   1.5953928693581711E-005   1.3947586101825620E-005   1.2017441672965022E-005   1.0200401947809852E-005   8.5260799078577043E-006   7.0156842641341913E-006   5.6816069596380109E-006   4.5277063244456922E-006   3.5502012182247940E-006   2.7390261749027027E-006   2.0794589248395111E-006   1.5538238547442633E-006   1.1430958416793181E-006   8.2827111310807474E-007   5.9142499585319395E-007   4.1642994982500538E-007   2.8935245999895996E-007   1.9857892443664113E-007   1.3473711084405277E-007   9.0482662985059185E-008   6.0213070248617074E-008   3.9758681159510273E-008   2.6085581704219336E-008   1.7031316254638261E-008   1.1083164271069199E-008   7.2006088529981679E-009   4.6785986472378598E-009   3.0456462495268545E-009   1.9900140932056513E-009   1.3075450300946546E-009   8.6556811402282871E-010   5.7838118244710735E-010   3.9085690824364272E-010   2.6762516583969260E-010   1.8601282305451999E-010   1.3147628652812622E-010   9.4666681779589071E-011   6.9553283917078934E-011   5.2227341068581603E-011   4.0140717748006306E-011   3.1621284204994860E-011   2.5564044654041327E-011   2.1233805863621108E-011   1.8138730104904346E-011   1.5949084677929453E-011   1.4444983585105720E-011   1.3482915888204130E-011   1.2974557277042937E-011
   2.0274421583624377E-008   1.0680296187362130E-007   2.6238569781719464E-007   4.8690520689270103E-007   7.8014634563772140E-007   1.1418235597305172E-006   1.5715836145849626E-006   2.0690061522184243E-006   2.6336036316280159E-006   3.2648206466241106E-006   3.9620322776792836E-006   4.7245409319949153E-006   5.5515709285712779E-006   6.4422598737643817E-006   7.3956456492791048E-006   8.4106476067873075E-006   9.4860403430555567E-006   1.0620418231635928E-005   1.1812148730482553E-005   1.3059312392259987E-005   1.4359627503696100E-005   1.5710357406248840E-005   1.7108198843685315E-005   1.8549150191436427E-005   2.0028359203522679E-005   2.1539951026838594E-005   2.3076838743107158E-005   2.4630520664978545E-005   2.6190871079058509E-005   2.7745934110189785E-005   2.9281733843791201E-005   3.0782117677974242E-005   3.2228653873333967E-005   3.3600608082950452E-005   3.4875026779728744E-005   3.6026957287407916E-005   3.7029833745887848E-005   3.7856054876466223E-005   3.8477771926864725E-005   3.8867892887572506E-005   3.9001291561412710E-005   3.8856187539141194E-005   3.8415636672075050E-005   3.7669043422535093E-005   3.6613579876469674E-005   3.5255375618674037E-005   3.3610333095515693E-005   3.1704429348812173E-005   2.9573390706780893E-005   2.7261673386905853E-005   2.4820747807229066E-005   2.2306761545331485E-005   1.9777735407121962E-005   1.7290516510891405E-005   1.4897758805581310E-005   1.2645214520184946E-005   1.0569594218220817E-005   8.6971898734746327E-006   7.0433635058297359E-006   5.6128982024386776E-006   4.4011065665812844E-006   3.3955106607816539E-006   2.5778596103415971E-006   1.9262413452286225E-006   1.4170708379065331E-006   1.0267895284629249E-006   7.3317659278798239E-007   5.1623907323550956E-007   3.5870389690042551E-007   2.4617393623670677E-007   1.6703064047577137E-007   1.1216937231079794E-007   7.4644822244108947E-008   4.9287964814915032E-008   3.2337723378095870E-008   2.1113349131036457E-008   1.3739555606454408E-008   8.9264368294481562E-009   5.7999561047565018E-009   3.7756208407192148E-009   2.4669768147891306E-009   1.6209348891294112E-009   1.0730258022822973E-009   7.1700646346120238E-010   4.8453673460370997E-010   3.3176904698050682E-010   2.3059601602607882E-010   1.6298826810667239E-010   1.1735620862215292E-010   8.6223680225036197E-011   6.4745088969055882E-011   4.9761567192626109E-011   3.9200212327098567E-011   3.1691185338372694E-011   2.6323083305859468E-011   2.2486185786972836E-011   1.9771730387184973E-011   1.7907129259100526E-011   1.6714475040913275E-011   1.6084274022933146E-011
   2.4604081332509943E-008   1.2961103475395805E-007   3.1841890151854896E-007   5.9088518319490341E-007   9.4674879182913465E-007   1.3856631921710043E-006   1.9071997153950850E-006   2.5108482348893372E-006   3.1960170938985517E-006   3.9620322776792836E-006   4.8081354133815047E-006   5.7334799353025458E-006   6.7371245135836613E-006   7.8180225879927965E-006   8.9750065771670502E-006   1.0206765057288595E-005   1.1511810936817180E-005   1.2888438413823751E-005   1.4334666312317184E-005   1.5848165281585312E-005   1.7426166342069647E-005   1.9065348414099930E-005   2.0761702821784661E-005   2.2510373382373854E-005   2.4305471639112664E-005   2.6139868147492525E-005   2.8004962557907138E-005   2.9890437623763010E-005   3.1784005257093039E-005   3.3671156371975484E-005   3.5534930457964544E-005   3.7355725479610886E-005   3.9111173547722341E-005   4.0776112437280973E-005   4.2322686830926340E-005   4.3720615338205176E-005   4.4937658884879260E-005   4.5940321861553669E-005   4.6694808336579330E-005   4.7168240725620894E-005   4.7330127061429563E-005   4.7154035667112001E-005   4.6619403923380368E-005   4.5713373585685269E-005   4.4432512830976108E-005   4.2784260234119968E-005   4.0787914253630112E-005   3.8474999401661943E-005   3.5888871464300285E-005   3.3083480409301338E-005   3.0121288307235184E-005   2.7070433208784427E-005   2.4001326426137212E-005   2.0982954939572096E-005   1.8079217096910779E-005   1.5345635644321436E-005   1.2826760789406588E-005   1.0554499230897327E-005   8.5474935912271709E-006   6.8115483992620244E-006   5.3409752515293095E-006   4.1206315119122456E-006   3.1283687800921540E-006   2.3375956018556882E-006   1.7196903007058582E-006   1.2460633200049650E-006   8.8974851616078766E-007   6.2648337919366785E-007   4.3530612290092310E-007   2.9874507265865411E-007   2.0270050350568071E-007   1.3612345723246501E-007   9.0585433965139366E-008   5.9813548318416239E-008   3.9243535151972743E-008   2.5622164217068348E-008   1.6673676347284240E-008   1.0832702519052236E-008   7.0385530427007143E-009   4.5819152897958342E-009   2.9938066517031229E-009   1.9670900934138268E-009   1.3021734801331772E-009   8.7012521023946583E-010   5.8801091698751572E-010   4.0261926002914179E-010   2.7984044377576551E-010   1.9779487114840871E-010   1.4241795702554764E-010   1.0463698963222771E-010   7.8571584807228257E-011   6.0388289815845006E-011   4.7571527916071586E-011   3.8458927095545684E-011   3.1944451776760470E-011   2.7288174001840279E-011   2.3994039017304164E-011   2.1731247074320486E-011   2.0283898193623411E-011   1.9519115975878755E-011
   2.9339233303183301E-008   1.5455518683759164E-007   3.7969986822682276E-007   7.0460335465737802E-007   1.1289543107744350E-006   1.6523395092594395E-006   2.2742477822899047E-006   2.9940708273861534E-006   3.8111031211294516E-006   4.7245409319949153E-006   5.7334799353025458E-006   6.8369106404592369E-006   8.0337105549822294E-006   9.3226317040173067E-006   1.0702281800588024E-005   1.2171097032218292E-005   1.3727304110767289E-005   1.5368868946033101E-005   1.7093429076933252E-005   1.8898206860073312E-005   2.0779900414916464E-005   2.2734549506981784E-005   2.4757373974977010E-005   2.6842583044731816E-005   2.8983155002889335E-005   3.1170588315377542E-005   3.3394627461570500E-005   3.5642969600294743E-005   3.7900961752849485E-005   4.0151302502810340E-005   4.2373767222962620E-005   4.4544981389238794E-005   4.6638272324425688E-005   4.8623635234592946E-005   5.0467853937281709E-005   5.2134819269656543E-005   5.3586087621172835E-005   5.4781717021009233E-005   5.5681407377894274E-005   5.6245953687413276E-005   5.6438995683604865E-005   5.6229014809669949E-005   5.5591491089574622E-005   5.4511091659164891E-005   5.2983724227581528E-005   5.1018258952605261E-005   4.8637708356795274E-005   4.5879663968337341E-005   4.2795825564426743E-005   3.9450525995752254E-005   3.5918248403394775E-005   3.2280244273186438E-005   2.8620475850559318E-005   2.5021206930772501E-005   2.1558633349349873E-005   1.8298963422767338E-005   1.5295321220844508E-005   1.2585754011648602E-005   1.0192492263432762E-005   8.1224576094134711E-006   6.3688668905550676E-006   4.9136632110177349E-006   3.7304356239565184E-006   2.7874750454803020E-006   2.0506514451715818E-006   1.4858730940650562E-006   1.0609841084499257E-006   7.4705256312264941E-007   5.1908249389580061E-007   3.5623973382527283E-007   2.4171101056993678E-007   1.6232095056937332E-007   1.0801895608521013E-007   7.1324900332144230E-008   4.6796107438649474E-008   3.0553250232666063E-008   1.9882590768725845E-008   1.2917498613959941E-008   8.3931501869881241E-009   5.4637228615041743E-009   3.5699764860913619E-009   2.3456642984995933E-009   1.5527818746219370E-009   1.0375842203246701E-009   7.0117592464305016E-010   4.8010491603853663E-010   3.3369683495376351E-010   2.3586127002142586E-010   1.6982685154004156E-010   1.2477478876263850E-010   9.3692994528276415E-011   7.2010253085380396E-011   5.6726855079703248E-011   4.5860498483859655E-011   3.8092286834635315E-011   3.2539890136031383E-011   2.8611785951308952E-011   2.5913510822294448E-011   2.4187613971768066E-011   2.3275646416089067E-011
   3.4475060543871268E-008   1.8161004306193602E-007   4.4616625834593202E-007   8.2794403862599602E-007   1.3265775493523275E-006   1.9415812278424153E-006   2.6723544264431241E-006   3.5181823594407609E-006   4.4782360016755784E-006   5.5515709285712779E-006   6.7371245135836613E-006   8.0337105549822294E-006   9.4400100681874161E-006   1.0954556620582814E-005   1.2575714205620069E-005   1.4301645265744927E-005   1.6130266099062909E-005   1.8059186548266964E-005   2.0085630603908953E-005   2.2206334396643595E-005   2.4417418052370597E-005   2.6714228098312169E-005   2.9091147606845918E-005   3.1541372129878251E-005   3.4056650804457194E-005   3.6626993904579371E-005   3.9240350682672920E-005   4.1882264687543825E-005   4.4535517939341142E-005   4.7179780411967651E-005   4.9791287161039852E-005   5.2342571956473165E-005   5.4802293073952918E-005   5.7135193386046151E-005   5.9302242223836904E-005   6.1261009522364825E-005   6.2966322124330472E-005   6.4371246224474550E-005   6.5428427208170652E-005   6.6091797242396287E-005   6.6318631203510491E-005   6.6071893217307720E-005   6.5322771090586831E-005   6.4053247944223697E-005   6.2258515132618147E-005   5.9948995532992763E-005   5.7151730005628309E-005   5.3910890468609619E-005   5.0287226735351890E-005   4.6356333109889405E-005   4.2205730993062068E-005   3.7930894927929510E-005   3.3630484735106622E-005   2.9401164471653743E-005   2.5332468039692029E-005   2.1502193508974271E-005   1.7972764307694452E-005   1.4788887870998951E-005   1.1976686106404098E-005   9.5442922777117991E-006   7.4837358351801246E-006   5.7737990267676670E-006   4.3834476743794557E-006   3.2754220249864896E-006   2.4096175928018154E-006   1.7459748981526447E-006   1.2467091759663613E-006   8.7782397300454149E-007   6.0994778627632935E-007   4.1859943185449012E-007   2.8402247725453510E-007   1.9073520226619939E-007   1.2692765391791417E-007   8.3810310645352239E-008   5.4987757195069611E-008   3.5901590907248593E-008   2.3363034522325689E-008   1.5178704303200868E-008   9.8623695397938506E-009   6.4201465150370137E-009   4.1949001947792207E-009   2.7562723903080604E-009   1.8245960480913116E-009   1.2192131418504852E-009   8.2391663763590303E-010   5.6414719078712073E-010   3.9211040279914205E-010   2.7714874072938950E-010   1.9955500978216538E-010   1.4661659193643559E-010   1.1009393549995969E-010   8.4615634268419257E-011   6.6656880332451980E-011   5.3888370069699024E-011   4.4760334440507553E-011   3.8235991749957694E-011   3.3620273670636015E-011   3.0449665990621959E-011   2.8421651222836040E-011   2.7350043919019119E-011
   4.0006207620324378E-008   2.1074739171019315E-007   5.1774876339539265E-007   9.6077862039229455E-007   1.5394124339916489E-006   2.2530867382797547E-006   3.1011045182452143E-006   4.0826363086103741E-006   5.1967200761796440E-006   6.4422598737643817E-006   7.8180225879927965E-006   9.3226317040173067E-006   1.0954556620582814E-005   1.2712095631969645E-005   1.4593350252240179E-005   1.6596188107792443E-005   1.8718191189512192E-005   2.0956585865447444E-005   2.3308150745741689E-005   2.5769098308847096E-005   2.8334926197223226E-005   3.1000234339190218E-005   3.3758504632412528E-005   3.6601840929388736E-005   3.9520668606286568E-005   4.2503395194630035E-005   4.5536036535965658E-005   4.8601816799336295E-005   5.1680755568004369E-005   5.4749261085142147E-005   5.7779755580497986E-005   6.0740366167237825E-005   6.3594722683559725E-005   6.6301911380860307E-005   6.8816639545520532E-005   7.1089669671895190E-005   7.3068581062782402E-005   7.4698909896277486E-005   7.5925704026839880E-005   7.6695504540592733E-005   7.6958731534266245E-005   7.6672407131984552E-005   7.5803096538709839E-005   7.4329892263765056E-005   7.2247214166862794E-005   6.9567157362082302E-005   6.6321101120512833E-005   6.2560304262240901E-005   5.8355263244996913E-005   5.3793700653582758E-005   4.8977179742072072E-005   4.4016492901597582E-005   3.9026128843855095E-005   3.4118260318512651E-005   2.9396785964783929E-005   2.4951985703338809E-005   2.0856298119905767E-005   1.7161603469498765E-005   1.3898214634504400E-005   1.1075569772105188E-005   8.6844195448730622E-006   6.7001420441002684E-006   5.0867239966378456E-006   3.8009277288734935E-006   2.7962144281238365E-006   2.0260975085593249E-006   1.4467300520735523E-006   1.0186612456685252E-006   7.0780724936728361E-007   4.8575914055929457E-007   3.2959078286241825E-007   2.2133658308317770E-007   1.4729181023304872E-007   9.7256759973925664E-008   6.3809942498070939E-008   4.1661609206098095E-008   2.7111378341208620E-008   1.7613961692354880E-008   1.1444679058221324E-008   7.4501889302448941E-009   4.8679261324375210E-009   3.1984862032224759E-009   2.1173325636447910E-009   1.4148225794767888E-009   9.5610506688323151E-010   6.5465844836825018E-010   4.5502023599086002E-010   3.2161423035709481E-010   2.3157143242321029E-010   1.7013962339904164E-010   1.2775730548014856E-010   9.8191288980044901E-011   7.7351249043049323E-011   6.2534170711195679E-011   5.1941641422307440E-011   4.4370539177769533E-011   3.9014279525571334E-011   3.5334982458991228E-011   3.2981594862938036E-011   3.1738059866693488E-011
