# Version 0.33
# Potential name = chengdu_MMWLY_400   
# L = 1
# S = 1
# J = 1
# Order = 2                   
# K_MAX = 0800 MeV
# For uncoupled channels, e.g., 3P0 (LSJ = 110)
# storage = D(1:N，1:N) (row, column)
# D(i,j)  = <pout(j),L|V|L,pin(i)>
# Normalization
# If V were so weak as to validate the Born approximation, the relation of V
# in 1S0 and the respective scattering length 'a' would have been
# <p|V|p> = 2/pi * a + ... for p->0, in unit of MeV^(-1)
# Momenta are in unit of MeV
# The value of pin and pout, where pin(1:N) = pout(1:N)
  0.11450929062345949       0.60321974416166313        1.4819461067499446        2.7500251850226505        4.4062419028032878        6.4489837175771640        8.8762566052326974        11.685689694517464        14.874538297673780        18.439686829803293        22.377651945497576        26.684585982768169        31.356280741866385        36.388171606988124        41.775342011709199        47.512528245992655        53.594124601134183        60.014188848163485        66.766448044639674        73.844304664329513        81.240843043874179        88.948836140201820        96.960752592117160        105.26876407919173        113.86475297077743        122.74032025767923        131.88679375874364        141.29523659434830        150.95645591851689        160.86101190112851        170.99922695144753        181.36119517396233        191.93679204729480        202.71568431672361        213.68734009065676        224.84103913118742        236.16588332867937        247.65080735014803        259.28458945103131        271.05586243978837        282.95312478461119        294.96475185139860        307.07900726201041        319.28405436170561        331.56796778455868        343.91874510555442        356.32431856797552        368.77256687462534        381.25132703136336        393.74840623138277        406.25159376861723        418.74867296863664        431.22743312537466        443.67568143202448        456.08125489444558        468.43203221544132        480.71594563829439        492.92099273798959        505.03524814860140        517.04687521538881        528.94413756021163        540.71541054896875        552.34919264985194        563.83411667132066        575.15896086881253        586.31265990934321        597.28431568327642        608.06320795270517        618.63880482603770        629.00077304855245        639.13898809887155        649.04354408148311        658.70476340565165        668.11320624125642        677.25967974232071        686.13524702922257        694.73123592080833        703.03924740788284        711.05116385979818        718.75915695612582        726.15569533567054        733.23355195536033        739.98581115183651        746.40587539886587        752.48747175400740        758.22465798829080        763.61182839301182        768.64371925813361        773.31541401723189        777.62234805450248        781.56031317019665        785.12546170232622        788.31431030548254        791.12374339476730        793.55101628242278        795.59375809719677        797.24997481497735        798.51805389325000        799.39678025583839        799.88549070937654     
# Matrix elements start here 
   2.9530753531317303E-011   1.5556408997892168E-010   3.8217846760389705E-010   7.0920285437300991E-010   1.1363238826009697E-009   1.6631256275098294E-009   2.2890935844831297E-009   3.0136154801728749E-009   3.8359811856547089E-009   4.7553817228165434E-009   5.7709068637406381E-009   6.8815405280956386E-009   8.0861528960083766E-009   9.3834878461122060E-009   1.0772144002879629E-008   1.2250547345601836E-008   1.3816913010492957E-008   1.5469193629246165E-008   1.7205011319139238E-008   1.9021570304916864E-008   2.0915547152073623E-008   2.2882955774566515E-008   2.4918984807234652E-008   2.7017805674974769E-008   2.9172350828189833E-008   3.1374063236615150E-008   3.3612620433783674E-008   3.5875639268211021E-008   3.8148371109691363E-008   4.0413401601861237E-008   4.2650374095473221E-008   4.4835761482575507E-008   4.6942716972433456E-008   4.8941039906251440E-008   5.0797297273449136E-008   5.2475144198313612E-008   5.3935886118648429E-008   5.5139320331005511E-008   5.6044883673753163E-008   5.6613115220608784E-008   5.6807417353586166E-008   5.6596065769501246E-008   5.5954380431170761E-008   5.4866928384789103E-008   5.3329590625899191E-008   5.1351295214771020E-008   4.8955204894779899E-008   4.6179156583552420E-008   4.3075187543351066E-008   3.9708050575928601E-008   3.6152715032350496E-008   3.2490962790737719E-008   2.8807304184068881E-008   2.5184540008031006E-008   2.1699363488234844E-008   1.8418415134859030E-008   1.5395165800267460E-008   1.2667911116940458E-008   1.0259026668864370E-008   8.1754792721940815E-009   6.4104414888852925E-009   4.9457385515513759E-009   3.7547871083457978E-009   2.8056710852724349E-009   2.0640376583886846E-009   1.4955725552277709E-009   1.0679099853604579E-009   7.5192916217505755E-010   5.2247095318609742E-010   3.5856519047204464E-010   2.4328884825270151E-010   1.6338054695228853E-010   1.0872408068405425E-010   7.1790493997894585E-011   4.7101582400461890E-011   3.0752695303183849E-011   2.0012380060789543E-011   1.3001821276928946E-011   8.4479388729106765E-012   5.4993888735685008E-012   3.5932805276120996E-012   2.3609762924073804E-012   1.5629181019668025E-012   1.0443573477796846E-012   7.0575305082998541E-013   4.8323893805276048E-013   3.3587513638723129E-013   2.3740092185138467E-013   1.7093544483611624E-013   1.2558929184673240E-013   9.4304602319867791E-014   7.2480320587046118E-014   5.7097155834139191E-014   4.6159865990899222E-014   3.8340945120613372E-014   3.2752303566138027E-014   2.8798557559018066E-014   2.6082668668152325E-014   2.4345505532813704E-014   2.3427584848349115E-014
   1.5556408997892168E-010   8.1949097794967481E-010   2.0132654406968984E-009   3.7359865041706423E-009   5.9860033889981637E-009   8.7611250586550315E-009   1.2058641171112067E-008   1.5875326351639209E-008   2.0207439735318547E-008   2.5050719732831446E-008   3.0400371384322026E-008   3.6251042113469300E-008   4.2596780179142687E-008   4.9430968500707993E-008   5.6746224817891258E-008   6.4534257398518632E-008   7.2785663817071535E-008   8.1489658809057324E-008   9.0633716003912265E-008   1.0020310762867530E-007   1.1018032627149214E-007   1.2054437376016244E-007   1.3126990446163227E-007   1.4232621421588589E-007   1.5367607210972359E-007   1.6527440084348769E-007   1.7706682303393333E-007   1.8898810588265945E-007   2.0096055556333093E-007   2.1289243555803681E-007   2.2467650974048474E-007   2.3618884042874312E-007   2.4728800229260313E-007   2.5781490227006994E-007   2.6759341969897814E-007   2.7643209459813615E-007   2.8412708914983157E-007   2.9046662084841462E-007   2.9523700834236769E-007   2.9823037670969257E-007   2.9925393455644830E-007   2.9814056246423580E-007   2.9476024927296090E-007   2.8903169623039545E-007   2.8093320496777600E-007   2.7051180732158108E-007   2.5788952154951553E-007   2.4326566751153292E-007   2.2691437059831356E-007   2.0917673997483598E-007   1.9044770423181304E-007   1.7115807944825746E-007   1.5175305484122382E-007   1.3266881401222146E-007   1.1430936669425765E-007   9.7025766249742221E-008   8.1099690031729171E-008   6.6732874349136180E-008   5.4043190808486718E-008   4.3067339672577482E-008   3.3769354903998609E-008   2.6053494240498631E-008   1.9779720112964720E-008   1.4779902879813510E-008   1.0873076424174025E-008   7.8784777132329571E-009   5.6256080589282709E-009   3.9610630225986588E-009   2.7523076336883892E-009   1.8888738309622859E-009   1.2816133608075667E-009   8.6066703580514681E-010   5.7274402607007462E-010   3.7818279361127844E-010   2.4812488428121015E-010   1.6200111704448764E-010   1.0542256191219403E-010   6.8491868751979213E-011   4.4502620685523782E-011   2.8970050650743693E-011   1.8928924882467105E-011   1.2437309735447832E-011   8.2332451146634787E-012   5.5015358903000496E-012   3.7178133969992527E-012   2.5456385852408317E-012   1.7693456376998564E-012   1.2505965460313237E-012   9.0046523509372976E-013   6.6158771995150812E-013   4.9678412794839178E-013   3.8181670852207930E-013   3.0078023841494293E-013   2.4316404722988119E-013   2.0197500989247330E-013   1.7253478796524225E-013   1.5170697878139797E-013   1.3740003658490653E-013   1.2824889176202571E-013   1.2341340743210069E-013
   3.8217846760389705E-010   2.0132654406968984E-009   4.9460431460093364E-009   9.1782981364544967E-009   1.4705974898120963E-008   2.1523690652878608E-008   2.9624786830850952E-008   3.9001339567526943E-008   4.9644158579840350E-008   6.1542774307138909E-008   7.4685406843081843E-008   8.9058906370019229E-008   1.0464865108606123E-007   1.2143838463193406E-007   1.3940997081104286E-007   1.5854303910281045E-007   1.7881449031656295E-007   2.0019782800407072E-007   2.2266227829517297E-007   2.4617165907546129E-007   2.7068295941718821E-007   2.9614459254814227E-007   3.2249429117255943E-007   3.4965662355792668E-007   3.7754012352232483E-007   4.0603404845600861E-007   4.3500480798472348E-007   4.6429214294497094E-007   4.9370518083208078E-007   5.2301855008476742E-007   5.5196880083858101E-007   5.8025145206987762E-007   6.0751906038097563E-007   6.3338077758417404E-007   6.5740392333024236E-007   6.7911813275393980E-007   6.9802263202742742E-007   7.1359712939516257E-007   7.2531666815608622E-007   7.3267055642010136E-007   7.3518515840459547E-007   7.3244990735705398E-007   7.2414540137731456E-007   7.1007191164268514E-007   6.9017613118929884E-007   6.6457360438987330E-007   6.3356409676712984E-007   5.9763728276104061E-007   5.5746661356304479E-007   5.1389010119747806E-007   4.6787797731376578E-007   4.2048863931530914E-007   3.7281579547881139E-007   3.2593102974399375E-007   2.8082688364585106E-007   2.3836579938496574E-007   1.9923978126106702E-007   1.6394444026903610E-007   1.3276935474254389E-007   1.0580468720044821E-007   8.2962078915069920E-008   6.4006317305683255E-008   4.8593368324470656E-008   3.6310183376555036E-008   2.6712178154315280E-008   1.9355267272175743E-008   1.3820582035305540E-008   9.7312496493524671E-009   6.7616679013778939E-009   4.6404469457705923E-009   3.1485738794890438E-009   2.1144237651875048E-009   1.4070755933609507E-009   9.2909180104549229E-010   6.0957505078348123E-010   3.9799248445171956E-010   2.5899443224936081E-010   1.6826580894411711E-010   1.0933078051789130E-010   7.1171499576854063E-011   4.6503196887859982E-011   3.0555072037849705E-011   2.0226833851923728E-011   1.3515770614591099E-011   9.1336517771867301E-012   6.2539385131396120E-012   4.3467988310759560E-012   3.0723740396497589E-012   2.2121970676223165E-012   1.6253402763509412E-012   1.2204628765866218E-012   9.3801933716389032E-013   7.3893486998531159E-013   5.9738762949257521E-013   4.9619741796095943E-013   4.2387083601269404E-013   3.7270259918820331E-013   3.3755435099356205E-013   3.1507248833680185E-013   3.0319302443492242E-013
   7.0920285437300991E-010   3.7359865041706423E-009   9.1782981364544967E-009   1.7032030290640145E-008   2.7289657210344818E-008   3.9941190154867667E-008   5.4974272915885278E-008   7.2374201296784620E-008   9.2123921027020526E-008   1.1420400389980476E-007   1.3859259011949387E-007   1.6526527776655999E-007   1.9419493338238256E-007   2.2535139028470188E-007   2.5870099340531618E-007   2.9420594147449661E-007   3.3182336967031240E-007   3.7150410893090338E-007   4.1319105264664048E-007   4.5681705821010108E-007   5.0230231088729714E-007   5.4955108187820090E-007   5.9844782269530341E-007   6.4885255580312561E-007   7.0059554877874373E-007   7.5347129822102523E-007   8.0723190247467311E-007   8.6157997101189225E-007   9.1616130458649761E-007   9.7055768457000309E-007   1.0242802309974448E-006   1.0767639229967045E-006   1.1273640150620657E-006   1.1753552160695107E-006   1.2199346075798362E-006   1.2602293405622829E-006   1.2953101365299551E-006   1.3242114978700465E-006   1.3459592703002729E-006   1.3596057705342553E-006   1.3642720797488909E-006   1.3591963153749708E-006   1.3437857680934506E-006   1.3176698041215264E-006   1.2807495025252979E-006   1.2332392772654772E-006   1.1756953987297967E-006   1.1090265484374396E-006   1.0344824396709047E-006   9.5361815878391510E-007   8.6823415010681139E-007   7.8029446583818876E-007   6.9182868403500084E-007   6.0482532695365723E-007   5.2112623904477625E-007   4.4233184137399106E-007   3.6972627594878681E-007   3.0422924066431689E-007   2.4637810169427432E-007   1.9634017227357842E-007   1.5395148643556532E-007   1.1877556371946766E-007   9.0173985299014299E-008   6.7380263087322254E-008   4.9569388648016035E-008   3.5917279386881852E-008   2.5646646944782215E-008   1.8058134125677648E-008   1.2547525783032013E-008   8.6112078478422938E-009   5.8427613584244803E-009   3.9237044908016575E-009   2.6110890898344466E-009   1.7241017302914762E-009   1.1311792856375168E-009   7.3854868842246354E-010   4.8061208620558890E-010   3.1224833974747575E-010   2.0288349079488284E-010   1.3207188507078974E-010   8.6295285490867122E-011   5.6700589231717814E-011   3.7534632426179753E-011   2.5081012959771233E-011   1.6949180710891228E-011   1.1605339966951820E-011   8.0662894425004846E-012   5.7013584576917370E-012   4.1051409427372732E-012   3.0161195907829099E-012   2.2647946682035940E-012   1.7406684252635457E-012   1.3712303633298379E-012   1.1085632706088646E-012   9.2078611167376484E-013   7.8657075755832476E-013   6.9161862737506601E-013   6.2639454999013716E-013   5.8467529440841910E-013   5.6263075129102318E-013
   1.1363238826009697E-009   5.9860033889981637E-009   1.4705974898120963E-008   2.7289657210344818E-008   4.3724992144206340E-008   6.3995975189084225E-008   8.8082808547310697E-008   1.1596193234503182E-007   1.4760602129047632E-007   1.8298394644044621E-007   2.2206068282612590E-007   2.6479713234776861E-007   3.1114982028321564E-007   3.6107041191229625E-007   4.1450498323071085E-007   4.7139296696166345E-007   5.3166568272607320E-007   5.9524434914435027E-007   6.6203746686059673E-007   7.3193745629037662E-007   8.0481643386997474E-007   8.8052101764237611E-007   9.5886606945543616E-007   1.0396273095905772E-006   1.1225327834093902E-006   1.2072532220415897E-006   1.2933914237983877E-006   1.3804708931931838E-006   1.4679241126812334E-006   1.5550809893367019E-006   1.6411582127477822E-006   1.7252504753466932E-006   1.8063247303657458E-006   1.8832188764104274E-006   1.9546464333254187E-006   2.0192088743091944E-006   2.0754172581769666E-006   2.1217246114651316E-006   2.1565700905173626E-006   2.1784352649652341E-006   2.1859118826515507E-006   2.1777792133525254E-006   2.1530875855453803E-006   2.1112431493654392E-006   2.0520874082429425E-006   1.9759639080376101E-006   1.8837639358090840E-006   1.7769434311458169E-006   1.6575047535145708E-006   1.5279395479395378E-006   1.3911325855115902E-006   1.2502307788611239E-006   1.1084860297585541E-006   9.6908445810893872E-007   8.3497716855655298E-007   7.0872844389846048E-007   5.9239580720124028E-007   4.8745284909780790E-007   3.9476056727465558E-007   3.1458704021390157E-007   2.4666955261102478E-007   1.9030875142648158E-007   1.4448172684692209E-007   1.0796036943442783E-007   7.9422805223291573E-008   5.7548643683121957E-008   4.1092470584817103E-008   2.8933737301946211E-008   2.0104337041079630E-008   1.3797351597230813E-008   9.3615941207476545E-009   6.2867754883873734E-009   4.1836307821981445E-009   2.7624507714311023E-009   1.8124377670614359E-009   1.1833433945496631E-009   7.7006316099067021E-010   5.0030149141354283E-010   3.2507110561405650E-010   2.1161284997752587E-010   1.3826706034034958E-010   9.0848807649695006E-011   6.0140055821157211E-011   4.0186180653783158E-011   2.7156911049564892E-011   1.8594715022417081E-011   1.2924253309144878E-011   9.1350306034395713E-012   6.5774829668437278E-012   4.8325929635707221E-012   3.6287787828241224E-012   2.7889948427591394E-012   2.1970608279303011E-012   1.7762011418873317E-012   1.4753342333727649E-012   1.2602869992101879E-012   1.1081494654061795E-012   1.0036438554863879E-012   9.3679896591843618E-013   9.0147798452240138E-013
   1.6631256275098294E-009   8.7611250586550315E-009   2.1523690652878608E-008   3.9941190154867667E-008   6.3995975189084225E-008   9.3664621525713540E-008   1.2891815307336673E-007   1.6972208755935098E-007   2.1603643163870532E-007   2.6781562493557011E-007   3.2500840484415828E-007   3.8755754731710871E-007   4.5539942267482181E-007   5.2846328813608413E-007   6.0667022043362880E-007   6.8993157319491141E-007   7.7814682569665425E-007   8.7120067337351985E-007   9.6895919760774028E-007   1.0712649447308570E-006   1.1779307441347290E-006   1.2887321057180609E-006   1.4033980609566699E-006   1.5216003536610949E-006   1.6429409505455939E-006   1.7669379331141312E-006   1.8930099562783662E-006   2.0204596204084118E-006   2.1484563058304430E-006   2.2760192633629693E-006   2.4020020385134655E-006   2.5250796215379581E-006   2.6437400433754557E-006   2.7562824503868038E-006   2.8608239479603913E-006   2.9553176498167082E-006   3.0375843390263270E-006   3.1053598625147689E-006   3.1563597667691562E-006   3.1883616744391696E-006   3.1993044651976848E-006   3.1874014761481961E-006   3.1512627663843912E-006   3.0900191762028074E-006   3.0034387297459680E-006   2.8920242413366843E-006   2.7570802002786264E-006   2.6007375223069473E-006   2.4259268642490222E-006   2.2362950021322201E-006   2.0360640919845786E-006   1.8298399606511406E-006   1.6223820972664131E-006   1.4183537125113981E-006   1.2220740483192344E-006   1.0372961934890570E-006   8.6703154238968554E-007   7.1343684485590366E-007   5.7777225861171698E-007   4.6043014379372180E-007   3.6102598982145971E-007   2.7853622235969806E-007   2.1146370881159361E-007   1.5801098604989612E-007   1.1624335702003577E-007   8.4228295825972124E-008   6.0143012017729434E-008   4.2347468660395807E-008   2.9424742953199075E-008   2.0193827996112086E-008   1.3701645573903814E-008   9.2013356308284923E-009   6.1231693502617885E-009   4.0431277939748226E-009   2.6526870946045852E-009   1.7319434676628368E-009   1.1270657929967539E-009   7.3224214028373057E-010   4.7577464030080639E-010   3.0971693836307606E-010   2.0236791201301758E-010   1.3296647421074802E-010   8.8021091176133687E-011   5.8816564485176924E-011   3.9746902641134128E-011   2.7215257519042748E-011   1.8915959810391158E-011   1.3370046812614605E-011   9.6268156061528185E-012   7.0729915370972533E-012   5.3110869908539993E-012   4.0819777433247072E-012   3.2156220810611800E-012   2.5996511064463655E-012   2.1593017714707682E-012   1.8445582623910753E-012   1.6218895010899974E-012   1.4689349071248328E-012   1.3711006095176567E-012   1.3194047591989220E-012
   2.2890935844831297E-009   1.2058641171112067E-008   2.9624786830850952E-008   5.4974272915885278E-008   8.8082808547310697E-008   1.2891815307336673E-007   1.7744042436861175E-007   2.3360216170735312E-007   2.9734831903182000E-007   3.6861618793179851E-007   4.4733521155933326E-007   5.3342662785488650E-007   6.2680285817199615E-007   7.2736653353026407E-007   8.3500902548829117E-007   9.4960832291275010E-007   1.0710260710462152E-006   1.1991035669402071E-006   1.3336564876285572E-006   1.4744681169616496E-006   1.6212808369753239E-006   1.7737856638849805E-006   1.9316096419138308E-006   2.0943009656630934E-006   2.2613117899034400E-006   2.4319788114428141E-006   2.6055018782722031E-006   2.7809211031815339E-006   2.9570932374979147E-006   3.1326683972305023E-006   3.3060686248393920E-006   3.4754702028289608E-006   3.6387920865563957E-006   3.7936932543399123E-006   3.9375821268637906E-006   4.0676414098881441E-006   4.1808716718548065E-006   4.2741565767568321E-006   4.3443518474609272E-006   4.3883986472497892E-006   4.4034600904187969E-006   4.3870770491026968E-006   4.3373364358240192E-006   4.2530419561668900E-006   4.1338743230983148E-006   3.9805256004176202E-006   3.7947912616877565E-006   3.5796042576478172E-006   3.3389982870340287E-006   3.0779927010428426E-006   2.8023987926497292E-006   2.5185559318384269E-006   2.2330149863624064E-006   1.9521943081948458E-006   1.6820388174520823E-006   1.4277141921502483E-006   1.1933652565984593E-006   9.8196051908524996E-007   7.9523443605440567E-007   6.3372704432373061E-007   4.9690911105095758E-007   3.8337180854125412E-007   2.9105451277087411E-007   2.1748323064821084E-007   1.5999508298826529E-007   1.1593017894617256E-007   8.2779665398705787E-008   5.8286227586279902E-008   4.0499640679630527E-008   2.7794389880978976E-008   1.8858676976222306E-008   1.2664538392534051E-008   8.4278105300888605E-009   5.5648820157324534E-009   3.6511066328719995E-009   2.3838131136554992E-009   1.5512713131010972E-009   1.0078437598976727E-009   6.5484690919171546E-010   4.2628833618191904E-010   2.7853523596280827E-010   1.8301245440063167E-010   1.2115050828251472E-010   8.0953968959005161E-011   5.4706859382069090E-011   3.7458548143578987E-011   2.6035557104089602E-011   1.8402270926953323E-011   1.3250160708569945E-011   9.7351272103929282E-012   7.3100762541907496E-012   5.6183543261480199E-012   4.4259193377356073E-012   3.5781089361066152E-012   2.9720207242778282E-012   2.5388139144767016E-012   2.2323369866199198E-012   2.0218132751387092E-012   1.8871560614618810E-012   1.8160029042068918E-012
   3.0136154801728749E-009   1.5875326351639209E-008   3.9001339567526943E-008   7.2374201296784620E-008   1.1596193234503182E-007   1.6972208755935098E-007   2.3360216170735312E-007   3.0753967225070215E-007   3.9146215048259401E-007   4.8528704012964690E-007   5.8892145236867224E-007   7.0226169613020855E-007   8.2519247321653218E-007   9.5758559635360386E-007   1.0992980550700272E-006   1.2501692204414793E-006   1.4100169469927560E-006   1.5786323006437796E-006   1.7557726182950758E-006   1.9411525908847013E-006   2.1344330616870329E-006   2.3352072503403111E-006   2.5429841566906043E-006   2.7571689742376333E-006   2.9770404590466681E-006   3.2017253655758119E-006   3.4301702853942370E-006   3.6611115170197894E-006   3.8930439616999926E-006   4.1241904831400177E-006   4.3524736838487556E-006   4.5754926208007591E-006   4.7905075771085091E-006   4.9944365734123742E-006   5.1838677686251683E-006   5.3550921656176056E-006   5.5041609815890635E-006   5.6269715278178580E-006   5.7193843307992412E-006   5.7773724002235665E-006   5.7972009465947340E-006   5.7756325025358362E-006   5.7101484685120524E-006   5.5991739104993006E-006   5.4422884838022929E-006   5.2404032976011226E-006   4.9958821114905192E-006   4.7125861855822671E-006   4.3958259261595596E-006   4.0522093612071770E-006   3.6893871182876662E-006   3.3157050438299547E-006   2.9397874232735921E-006   2.5700840836569665E-006   2.2144215740615256E-006   1.8796005632500208E-006   1.5710777554765795E-006   1.2927612227361566E-006   1.0469343949523290E-006   8.3430823620495393E-007   6.5418600596018741E-007   5.0471296792466695E-007   3.8317628916798183E-007   2.8631893208832958E-007   2.1063518858004710E-007   1.5262328471829755E-007   1.0898028930756862E-007   7.6734424020743579E-008   5.3318197613634138E-008   3.6591602971178496E-008   2.4827644119214105E-008   1.6672996336933108E-008   1.1095300100268542E-008   7.3262249746480560E-009   4.8067198052408919E-009   3.1383147241546354E-009   2.0422647963364756E-009   1.3268367781079884E-009   8.6211275767002632E-010   5.6121302232605874E-010   3.6669453121579453E-010   2.4093779711968832E-010   1.5949590251175223E-010   1.0657674098168375E-010   7.2022148601963022E-011   4.9314567702910182E-011   3.4276081351879559E-011   2.4226780814784344E-011   1.7443974198696237E-011   1.2816396088636449E-011   9.6237913164426826E-012   7.3966218267127105E-012   5.8267687789654949E-012   4.7106175792417751E-012   3.9126961530935568E-012   3.3423748883874808E-012   2.9388948295704073E-012   2.6617381767520922E-012   2.4844605562982065E-012   2.3907866857232563E-012
   3.8359811856547089E-009   2.0207439735318547E-008   4.9644158579840350E-008   9.2123921027020526E-008   1.4760602129047632E-007   2.1603643163870532E-007   2.9734831903182000E-007   3.9146215048259401E-007   4.9828568177550705E-007   6.1771382839877105E-007   7.4962835370923978E-007   8.9389727106356345E-007   1.0503738192972488E-006   1.2188948309542304E-006   1.3992782703762652E-006   1.5913196756684528E-006   1.7947871968749748E-006   2.0094148852689625E-006   2.2348938590139111E-006   2.4708609529346650E-006   2.7168844600576429E-006   2.9724465964038778E-006   3.2369223760171225E-006   3.5095546795637447E-006   3.7894254475958489E-006   4.0754231403396294E-006   4.3662068916666593E-006   4.6601681569096710E-006   4.9553911208178357E-006   5.2496136960624401E-006   5.5401915978156934E-006   5.8240687055028091E-006   6.0977576789160952E-006   6.3573355176210514E-006   6.5984593456585569E-006   6.8164080420696793E-006   7.0061552666895688E-006   7.1624787750578644E-006   7.2801094999736616E-006   7.3539215522303729E-006   7.3791609801929328E-006   7.3517068653073019E-006   7.2683533239784009E-006   7.1270956487958842E-006   6.9273987899655029E-006   6.6704224832584323E-006   6.3591755190769071E-006   5.9985728314061047E-006   5.5953739483691393E-006   5.1579901192413991E-006   4.6961597010168266E-006   4.2205059832591877E-006   3.7420066759329683E-006   3.2714174237959513E-006   2.8187005114270969E-006   2.3925123973545116E-006   1.9997988299632283E-006   1.6455343293084626E-006   1.3326254354857353E-006   1.0619771228860883E-006   8.3270252203440566E-007   6.4244076985027598E-007   4.8773874626933112E-007   3.6445062212269240E-007   2.6811403967952204E-007   1.9427164896253666E-007   1.3871920360823843E-007   9.7673976249530583E-008   6.7867849844993389E-008   4.6576844814433829E-008   3.1602696612101508E-008   2.1222780636000843E-008   1.4123023562177022E-008   9.3254303176765707E-009   6.1183939553430280E-009   3.9947087860823373E-009   2.5995650030382332E-009   1.6889085388441712E-009   1.0973690373217122E-009   7.1435875245228117E-010   4.6675938980296601E-010   3.0668572773962434E-010   2.0301969021907307E-010   1.3565976678971722E-010   9.1675798988034560E-011   6.2771695702932601E-011   4.3629455731438571E-011   3.0837867672873207E-011   2.2204145575137051E-011   1.6313778113818213E-011   1.2249964425595414E-011   9.4150373036460824E-012   7.4167973838486375E-012   5.9960670250304254E-012   4.9804060694529797E-012   4.2544535862696205E-012   3.7408705082054070E-012   3.3880823994752626E-012   3.1624286552690677E-012   3.0431927383191225E-012
   4.7553817228165434E-009   2.5050719732831446E-008   6.1542774307138909E-008   1.1420400389980476E-007   1.8298394644044621E-007   2.6781562493557011E-007   3.6861618793179851E-007   4.8528704012964690E-007   6.1771382839877105E-007   7.6576628177523146E-007   9.2929782488637401E-007   1.1081448367859354E-006   1.3021253808779123E-006   1.5110371820465589E-006   1.7346545746798141E-006   1.9727240918520178E-006   2.2249583142592222E-006   2.4910275510990622E-006   2.7705488883350154E-006   3.0630721180664898E-006   3.3680620626290450E-006   3.6848768365830042E-006   4.0127416585492321E-006   4.3507179442993673E-006   4.6976675956760714E-006   5.0522126612065089E-006   5.4126908985669408E-006   5.7771082302213091E-006   6.1430896620319548E-006   6.5078309339627250E-006   6.8680539841224381E-006   7.2199702068791271E-006   7.5592564230819409E-006   7.8810493751542757E-006   8.1799652950428163E-006   8.4501515126658444E-006   8.6853769843879075E-006   8.8791678083161226E-006   9.0249920374333376E-006   9.1164952193409515E-006   9.1477839844882741E-006   9.1137497205478072E-006   9.0104181639568085E-006   8.8353041229175665E-006   8.5877443079379770E-006   8.2691764180114944E-006   7.8833303845934953E-006   7.4362991435224840E-006   6.9364623335234317E-006   6.3942471957986164E-006   5.8217261578751693E-006   5.2320686787735456E-006   4.6388835847097640E-006   4.0555044125347225E-006   3.4942811878902179E-006   2.9659451325097699E-006   2.4791067382917704E-006   2.0399328086185803E-006   1.6520265174834811E-006   1.3165097417858874E-006   1.0322830488934751E-006   7.9641972863763370E-007   6.0463902382846799E-007   4.5180144099574646E-007   3.3237509315492090E-007   2.4083430132366575E-007   1.7196715351712417E-007   1.2108428560307438E-007   8.4134284580610052E-008   5.7740292722321620E-008   3.9177169695959868E-008   2.6309415573048045E-008   1.7508002481774789E-008   1.1560531385273119E-008   7.5848387622536274E-009   4.9521528469301923E-009   3.2226237054944448E-009   2.0937028646446823E-009   1.3603843216905148E-009   8.8557487394605473E-010   5.7863137585832274E-010   3.8019156866453352E-010   2.5167905615649645E-010   1.6817443681055777E-010   1.1364847683889162E-010   7.7816694089176106E-011   5.4086479135404116E-011   3.8229028038673054E-011   2.7525992159094207E-011   2.0223832839079697E-011   1.5186012160976436E-011   1.1671615199998162E-011   9.1944410084398344E-012   7.4331927503304572E-012   6.1741001450816582E-012   5.2741527774893892E-012   4.6374751025029437E-012   4.2001314235098881E-012   3.9203934271672104E-012   3.7725792766996708E-012
   5.7709068637406381E-009   3.0400371384322026E-008   7.4685406843081843E-008   1.3859259011949387E-007   2.2206068282612590E-007   3.2500840484415828E-007   4.4733521155933326E-007   5.8892145236867224E-007   7.4962835370923978E-007   9.2929782488637401E-007   1.1277519889443612E-006   1.3447922832236985E-006   1.5801979180566269E-006   1.8337234219075556E-006   2.1050949376383072E-006   2.3940048697483973E-006   2.7001044197331822E-006   3.0229934903922330E-006   3.3622073953196190E-006   3.7171997834514164E-006   4.0873211884278109E-006   4.4717926483682473E-006   4.8696739251510830E-006   5.2798259972463189E-006   5.7008677224343360E-006   6.1311268838299295E-006   6.5685862625862421E-006   7.0108259403012519E-006   7.4549637361597830E-006   7.8975965325082699E-006   8.3347462281194617E-006   8.7618151499736249E-006   9.1735568918537526E-006   9.5640696338503541E-006   9.9268198891010350E-006   1.0254705133368105E-005   1.0540163666123593E-005   1.0775339065518219E-005   1.0952304468878896E-005   1.1063348412626064E-005   1.1101318981566996E-005   1.1060016604844215E-005   1.0934618303733951E-005   1.0722108166740747E-005   1.0421681257036027E-005   1.0035082298276680E-005   9.5668377592704160E-006   9.0243417394398117E-006   8.4177633729264074E-006   7.7597566676167656E-006   7.0649721518888768E-006   6.3493916597747548E-006   5.6295302206022565E-006   4.9215687855159745E-006   4.2404947628666711E-006   3.5993310569695109E-006   3.0085269544838970E-006   2.4755661969979868E-006   2.0048214264448772E-006   1.5976540996910201E-006   1.2527299971734134E-006   9.6649740153587431E-007   7.3376138785142077E-007   5.4828490936496204E-007   4.0335472906854320E-007   2.9226514369276466E-007   2.0869122279044404E-007   1.4694217533057374E-007   1.0210139767172628E-007   7.0070894621742742E-008   4.7543564466248160E-008   3.1927865261168051E-008   2.1246885651194256E-008   1.4029315375390631E-008   9.2046024115032329E-009   6.0096990148070761E-009   3.9108240610968566E-009   2.5408189997111560E-009   1.6508982195269721E-009   1.0746918788644831E-009   7.0219973351344547E-010   4.6138254740209887E-010   3.0542582641989193E-010   2.0408856076456900E-010   1.3791842869236074E-010   9.4434667963280338E-011   6.5636798867368283E-011   4.6392944491497945E-011   3.3404245198659545E-011   2.4542689219292141E-011   1.8429027767033103E-011   1.4164121451161921E-011   1.1157939744201456E-011   9.0205719672452283E-012   7.4925965950785301E-012   6.4004629361285229E-012   5.6278209530589647E-012   5.0970813014333205E-012   4.7576044692376361E-012   4.5782241912258249E-012
   6.8815405280956386E-009   3.6251042113469300E-008   8.9058906370019229E-008   1.6526527776655999E-007   2.6479713234776861E-007   3.8755754731710871E-007   5.3342662785488650E-007   7.0226169613020855E-007   8.9389727106356345E-007   1.1081448367859354E-006   1.3447922832236985E-006   1.6036028335545946E-006   1.8843132062731804E-006   2.1866306878838907E-006   2.5102287163680042E-006   2.8547404982643159E-006   3.2197501074276780E-006   3.6047804463819159E-006   4.0092773979993802E-006   4.4325894638106378E-006   4.8739421851071692E-006   5.3324066857387495E-006   5.8068617750688098E-006   6.2959492224056858E-006   6.7980220792915743E-006   7.3110863041418497E-006   7.8327364564293183E-006   8.3600868949625046E-006   8.8897007519219713E-006   9.4175199663117944E-006   9.9388008357180207E-006   1.0448060846912272E-005   1.0939043902220185E-005   1.1404712353338710E-005   1.1837275318228863E-005   1.2228263364001243E-005   1.2568659511197824E-005   1.2849095338764829E-005   1.3060118428211799E-005   1.3192533214542349E-005   1.3237811368428984E-005   1.3188560187282688E-005   1.3039028491204457E-005   1.2785619944700563E-005   1.2427374697692104E-005   1.1966373252748046E-005   1.1408013215354817E-005   1.0761111708374846E-005   1.0037794955707245E-005   9.2531522786961811E-006   8.4246537573778765E-006   7.5713569924382183E-006   6.7129553953852679E-006   5.8687440048869123E-006   5.0565946148244377E-006   4.2920364385354239E-006   3.5875297688879048E-006   2.9519986228963105E-006   2.3906571745870020E-006   1.9051288985411738E-006   1.4938227994069769E-006   1.1525036178901599E-006   8.7497664538260856E-007   6.5380449101418746E-007   4.8098192897970892E-007   3.4851271711007923E-007   2.4885466728177287E-007   1.7522177340572023E-007   1.2175121218257998E-007   8.3556313169623318E-008   5.6693509954264715E-008   3.8072508179050590E-008   2.5335932143208133E-008   1.6729312154347889E-008   1.0976064253913257E-008   7.1662891653816789E-009   4.6634774932488159E-009   3.0298095834688804E-009   1.9686200581084903E-009   1.2815205468118562E-009   8.3734082685551085E-010   5.5017742858624616E-010   3.6420622485548572E-010   2.4336620489344415E-010   1.6446137132813750E-010   1.1260899026627806E-010   7.8268858293006803E-011   5.5321448651659011E-011   3.9833023227136041E-011   2.9266026036944393E-011   2.1975766455193607E-011   1.6890062188225943E-011   1.3305329018947450E-011   1.0756616428733140E-011   8.9345762021678420E-012   7.6322571362714575E-012   6.7109171725980475E-012   6.0780345930026154E-012   5.6732241127326448E-012   5.4593213965347157E-012
   8.0861528960083766E-009   4.2596780179142687E-008   1.0464865108606123E-007   1.9419493338238256E-007   3.1114982028321564E-007   4.5539942267482181E-007   6.2680285817199615E-007   8.2519247321653218E-007   1.0503738192972488E-006   1.3021253808779123E-006   1.5801979180566269E-006   1.8843132062731804E-006   2.2141618766443965E-006   2.5693999762326738E-006   2.9496437783996775E-006   3.3544622825581913E-006   3.7833667547700262E-006   4.2357965817360356E-006   4.7111006482301798E-006   5.2085134110991721E-006   5.7271248427840415E-006   6.2658434675401466E-006   6.8233518305220422E-006   7.3980539430123809E-006   7.9880145585373070E-006   8.5908905789099469E-006   9.2038554916937764E-006   9.8235185247525175E-006   1.0445841187204974E-005   1.1066055055245399E-005   1.1678586042249468E-005   1.2276991922085106E-005   1.2853921468363287E-005   1.3401105093776562E-005   1.3909388123858558E-005   1.4368818553094427E-005   1.4768800981477425E-005   1.5098327047620200E-005   1.5346289688963310E-005   1.5501883658596941E-005   1.5555087744757809E-005   1.5497215153666907E-005   1.5321507962471650E-005   1.5023740297830311E-005   1.4602784288089231E-005   1.4061084627398569E-005   1.3404983771064290E-005   1.2644842277638270E-005   1.1794909064219694E-005   1.0872914835000123E-005   9.8993878042219420E-006   8.8967216019666710E-006   7.8880569677021702E-006   6.8960665329657964E-006   5.9417505457776119E-006   5.0433566053328279E-006   4.2155261764093827E-006   3.4687454235122407E-006   2.8091412608449053E-006   2.2386213519069551E-006   1.7553161979111128E-006   1.3542491582246955E-006   1.0281411416693674E-006   7.6825284350983607E-007   5.6517772467777203E-007   4.0951980232474020E-007   2.9241662972267270E-007   2.0589431170007016E-007   1.4306373884789805E-007   9.8182829986661195E-008   6.6617698149112220E-008   4.4737093535003650E-008   2.9770982273001184E-008   1.9657775082891780E-008   1.2897422225618455E-008   8.4207467283958201E-009   5.4798183464218302E-009   3.5601771780163773E-009   2.3132266269482234E-009   1.5058504761527007E-009   9.8391718022729858E-010   6.4648588340324103E-010   4.2796045563281075E-010   2.8596741303131966E-010   1.9325030327395979E-010   1.3232117271424840E-010   9.1969807133928185E-011   6.5005457774988202E-011   4.6805786409283857E-011   3.4389038359523188E-011   2.5822620216819831E-011   1.9846664379796942E-011   1.5634424347229670E-011   1.2639560100145486E-011   1.0498572076528925E-011   8.9682823044596469E-012   7.8856619544015376E-012   7.1419933989472732E-012   6.6663209206692995E-012   6.4149745744571194E-012
   9.3834878461122060E-009   4.9430968500707993E-008   1.2143838463193406E-007   2.2535139028470188E-007   3.6107041191229625E-007   5.2846328813608413E-007   7.2736653353026407E-007   9.5758559635360386E-007   1.2188948309542304E-006   1.5110371820465589E-006   1.8337234219075556E-006   2.1866306878838907E-006   2.5693999762326738E-006   2.9816321505226345E-006   3.4228819193657239E-006   3.8926491328360356E-006   4.3903666449708379E-006   4.9153838981877383E-006   5.4669453129313476E-006   6.0441625230073922E-006   6.6459794968704557E-006   7.2711296434090599E-006   7.9180841365313629E-006   8.5849909285548143E-006   9.2696042838372418E-006   9.9692051796688948E-006   1.0680513620551773E-005   1.1399594821979717E-005   1.2121762361300602E-005   1.2841482773169192E-005   1.3552287669618412E-005   1.4246701239667479E-005   1.4916192832911617E-005   1.5551166097044641E-005   1.6140997590029868E-005   1.6674138615720464E-005   1.7138293857855822E-005   1.7520688783649801E-005   1.7808434323618695E-005   1.7988991646954277E-005   1.8050731747874264E-005   1.7983574131377481E-005   1.7779676639670503E-005   1.7434135404170677E-005   1.6945641598531263E-005   1.6317032141388411E-005   1.5555667065757005E-005   1.4673569168695275E-005   1.3687273450485786E-005   1.2617355313229420E-005   1.1487636499023203E-005   1.0324103451408655E-005   9.1536095888579787E-006   8.0024651191060860E-006   6.8950395506937782E-006   5.8525081108856249E-006   4.8918613276322988E-006   4.0252677560489599E-006   3.2598373068313528E-006   2.5977837072602918E-006   2.0369375178786810E-006   1.5715236503977124E-006   1.1930951629303010E-006   8.9151062470934251E-007   6.5585432017061545E-007   4.7522278360002107E-007   3.3933168544936578E-007   2.3892780612334898E-007   1.6601675382137492E-007   1.1393519312892567E-007   7.7305780506171444E-008   5.1914671767252267E-008   3.4547411348532432E-008   2.2811650477568618E-008   1.4966672811740859E-008   9.7717636059165405E-009   6.3589953731810628E-009   4.1313687373402977E-009   2.6843585841651268E-009   1.7474477446520082E-009   1.1417759496980823E-009   7.5020748526681828E-010   4.9662203840214997E-010   3.3184776235039493E-010   2.2425520458855631E-010   1.5355066023552217E-010   1.0672535859129098E-010   7.5434873765950009E-011   5.4315263827876134E-011   3.9906384115660750E-011   2.9965577707405448E-011   2.3030844999928630E-011   1.8142797042040822E-011   1.4667439523492936E-011   1.2182953346117420E-011   1.0407145287339520E-011   9.1508303218212894E-012   8.2878482657825349E-012   7.7358593316065838E-012   7.4441872082645998E-012
