# Version 0.33
# Potential name = chengdu_MMWLY_1600  
# L = 1
# S = 0
# J = 1
# Order = 2                   
# K_MAX = 3200 MeV
# For uncoupled channels, e.g., 3P0 (LSJ = 110)
# storage = D(1:N，1:N) (row, column)
# D(i,j)  = <pout(j),L|V|L,pin(i)>
# Normalization
# If V were so weak as to validate the Born approximation, the relation of V
# in 1S0 and the respective scattering length 'a' would have been
# <p|V|p> = 2/pi * a + ... for p->0, in unit of MeV^(-1)
# Momenta are in unit of MeV
# The value of pin and pout, where pin(1:N) = pout(1:N)
  0.45803716249383797        2.4128789766466525        5.9277844269997786        11.000100740090602        17.624967611213151        25.795934870308656        35.505026420930790        46.742758778069856        59.498153190695120        73.758747319213171        89.510607781990302        106.73834393107268        125.42512296746554        145.55268642795249        167.10136804683680        190.05011298397062        214.37649840453673        240.05675539265394        267.06579217855870        295.37721865731805        324.96337217549672        355.79534456080728        387.84301036846864        421.07505631676690        455.45901188310972        490.96128103071692        527.54717503497454        565.18094637739318        603.82582367406758        643.44404760451403        683.99690780579010        725.44478069584932        767.74716818917921        810.86273726689444        854.74936036262704        899.36415652474966        944.66353331471748        990.60322940059211        1037.1383578041252        1084.2234497591535        1131.8124991384448        1179.8590074055944        1228.3160290480416        1277.1362174468225        1326.2718711382347        1375.6749804222177        1425.2972742719021        1475.0902674985014        1525.0053081254534        1574.9936249255311        1625.0063750744689        1674.9946918745466        1724.9097325014986        1774.7027257280979        1824.3250195777823        1873.7281288617653        1922.8637825531775        1971.6839709519584        2020.1409925944056        2068.1875008615552        2115.7765502408465        2162.8616421958750        2209.3967705994078        2255.3364666852826        2300.6358434752501        2345.2506396373728        2389.1372627331057        2432.2528318108207        2474.5552193041508        2516.0030921942098        2556.5559523954862        2596.1741763259324        2634.8190536226066        2672.4528249650257        2709.0387189692829        2744.5409881168903        2778.9249436832333        2812.1569896315314        2844.2046554391927        2875.0366278245033        2904.6227813426822        2932.9342078214413        2959.9432446073461        2985.6235015954635        3009.9498870160296        3032.8986319531632        3054.4473135720473        3074.5748770325345        3093.2616560689276        3110.4893922180099        3126.2412526807866        3140.5018468093049        3153.2572412219301        3164.4949735790692        3174.2040651296911        3182.3750323887871        3188.9998992599094        3194.0722155730000        3197.5871210233536        3199.5419628375062     
# Matrix elements start here 
   8.1319177113129820E-010   4.2837863151792359E-009   1.0524092608387805E-008   1.9529400921901704E-008   3.1291082013573536E-008   4.5797682514748906E-008   6.3035034452373218E-008   8.2986277584538163E-008   1.0563185700902571E-007   1.3094949580211708E-007   1.5891412891249976E-007   1.8949777641872031E-007   2.2266932634042427E-007   2.5839418871844183E-007   2.9663377371299745E-007   3.3734473733401538E-007   3.8047792958125172E-007   4.2597697183714715E-007   4.7377638407050709E-007   5.2379917869518212E-007   5.7595383791130180E-007   6.3013059640706162E-007   6.8619696306425845E-007   7.4399243573700673E-007   8.0332239449567026E-007   8.6395120340941531E-007   9.2559461152677605E-007   9.8791162257493178E-007   1.0504961018202689E-006   1.1128685081200501E-006   1.1744682780725230E-006   1.2346475429883694E-006   1.2926670196900183E-006   1.3476950691476931E-006   1.3988110426871492E-006   1.4450141072676310E-006   1.4852387262602713E-006   1.5183778331763488E-006   1.5433144355485026E-006   1.5589618932915015E-006   1.5643124135714159E-006   1.5584924005869470E-006   1.5408222373033526E-006   1.5108769446890056E-006   1.4685430972423793E-006   1.4140665479904215E-006   1.3480851320730192E-006   1.2716407690614527E-006   1.1861664150575419E-006   1.0934451754428412E-006   9.9554148989745669E-007   8.9470739544594720E-007   7.9327006288945365E-007   6.9350958730324728E-007   5.9753787889991519E-007   5.0719002510598660E-007   4.2393845895950054E-007   3.4883773171565085E-007   2.8250400241530503E-007   2.2512911707966700E-007   1.7652506775866381E-007   1.3619137378337666E-007   1.0339600632332667E-007   7.7260088762211419E-008   5.6837643418979816E-008   4.1183754209023764E-008   2.9407160622674819E-008   2.0705960195223377E-008   1.4387342989249746E-008   9.8738510684047017E-009   6.6994731169761231E-009   4.4990289937449202E-009   2.9939475686702643E-009   1.9769031258422670E-009   1.2970417153324091E-009   8.4684052285142235E-010   5.5108322139249466E-010   3.5803265436169211E-010   2.3263186857679653E-010   1.5143730665369972E-010   9.8948580953807578E-011   6.5014476883757326E-011   4.3038256308756533E-011   2.8758588921014338E-011   1.9434403283245715E-011   1.3307006456777082E-011   9.2490324281107226E-012   6.5373366075402947E-012   4.7070690894489029E-012   3.4583668365815021E-012   2.5968767273411718E-012   1.9958989603105844E-012   1.5722909755785092E-012   1.2711095617832777E-012   1.0557990346035268E-012   9.0190396656599084E-013   7.9302920606509429E-013   7.1824145996112917E-013   6.7040499804112080E-013   6.4512811012269334E-013
   4.2837863151792359E-009   2.2566417720370611E-008   5.5439522995629901E-008   1.0287829191447084E-007   1.6483726677462234E-007   2.4125611275022138E-007   3.3206019483973495E-007   4.3716069552665381E-007   5.5645460218162075E-007   6.8982456292730626E-007   8.3713853840028652E-007   9.9824913408812654E-007   1.1729924562078195E-006   1.3611862894455932E-006   1.5626273476475483E-006   1.7770873004270234E-006   2.0043072321064263E-006   2.2439901476116010E-006   2.4957911068293961E-006   2.7593045493745561E-006   3.0340483716245436E-006   3.3194443444859494E-006   3.6147945223336564E-006   3.9192534011666298E-006   4.2317957490274951E-006   4.5511802671086331E-006   4.8759095591264229E-006   5.2041873019761602E-006   5.5338740317875314E-006   5.8624435894702045E-006   6.1869430014274709E-006   6.5039593813957616E-006   6.8095982837208748E-006   7.0994787443775932E-006   7.3687509083479187E-006   7.6121425200139629E-006   7.8240404738437843E-006   7.9986128905160031E-006   8.1299756019712452E-006   8.2124043324705136E-006   8.2405901631292516E-006   8.2099311072188016E-006   8.1168470324058714E-006   7.9590992055594230E-006   7.7360901161924066E-006   7.4491148854186478E-006   7.1015335440950653E-006   6.6988347862289233E-006   6.2485672343679995E-006   5.7601240509903127E-006   5.2443804303170881E-006   4.7131998044802767E-006   4.1788414003743512E-006   3.6533164562182662E-006   3.1477502346975793E-006   2.6718097328036464E-006   2.2332515323444665E-006   1.8376308693615554E-006   1.4881935878992658E-006   1.1859503073335309E-006   9.2991062673770682E-007   7.1743808037684958E-007   5.4467643753436039E-007   4.0699589284906361E-007   2.9941316145702905E-007   2.1695055084348129E-007   1.5491301894070965E-007   1.0907625000133245E-007   7.5790613231853239E-008   5.2014136869715817E-008   3.5291935157543216E-008   2.3700287581841850E-008   1.5771718404370101E-008   1.0414063272107071E-008   6.8326435997105774E-009   4.4610434730338938E-009   2.9030332648864120E-009   1.8860685014165938E-009   1.2254738063783879E-009   7.9775163114135413E-010   5.2124799099557843E-010   3.4248763483639426E-010   2.2671982175636156E-010   1.5149642930144133E-010   1.0237785696309078E-010   7.0099543772116605E-011   4.8722675204976390E-011   3.4437821546253354E-011   2.4796215192798259E-011   1.8218217465244793E-011   1.3680001915557265E-011   1.0514130806764484E-011   8.2826201687861536E-012   6.6960364567947772E-012   5.5618091778301900E-012   4.7511103859380493E-012   4.1775725985926158E-012   3.7836006787125543E-012   3.5316045466631096E-012   3.3984492561162800E-012
   1.0524092608387805E-008   5.5439522995629901E-008   1.3619976143614967E-007   2.5274385598184177E-007   4.0496012947766945E-007   5.9270035574049100E-007   8.1578117696247676E-007   1.0739843927712891E-006   1.3670569292805506E-006   1.6947104849892262E-006   2.0566206752556956E-006   2.4524253920323789E-006   2.8817219930716509E-006   3.3440628251303935E-006   3.8389484696680364E-006   4.3658179813064189E-006   4.9240352749637325E-006   5.5128707148844359E-006   6.1314768774511767E-006   6.7788574116000451E-006   7.4538279204454031E-006   8.1549678530820047E-006   8.8805625477938087E-006   9.6285348322493804E-006   1.0396365991631819E-005   1.1181006493904534E-005   1.1978777645500465E-005   1.2785266371322586E-005   1.3595216593161842E-005   1.4402422228302120E-005   1.5199628627394594E-005   1.5978451261320149E-005   1.6729322541103142E-005   1.7441479635051414E-005   1.8103007774408690E-005   1.8700954467548313E-005   1.9221529847727987E-005   1.9650406580775690E-005   1.9973128873375865E-005   2.0175633743960158E-005   2.0244878629272431E-005   2.0169557705223538E-005   1.9940875564794135E-005   1.9553332252322793E-005   1.9005459847787949E-005   1.8300440109927819E-005   1.7446527716567929E-005   1.6457206889324776E-005   1.5351022531448335E-005   1.4151051076852695E-005   1.2884009906540927E-005   1.1579044232067477E-005   1.0266271624583726E-005   8.9752004148179637E-006   7.7331623336692327E-006   6.5639065516368956E-006   5.4864888710569984E-006   4.5145569891443188E-006   3.6560850579227576E-006   2.9135558930889037E-006   2.2845363501522142E-006   1.7625493531075034E-006   1.3381211966401559E-006   9.9987771388120998E-007   7.3557633539713608E-007   5.3298823062840209E-007   3.8057896394133014E-007   2.6797054566473028E-007   1.8619683005013591E-007   1.2778452357032287E-007   8.6702642615744490E-008   5.8225131462069912E-008   3.8746803147686987E-008   2.5584508246107361E-008   1.6785938586307318E-008   1.0959565017025912E-008   7.1319595976665145E-009   4.6335550175174767E-009   3.0106543320753972E-009   1.9598578049691465E-009   1.2805639043515273E-009   8.4139854816617115E-010   5.5698866021081968E-010   3.7218533663991507E-010   2.5151442402952075E-010   1.7221542723767329E-010   1.1969830151626457E-010   8.4604318824138031E-011   6.0917526185150785E-011   4.4757182935246859E-011   3.3608027209971507E-011   2.5830346839432106E-011   2.0348134870205137E-011   1.6450332158433244E-011   1.3663845614861635E-011   1.1672180173205725E-011   1.0263154525253786E-011   9.2952731546937245E-012   8.6761875058025320E-012   8.3490613361226784E-012
   1.9529400921901704E-008   1.0287829191447084E-007   2.5274385598184177E-007   4.6901298550744258E-007   7.5147844286844993E-007   1.0998651669583711E-006   1.5138329034413209E-006   1.9929767411566634E-006   2.5368270546864335E-006   3.1448488472561239E-006   3.8164401631480441E-006   4.5509290438854556E-006   5.3475683122840988E-006   6.2055272649299921E-006   7.1238791383225180E-006   8.1015829945306767E-006   9.1374584600015813E-006   1.0230151560599202E-005   1.1378089745017714E-005   1.2579424099520787E-005   1.3831956756559075E-005   1.5133051621108445E-005   1.6479526821121194E-005   1.7867527779033832E-005   1.9292380553510261E-005   2.0748426173655521E-005   2.2228838142952216E-005   2.3725427184084446E-005   2.5228439671495961E-005   2.6726359070505098E-005   2.8205723037045440E-005   2.9650972526095096E-005   3.1044353106187671E-005   3.2365892351861680E-005   3.3593480205310549E-005   3.4703080921950194E-005   3.5669104852744705E-005   3.6464964978404226E-005   3.7063835899931556E-005   3.7439621153201410E-005   3.7568117849056858E-005   3.7428345939183442E-005   3.7003983918597948E-005   3.6284825602010870E-005   3.5268146992238885E-005   3.3959852431285394E-005   3.2375260001072966E-005   3.0539392169558445E-005   2.8486662435758162E-005   2.6259893392224837E-005   2.3908664082454942E-005   2.1487058838711660E-005   1.9050966386388778E-005   1.6655144892558088E-005   1.4350313440610340E-005   1.2180543010296791E-005   1.0181195168410636E-005   8.3775957421263283E-006   6.7845422458407808E-006   5.4066420034305596E-006   4.2393798651316989E-006   3.2707364180775688E-006   2.4831314493044720E-006   1.8554580878257806E-006   1.3649979810311232E-006   9.8905827133267994E-007   7.0623467939919596E-007   4.9726892533958612E-007   3.4552266686993256E-007   2.3712782519892040E-007   1.6089279443262378E-007   1.0804750379590118E-007   7.1901861877392014E-008   4.7476788500483625E-008   3.1149414652731209E-008   2.0337500543900610E-008   1.3234670534030121E-008   8.5984185998768325E-009   5.5868261213797641E-009   3.6368787550059477E-009   2.3763232446533822E-009   1.5613706752396584E-009   1.0335955087985800E-009   6.9065875101676099E-010   4.6673154705982361E-010   3.1957758721930629E-010   2.2212234412672163E-010   1.5699896642149571E-010   1.1304374033083530E-010   8.3055233567660065E-011   6.2365912387981201E-011   4.7932987493572036E-011   3.7759728907786641E-011   3.0526634834479091E-011   2.5355793518476092E-011   2.1659889808792446E-011   1.9045182031880209E-011   1.7249099078805318E-011   1.6100271118800897E-011   1.5493227988580583E-011
   3.1291082013573536E-008   1.6483726677462234E-007   4.0496012947766945E-007   7.5147844286844993E-007   1.2040601594111488E-006   1.7622645610480834E-006   2.4255464735380038E-006   3.1932571259131610E-006   4.0646440584576641E-006   5.0388500698669232E-006   6.1149106735288778E-006   7.2917492205545248E-006   8.5681685424979529E-006   9.9428376405866085E-006   1.1414271603285255E-005   1.2980802582496547E-005   1.4640539318688369E-005   1.6391312399910803E-005   1.8230602197831274E-005   2.0155446281006490E-005   2.2162323104970414E-005   2.4247008973055362E-005   2.6404405714580150E-005   2.8628337313027442E-005   3.0911314922105493E-005   3.3244271426898944E-005   3.5616269038622299E-005   3.8014186446020372E-005   4.0422395852908775E-005   4.2822444832985406E-005   4.5192763276959036E-005   4.7508421625762305E-005   4.9740972751224671E-005   5.1858415733009430E-005   5.3825324618476407E-005   5.5603188013546182E-005   5.7151004772823530E-005   5.8426175709348085E-005   5.9385719691060295E-005   5.9987823525508780E-005   6.0193708010371642E-005   5.9969757756468170E-005   5.9289821549377709E-005   5.8137546476780232E-005   5.6508568000326103E-005   5.4412346382037900E-005   5.1873425096630818E-005   4.8931896520729754E-005   4.5642899858266312E-005   4.2075047826085133E-005   3.8307778698939597E-005   3.4427749373437280E-005   3.0524507844261897E-005   2.6685790663272284E-005   2.2992862739944155E-005   1.9516337025864205E-005   1.6312871771384247E-005   1.3423045411979422E-005   1.0870567340397742E-005   8.6628196647674233E-006   6.7925679634012487E-006   5.2405540708660386E-006   3.9786100014738087E-006   2.9729171637719266E-006   2.1870749616751673E-006   1.5847236486279524E-006   1.1315681091439314E-006   7.9675166626091129E-007   5.5361545138082455E-007   3.7993926468468540E-007   2.5779129867410278E-007   1.7311966281811672E-007   1.1520512410654248E-007   7.6069925987522611E-008   4.9909308148839464E-008   3.2585863745395522E-008   2.1205318215292944E-008   1.3776859959592794E-008   8.9515205847208217E-009   5.8272074935329215E-009   3.8074760120173396E-009   2.5017141103248578E-009   1.6560836640107373E-009   1.1066114986262085E-009   7.4782299650535499E-010   5.1204481547432384E-010   3.5589665627283577E-010   2.5155239292731539E-010   1.8112490823240436E-010   1.3307567065754532E-010   9.9926100508035083E-011   7.6800873145826257E-011   6.0500717804343143E-011   4.8911456015675954E-011   4.0626449202345075E-011   3.4704668674797788E-011   3.0515239832813525E-011   2.7637456780860330E-011   2.5796741335479214E-011   2.4824103390799721E-011
   4.5797682514748906E-008   2.4125611275022138E-007   5.9270035574049100E-007   1.0998651669583711E-006   1.7622645610480834E-006   2.5792535022874526E-006   3.5500340727008345E-006   4.6736567299619896E-006   5.9490201727110402E-006   7.3748697996151947E-006   8.9497939863774780E-006   1.0672216947795676E-005   1.2540386506032702E-005   1.4552354608950677E-005   1.6705947937422338E-005   1.8998725426047259E-005   2.1427919024057251E-005   2.3990353576317620E-005   2.6682341350381764E-005   2.9499546526393636E-005   3.2436814965696516E-005   3.5487964858439863E-005   3.8645534513073302E-005   4.1900484700990290E-005   4.5241854733623962E-005   4.8656373965681890E-005   5.2128033830314445E-005   5.5637629953355799E-005   5.9162289464901762E-005   6.2675005361453908E-005   6.6144207593222976E-005   6.9533409213835397E-005   7.2800974956608943E-005   7.5900068218414209E-005   7.8778839512835412E-005   8.1380923495954957E-005   8.3646310819462702E-005   8.5512653238611197E-005   8.6917043493135872E-005   8.7798283721230973E-005   8.8099616614365563E-005   8.7771842629978566E-005   8.6776686804778818E-005   8.5090214987614178E-005   8.2706039232501475E-005   7.9638005595528746E-005   7.5922035949334556E-005   7.1616809566662948E-005   6.6803028283093699E-005   6.1581113791336751E-005   5.6067332089643447E-005   5.0388514363871340E-005   4.4675723216092727E-005   3.9057370017484469E-005   3.3652394232081207E-005   2.8564145099669336E-005   2.3875547734833517E-005   1.9645992806903419E-005   1.5910181424687609E-005   1.2678918054589614E-005   9.9416143843399850E-006   7.6700841292348890E-006   5.8231005760191359E-006   4.3511667749301107E-006   3.2010067496965094E-006   2.3194043114902477E-006   1.6561650691372210E-006   1.1661271361177580E-006   8.1027254559622377E-007   5.5607977414678103E-007   3.7730379686519066E-007   2.5337824212551232E-007   1.6861442169417439E-007   1.1133607709013653E-007   7.3047350939792112E-008   4.7692727328289037E-008   3.1036140930727127E-008   2.0163836399325959E-008   1.3101461227369857E-008   8.5287111075488390E-009   5.5726285689083011E-009   3.6615131594882454E-009   2.4238469551588413E-009   1.6196385302134784E-009   1.0945150492502631E-009   7.4942968997505051E-010   5.2089097030820907E-010   3.6817252347212437E-010   2.6509473335381640E-010   1.9476978496837659E-010   1.4625201595837173E-010   1.1240589263299731E-010   8.8548956687269693E-011   7.1586892807616677E-011   5.9460942305014587E-011   5.0793813939015926E-011   4.4662158538282280E-011   4.0450230216260474E-011   3.7756155862072562E-011   3.6332601260384244E-011
   6.3035034452373218E-008   3.3206019483973495E-007   8.1578117696247676E-007   1.5138329034413209E-006   2.4255464735380038E-006   3.5500340727008345E-006   4.8861974622346851E-006   6.4327297106539016E-006   8.1881150083071992E-006   1.0150626546458981E-005   1.2318321393036978E-005   1.4689030668109780E-005   1.7260342708373430E-005   2.0029576252967470E-005   2.2993739987953270E-005   2.6149474078658715E-005   2.9492968634147014E-005   3.3019853432993895E-005   3.6725052752388563E-005   4.0602598854685847E-005   4.4645397684248857E-005   4.8844940718909903E-005   5.3190957832362914E-005   5.7671007607152955E-005   6.2270003965917626E-005   6.6969681452038179E-005   7.1748006187215743E-005   7.6578545646468585E-005   8.1429818059032999E-005   8.6264651513526112E-005   9.1039593610899443E-005   9.5704424431815828E-005   1.0020183800956167E-004   1.0446736935967096E-004   1.0842965386316965E-004   1.1201111136314437E-004   1.1512914616630923E-004   1.1769794336806857E-004   1.1963091864580297E-004   1.2084384045949747E-004   1.2125858915981118E-004   1.2080744745866129E-004   1.1943773444519725E-004   1.1711650762190342E-004   1.1383497474487099E-004   1.0961219325488327E-004   1.0449760531484092E-004   9.8571975928035707E-005   9.1946381522505351E-005   8.4759040551938956E-005   7.7169979262272785E-005   6.9353765617018702E-005   6.1490791618204089E-005   5.3757800165507347E-005   4.6318497210878243E-005   3.9315130626541829E-005   3.2861836918272785E-005   2.7040360241709115E-005   2.1898462524292869E-005   1.7451014822256347E-005   1.3683443589689597E-005   1.0556953775624320E-005   8.0148017382930049E-006   5.9888608441576085E-006   4.4058030815078469E-006   3.1923827289008925E-006   2.2795132080812499E-006   1.6050345817685802E-006   1.1152432835661817E-006   7.6537732472209265E-007   5.1931356628687960E-007   3.4874485661408340E-007   2.3207759207545862E-007   1.5324079887467465E-007   1.0054094509392525E-007   6.5643337068380526E-008   4.2717537338424431E-008   2.7753110033770822E-008   1.8032594980711730E-008   1.1738751154614562E-008   7.6700569667097938E-009   5.0396350968595454E-009   3.3361355408434264E-009   2.2292387943324170E-009   1.5064691060713061E-009   1.0315003671199988E-009   7.1694414337961001E-010   5.0674546018804666E-010   3.6487120597683190E-010   2.6807732251100402E-010   2.0129841420897366E-010   1.5471327206325086E-010   1.2187705204747386E-010   9.8530799086028901E-011   8.1840877986786735E-011   6.9911612024957313E-011   6.1472121460978526E-011   5.5674905700026578E-011   5.1966834452561160E-011   5.0007481742227952E-011
   8.2986277584538163E-008   4.3716069552665381E-007   1.0739843927712891E-006   1.9929767411566634E-006   3.1932571259131610E-006   4.6736567299619896E-006   6.4327297106539016E-006   8.4687554791132865E-006   1.0779738456189919E-005   1.3363405280247493E-005   1.6217198061032145E-005   1.9338261445586606E-005   2.2723420454121903E-005   2.6369145178865723E-005   3.0271497523947881E-005   3.4426054232124825E-005   3.8827799542405956E-005   4.3470980012893932E-005   4.8348913401788137E-005   5.3453743120493409E-005   5.8776129771079761E-005   6.4304871795737678E-005   7.0026448466512173E-005   7.5924480528098147E-005   8.1979107002952989E-005   8.8166281227719696E-005   9.4456995372757828E-005   1.0081645074438136E-004   1.0720320126438723E-004   1.1356830972534522E-004   1.1985457059257950E-004   1.2599586882066196E-004   1.3191676050919242E-004   1.3753237683654086E-004   1.4274876554058283E-004   1.4746379153893761E-004   1.5156871674349497E-004   1.5495056494101844E-004   1.5749534697145131E-004   1.5909217113747350E-004   1.5963819210931997E-004   1.5904425937386839E-004   1.5724101796480138E-004   1.5418509874197495E-004   1.4986492662496029E-004   1.4430559093249316E-004   1.3757218278557490E-004   1.2977103014992332E-004   1.2104836629677138E-004   1.1158615725603865E-004   1.0159507924264987E-004   9.1304952793759057E-005   8.0953265853718565E-005   7.0772702285736054E-005   6.0978782675923202E-005   5.1758777825554801E-005   4.3262949629988462E-005   3.5598915119176211E-005   2.8829553366685842E-005   2.2974442272508842E-005   1.8014395612083265E-005   1.3898339297855557E-005   1.0551569736057800E-005   7.8843975060241035E-006   5.8002855186994878E-006   4.2028050210208236E-006   3.0010028151310024E-006   2.1130446979618603E-006   1.4682293665476136E-006   1.0076271977655344E-006   6.8368170398734367E-007   4.5912622605168836E-007   3.0553256049501720E-007   2.0174310338956823E-007   1.3236319850797141E-007   8.6420135070251221E-008   5.6238081601633824E-008   3.6537257623566297E-008   2.3740098591832426E-008   1.5454187822308463E-008   1.0097709663497074E-008   6.6347319503530731E-009   4.3920570910650586E-009   2.9348160272438188E-009   1.9832822254332529E-009   1.3579809472310129E-009   9.4386441146569837E-010   6.6713566176668494E-010   4.8035673248781093E-010   3.5292657953295398E-010   2.6501145313872840E-010   2.0368162963651328E-010   1.6045240492473604E-010   1.2971682040972868E-010   1.0774436592884446E-010   9.2039363384011388E-011   8.0928686397809202E-011   7.3296591634391409E-011   6.8414877322362253E-011   6.5835369127937593E-011
   1.0563185700902571E-007   5.5645460218162075E-007   1.3670569292805506E-006   2.5368270546864335E-006   4.0646440584576641E-006   5.9490201727110402E-006   8.1881150083071992E-006   1.0779738456189919E-005   1.3721350376741161E-005   1.7010057045621351E-005   2.0642602566730490E-005   2.4615352408624689E-005   2.8924265192164702E-005   3.3564847756265164E-005   3.8532087363977817E-005   4.3820353724485118E-005   4.9423262358772373E-005   5.5333489806027687E-005   6.1542530351439836E-005   6.8040383473630853E-005   7.4815161207802107E-005   8.1852605276714859E-005   8.9135505369898889E-005   9.6643012604808029E-005   1.0434984627237924E-004   1.1222539777346570E-004   1.2023274352260351E-004   1.2832758883948490E-004   1.3645717769824919E-004   1.4455921873882870E-004   1.5256089598447546E-004   1.6037805268990474E-004   1.6791465756498965E-004   1.7506268249361400E-004   1.8170253719883970E-004   1.8770421562747724E-004   1.9292930686980739E-004   1.9723400537689632E-004   2.0047321623659523E-004   2.0250578724572359E-004   2.0320080828897092E-004   2.0244480115610137E-004   2.0014948506024110E-004   1.9625965614186483E-004   1.9076058067298395E-004   1.8368419443149202E-004   1.7511335082624510E-004   1.6518339296212398E-004   1.5408045874585764E-004   1.4203616972033781E-004   1.2931869214699817E-004   1.1622056077766745E-004   1.0304407007968863E-004   9.0085399485156613E-005   7.7618881575279927E-005   6.5882890248466881E-005   5.5068691380309430E-005   4.5313268904181953E-005   3.6696660550433371E-005   2.9243786703404709E-005   2.2930225535916124E-005   1.7690965688615680E-005   1.3430918195416049E-005   1.0035918879603184E-005   7.3830872808897117E-006   5.3496808380763278E-006   3.8199267334129073E-006   2.6896595664434793E-006   1.8688848206936118E-006   1.2825919558127683E-006   8.7024710707995021E-007   5.8441416184718317E-007   3.8890733120224178E-007   2.5679545185160193E-007   1.6848292109268379E-007   1.1000275727685257E-007   7.1584521768121000E-008   4.6507669522383502E-008   3.0218377939388944E-008   1.9671379482875728E-008   1.2853207233046397E-008   8.4452403104713912E-009   5.5905766606562801E-009   3.7356786683413831E-009   2.5244870663356621E-009   1.7285514354196582E-009   1.2014293621772156E-009   8.4918592423393995E-010   6.1143812153503919E-010   4.4923439234796481E-010   3.3732868539846458E-010   2.5926296977487498E-010   2.0423720628387266E-010   1.6511439028250767E-010   1.3714601722832750E-010   1.1715537984310173E-010   1.0301278329773442E-010   9.3298016396575365E-011   8.7084163176783894E-011   8.3800749958622594E-011
   1.3094949580211708E-007   6.8982456292730626E-007   1.6947104849892262E-006   3.1448488472561239E-006   5.0388500698669232E-006   7.3748697996151947E-006   1.0150626546458981E-005   1.3363405280247493E-005   1.7010057045621351E-005   2.1086994555998766E-005   2.5590181548411830E-005   3.0515112373963205E-005   3.5856777023592994E-005   4.1609605424073804E-005   4.7767383395379367E-005   5.4323131189499458E-005   6.1268934107861045E-005   6.8595713416756338E-005   7.6292924768130691E-005   8.4348170735021322E-005   9.2746714068263445E-005   1.0147087909435952E-004   1.1049933056897625E-004   1.1980622258980002E-004   1.2936021521640884E-004   1.3912336363992617E-004   1.4904989450147517E-004   1.5908489665760668E-004   1.6916296962041303E-004   1.7920689215735464E-004   1.8912639589948040E-004   1.9881715357587563E-004   2.0816011730288674E-004   2.1702136699486497E-004   2.2525264920903948E-004   2.3269279829331974E-004   2.3917022927935955E-004   2.4450666958292504E-004   2.4852224822449021E-004   2.5104198191434310E-004   2.5190358425441475E-004   2.5096637879693981E-004   2.4812092578711814E-004   2.4329879021134818E-004   2.3648170699026828E-004   2.2770926620713190E-004   2.1708417941527537E-004   2.0477422849268743E-004   1.9101016451888146E-004   1.7607912363931015E-004   1.6031354568529140E-004   1.4407607957109449E-004   1.2774147311620481E-004   1.1167689346506133E-004   9.6222424700331341E-005   8.1673573714469448E-005   6.8267448617491885E-005   5.6173865386474922E-005   4.5492045039879342E-005   3.6252880831473926E-005   2.8426097557865325E-005   2.1931102063072055E-005   1.6650014641879612E-005   1.2441308468928013E-005   9.1526513333276112E-006   6.6318819746630532E-006   4.7354793705719574E-006   3.3343119592702017E-006   2.3168155129673395E-006   1.5900011103580470E-006   1.0788262473283354E-006   7.2448541567310060E-007   4.8211988671494307E-007   3.1834368812971681E-007   2.0886458113170992E-007   1.3636800497614751E-007   8.8741761228056112E-008   5.7654537630321464E-008   3.7461060206322879E-008   2.4386177597867903E-008   1.5933839035545249E-008   1.0469379142785025E-008   6.9305152411877930E-009   4.6310388925211278E-009   3.1295512344100362E-009   2.1428472938508442E-009   1.4893856235578865E-009   1.0527171609904345E-009   7.5798642565154844E-010   5.5690602097348234E-010   4.1817897103470876E-010   3.2140261596725001E-010   2.5318838411238818E-010   2.0468868738453467E-010   1.7001690887421777E-010   1.4523495425862689E-010   1.2770268757897981E-010   1.1565950417235655E-010   1.0795632665413374E-010   1.0388595131848598E-010
   1.5891412891249976E-007   8.3713853840028652E-007   2.0566206752556956E-006   3.8164401631480441E-006   6.1149106735288778E-006   8.9497939863774780E-006   1.2318321393036978E-005   1.6217198061032145E-005   2.0642602566730490E-005   2.5590181548411830E-005   3.1055036787799857E-005   3.7031700442003584E-005   4.3514092600438206E-005   5.0495453685073379E-005   5.7968242460261495E-005   6.5923988633174931E-005   7.4353087299101078E-005   8.3244520935215935E-005   9.2585493418282803E-005   1.0236095981594463E-004   1.1255303569803042E-004   1.2314027070125632E-004   1.3409677337985842E-004   1.4539117836639514E-004   1.5698545298802714E-004   1.6883354921522632E-004   1.8087991865959498E-004   1.9305792374856847E-004   2.0528819753611440E-004   2.1747702797830762E-004   2.2951486964213716E-004   2.4127511587457491E-004   2.5261329578160321E-004   2.6336689026664682E-004   2.7335598594728359E-004   2.8238499979315760E-004   2.9024570438336729E-004   2.9672175652194259E-004   3.0159487327581139E-004   3.0465270318162131E-004   3.0569830312458226E-004   3.0456095480587070E-004   3.0110784730326092E-004   2.9525593111353037E-004   2.8698304059825115E-004   2.7633722041429850E-004   2.6344311645608916E-004   2.4850434089352562E-004   2.3180092234811471E-004   2.1368131569671106E-004   1.9454895423156294E-004   1.7484393156249421E-004   1.5502102395978067E-004   1.3552580814417571E-004   1.1677099411065115E-004   9.9115195079627882E-005   8.2846154264857926E-005   6.8169952322911980E-005   5.5206999199791883E-005   4.3994785490492900E-005   3.4496570636791058E-005   2.6614550587585218E-005   2.0205672095087897E-005   1.5098184882353998E-005   1.1107225766439900E-005   8.0481390218308056E-006   5.7467543082009302E-006   4.0463636555780338E-006   2.8115779815642383E-006   1.9295503191877995E-006   1.3092126265319436E-006   8.7920131372998949E-007   5.8507794443496884E-007   3.8632687803833883E-007   2.5346819984230310E-007   1.6548977595963784E-007   1.0769281391528331E-007   6.9966826288668734E-008   4.5460974968719650E-008   2.9593914407481342E-008   1.9336555173851408E-008   1.2705144502766992E-008   8.4105462622969217E-009   5.6200102723343613E-009   3.7978757020557328E-009   2.6004583599878910E-009   1.8074481122108721E-009   1.2775278713774944E-009   9.1985655860744273E-010   6.7583486799264598E-010   5.0748226638404423E-010   3.9003904851849464E-010   3.0725747560559237E-010   2.4840053224115165E-010   2.0632449791918509E-010   1.7625028719876383E-010   1.5497395566200109E-010   1.4035891656869242E-010   1.3101070382706733E-010   1.2607108839098459E-010
   1.8949777641872031E-007   9.9824913408812654E-007   2.4524253920323789E-006   4.5509290438854556E-006   7.2917492205545248E-006   1.0672216947795676E-005   1.4689030668109780E-005   1.9338261445586606E-005   2.4615352408624689E-005   3.0515112373963205E-005   3.7031700442003584E-005   4.4158596462040877E-005   5.1888550420847656E-005   6.0213501833084806E-005   6.9124458122721153E-005   7.8611318855846657E-005   8.8662630626158145E-005   9.9265255545344006E-005   1.1040393482605330E-004   1.2206072807967773E-004   1.3421430894730197E-004   1.4683909885908144E-004   1.5990422345894665E-004   1.7337228099145008E-004   1.8719791924666780E-004   2.0132622807114941E-004   2.1569096857124173E-004   2.3021267851213055E-004   2.4479671646767456E-004   2.5933133514347657E-004   2.7368590665821174E-004   2.8770945841181733E-004   3.0122971551998357E-004   3.1405288144846060E-004   3.2596441777860510E-004   3.3673110075862540E-004   3.4610462878362154E-004   3.5382702256087610E-004   3.5963798975055506E-004   3.6328431101716006E-004   3.6453114077088038E-004   3.6317490530658075E-004   3.5905723371905521E-004   3.5207909330239520E-004   3.4221405255410443E-004   3.2951940251374620E-004   3.1414377766708542E-004   2.9632997614486320E-004   2.7641191917530684E-004   2.5480512314325968E-004   2.3199066366067292E-004   2.0849333207900454E-004   1.8485542814576598E-004   1.6160828156955228E-004   1.3924403000286877E-004   1.1819030318719396E-004   9.8790221646541095E-005   8.1289527068262421E-005   6.5831802764818541E-005   5.2461754543281661E-005   4.1135570980869775E-005   3.1736625253176243E-005   2.4094332953699805E-005   1.8003889790945931E-005   1.3244854937222129E-005   9.5970349482607412E-006   6.8527397184953473E-006   4.8251022143900074E-006   3.3526771935276866E-006   2.3008998474606964E-006   1.5611757323586952E-006   1.0484070555361787E-006   6.9767849001714100E-007   4.6067700122095950E-007   3.0224914922082925E-007   1.9733893253538680E-007   1.2841871841652206E-007   8.3432216477604204E-008   5.4210117938241158E-008   3.5289379327822262E-008   2.3057951071552094E-008   1.5150299402758088E-008   1.0029188883825438E-008   6.7016032957278292E-009   4.5287917794302377E-009   3.1009267725874018E-009   2.1552985917618615E-009   1.5233931217800859E-009   1.0968865617749093E-009   8.0590193953970132E-010   6.0514921932875913E-010   4.6510359347232491E-010   3.6639038211226737E-010   2.9620618911011340E-010   2.4603245692472232E-010   2.1017034637440282E-010   1.8479930136943626E-010   1.6737154066994841E-010   1.5622422771451889E-010   1.5033396391036901E-010
   2.2266932634042427E-007   1.1729924562078195E-006   2.8817219930716509E-006   5.3475683122840988E-006   8.5681685424979529E-006   1.2540386506032702E-005   1.7260342708373430E-005   2.2723420454121903E-005   2.8924265192164702E-005   3.5856777023592994E-005   4.3514092600438206E-005   5.1888550420847656E-005   6.0971631358149697E-005   7.0753863940571093E-005   8.1224681443347205E-005   9.2372215353522371E-005   1.0418300734818632E-004   1.1664161975416324E-004   1.2973012273626236E-004   1.4342743544424274E-004   1.5770849834409435E-004   1.7254325534215908E-004   1.8789542753217683E-004   2.0372106598848312E-004   2.1996687960538420E-004   2.3656834621745367E-004   2.5344763182523234E-004   2.7051136434473074E-004   2.8764833538606142E-004   3.0472723631207811E-004   3.2159457285553614E-004   3.3807294469128589E-004   3.5395992024910195E-004   3.6902777894806752E-004   3.8302442745993240E-004   3.9567581625926391E-004   4.0669017859218675E-004   4.1576437593958572E-004   4.2259255183676894E-004   4.2687716095145132E-004   4.2834224801774297E-004   4.2674860379192739E-004   4.2191013457179555E-004   4.1371047199499980E-004   4.0211855772953126E-004   3.8720171160059295E-004   3.6913458653257118E-004   3.4820248242307196E-004   3.2479777334816826E-004   2.9940871175728189E-004   2.7260058545724883E-004   2.4499005042634387E-004   2.1721433588031336E-004   1.8989778069274939E-004   1.6361867111914903E-004   1.3887949340635699E-004   1.1608343126121978E-004   9.5519243406982468E-005   7.7355647387795451E-005   6.1645174753803615E-005   4.8336344900953188E-005   3.7292115501283147E-005   2.8312041380197465E-005   2.1155467293710861E-005   1.5563364288936012E-005   1.1276994100832192E-005   8.0523105101347521E-006   5.6697354444301195E-006   3.9395627021508701E-006   2.7036719305812646E-006   1.8344592490373284E-006   1.2319305123188079E-006   8.1980697774021148E-007   5.4131842315519775E-007   3.5515780562647202E-007   2.3188307535228759E-007   1.5089839078704239E-007   9.8037010192175103E-008   6.3699588830376622E-008   4.1466778504750850E-008   2.7094241045594422E-008   1.7802356447780507E-008   1.1784796501082668E-008   7.8747176851467549E-009   5.3215559238728911E-009   3.6437434176394404E-009   2.5325832026104341E-009   1.7900627996228929E-009   1.2888963469555233E-009   9.4697492163300578E-010   7.1108047571821915E-010   5.4651988954294706E-010   4.3052694920429456E-010   3.4805702649130135E-010   2.8910039197639519E-010   2.4696062575697163E-010   2.1714838412240241E-010   1.9666989720864397E-010   1.8357124922869774E-010   1.7664989585967840E-010
   2.5839418871844183E-007   1.3611862894455932E-006   3.3440628251303935E-006   6.2055272649299921E-006   9.9428376405866085E-006   1.4552354608950677E-005   2.0029576252967470E-005   2.6369145178865723E-005   3.3564847756265164E-005   4.1609605424073804E-005   5.0495453685073379E-005   6.0213501833084806E-005   7.0753863940571093E-005   8.2105548941519506E-005   9.4256294795541128E-005   1.0719232881635321E-004   1.2089803344006821E-004   1.3535549418739292E-004   1.5054390457683252E-004   1.6643880156587887E-004   1.8301110509188212E-004   2.0022593688909978E-004   2.1804119749684389E-004   2.3640588686414736E-004   2.5525816390922361E-004   2.7452315458963606E-004   2.9411053729047935E-004   3.1391195939629466E-004   3.3379837034517527E-004   3.5361739446273079E-004   3.7319091100233924E-004   3.9231305769348127E-004   4.1074892503057282E-004   4.2823425715167028E-004   4.4447651510628062E-004   4.5915768111460202E-004   4.7193917763251671E-004   4.8246923087508816E-004   4.9039291304710892E-004   4.9536494091623445E-004   4.9706508520695519E-004   4.9521575816401130E-004   4.8960100938238646E-004   4.8008580046646741E-004   4.6663409011395938E-004   4.4932399888104261E-004   4.2835820084701599E-004   4.0406776916324230E-004   3.7690803004248398E-004   3.4744557070908708E-004   3.1633637322686073E-004   2.8429602929333882E-004   2.5206400459486716E-004   2.2036480636097153E-004   1.8986950056329660E-004   1.6116119188100758E-004   1.3470775044488212E-004   1.1084426316273361E-004   8.9766516466666655E-005   7.1535470020523816E-005   5.6091383719380010E-005   4.3275228289937662E-005   3.2854399317733801E-005   2.4549631052283587E-005   1.8060336173205175E-005   1.3086264685654577E-005   9.3442158189056263E-006   6.5793825961099525E-006   4.5716225268109639E-006   3.1374465740077114E-006   2.1287782074992887E-006   1.4295803131925258E-006   9.5133605692524303E-007   6.2816705420705403E-007   4.1213899803860797E-007   2.6908618316645998E-007   1.7510839012790234E-007   1.1376597814042869E-007   7.3919492406239635E-008   4.8119670394660970E-008   3.1441216215002763E-008   2.0658550179327842E-008   1.3675538436999211E-008   9.1381301640506468E-009   6.1753414727932591E-009   4.2283422677611061E-009   2.9389085275266051E-009   2.0772588324827080E-009   1.4956856940617344E-009   1.0989067090362350E-009   8.2516557469539766E-010   6.3420303908875327E-010   4.9960029784701296E-010   4.0389897641526147E-010   3.3548339356233382E-010   2.8658276192164784E-010   2.5198747159744073E-010   2.2822343503601476E-010   2.1302325199458338E-010   2.0499144304265263E-010
