# Version 0.33
# Potential name = chengdu_MMWLY_600   
# L = 1
# S = 1
# J = 0
# Order = 2                   
# K_MAX = 1200 MeV
# For uncoupled channels, e.g., 3P0 (LSJ = 110)
# storage = D(1:N，1:N) (row, column)
# D(i,j)  = <pout(j),L|V|L,pin(i)>
# Normalization
# If V were so weak as to validate the Born approximation, the relation of V
# in 1S0 and the respective scattering length 'a' would have been
# <p|V|p> = 2/pi * a + ... for p->0, in unit of MeV^(-1)
# Momenta are in unit of MeV
# The value of pin and pout, where pin(1:N) = pout(1:N)
  0.17176393593524608       0.90482961624252312        2.2229191601248885        4.1250377775339757        6.6093628542049601        9.6734755763658313        13.314384907848989        17.528534541776253        22.311807446510670        27.659530244704911        33.566477918246392        40.026878974152282        47.034421112799578        54.582257410482157        62.663013017563799        71.268792368988898        80.391186901701303        90.021283272245228        100.14967206695951        110.76645699649430        121.86126456581133        133.42325421030273        145.44112888817568        157.90314611878756        170.79712945616615        184.11048038651882        197.83019063811543        211.94285489152242        226.43468387777534        241.29151785169273        256.49884042717133        272.04179276094351        287.90518807094219        304.07352647508543        320.53101013598518        337.26155869678109        354.24882499301907        371.47621102522203        388.92688417654699        406.58379365968250        424.42968717691679        442.44712777709788        460.61851089301558        478.92608154255839        497.35195167683804        515.87811765833158        534.48647785196329        553.15885031193807        571.87699054704501        590.62260934707410        609.37739065292590        628.12300945295499        646.84114968806193        665.51352214803671        684.12188234166842        702.64804832316190        721.07391845744155        739.38148910698442        757.55287222290212        775.57031282308321        793.41620634031756        811.07311582345301        828.52378897477797        845.75117500698093        862.73844130321891        879.46898986401482        895.92647352491463        912.09481192905787        927.95820723905649        943.50115957282867        958.70848214830721        973.56531612222466        988.05714510847758        1002.1698093618845        1015.8895196134812        1029.2028705438338        1042.0968538812124        1054.5588711118244        1066.5767457896973        1078.1387354341887        1089.2335430035057        1099.8503279330405        1109.9787167277548        1119.6088130982987        1128.7312076310111        1137.3369869824362        1145.4177425895177        1152.9655788872005        1159.9731210258478        1166.4335220817536        1172.3404697552951        1177.6881925534894        1182.4714654582237        1186.6856150921510        1190.3265244236341        1193.3906371457952        1195.8749622224659        1197.7770808398750        1199.0951703837575        1199.8282360640646     
# Matrix elements start here 
  -2.5259835278532399E-009  -1.3306580636797177E-008  -3.2691078079621854E-008  -6.0666761756895383E-008  -9.7212184265592729E-008  -1.4230335004088326E-007  -1.9591762583354213E-007  -2.5803810984714504E-007  -3.2865857793567728E-007  -4.0778891119089237E-007  -4.9546084610485624E-007  -5.9173384064389838E-007  -6.9670080135157900E-007  -8.1049336637967022E-007  -9.3328638820491409E-007  -1.0653012095540606E-006  -1.2068072787716737E-006  -1.3581216083689847E-006  -1.5196055441385346E-006  -1.6916582825702343E-006  -1.8747065511628571E-006  -2.0691898490152478E-006  -2.2755406338555253E-006  -2.4941588386945142E-006  -2.7253801130944784E-006  -2.9694372234559620E-006  -3.2264141344260469E-006  -3.4961924585245129E-006  -3.7783902396761034E-006  -4.0722934693915951E-006  -4.3767813627235924E-006  -4.6902472792414007E-006  -5.0105182815944184E-006  -5.3347776746851500E-006  -5.6594964178060313E-006  -5.9803809540436092E-006  -6.2923465942817834E-006  -6.5895268909695318E-006  -6.8653301276813413E-006  -7.1125537608605332E-006  -7.3235659796429709E-006  -7.4905601316784423E-006  -7.6058823523683296E-006  -7.6624253167395390E-006  -7.6540719357773777E-006  -7.5761628065985876E-006  -7.4259515324527244E-006  -7.2030042965011426E-006  -6.9094961646165491E-006  -6.5503582677509315E-006  -6.1332385109448629E-006  -5.6682540422652852E-006  -5.1675353404118324E-006  -4.6445869531650249E-006  -4.1135149235731056E-006  -3.5881914212008513E-006  -3.0814389409399491E-006  -2.6043167628965338E-006  -2.1655803610049457E-006  -1.7713617300243096E-006  -1.4250890327855544E-006  -1.1276328436970849E-006  -8.7763909360500885E-007  -6.7199006919262023E-007  -5.0632693603633158E-007  -3.7557027640838583E-007  -2.7438693942089541E-007  -1.9756857684055297E-007  -1.4030567707317680E-007  -9.8357344014662500E-008  -6.8129278859510487E-008  -4.6679543390445966E-008  -3.1674023436570403E-008  -2.1312160618554559E-008  -1.4239886386369538E-008  -9.4621128185966069E-009  -6.2626382892116177E-009  -4.1355454465349558E-009  -2.7293716373010729E-009  -1.8035165016074935E-009  -1.1953593949409287E-009  -7.9617082606645295E-010  -5.3390202043979031E-010  -3.6114924075591586E-010  -2.4688935511301353E-010  -1.7089200913288918E-010  -1.1998990726443247E-010  -8.5615384365019225E-011  -6.2186836401525893E-011  -4.6058441499071938E-011  -3.4839528036329706E-011  -2.6954661982692239E-011  -2.1359625381213211E-011  -1.7357989552336081E-011  -1.4482490758088164E-011  -1.2418160128092133E-011  -1.0952421168069184E-011  -9.9426962516118801E-012  -9.2954890732767718E-012  -8.9530462180332300E-012
  -1.3306580636797177E-008  -7.0097483244218274E-008  -1.7221270891008416E-007  -3.1958528118468108E-007  -5.1210221752068410E-007  -7.4963711174596925E-007  -1.0320707338745311E-006  -1.3593140460587938E-006  -1.7313342584058476E-006  -2.1481834206916583E-006  -2.6100287133517006E-006  -3.1171833490891587E-006  -3.6701367424159303E-006  -4.2695823399088191E-006  -4.9164412345498509E-006  -5.6118794228955278E-006  -6.3573163146966022E-006  -7.1544218807379582E-006  -8.0050996331395907E-006  -8.9114524761738587E-006  -9.8757283437365944E-006  -1.0900242448944266E-005  -1.1987272912187426E-005  -1.3138926518318498E-005  -1.4356971415843282E-005  -1.5642633778612216E-005  -1.6996355912517284E-005  -1.8417514158876184E-005  -1.9904096413781291E-005  -2.1452341363974018E-005  -2.3056344850049433E-005  -2.4707643288251009E-005  -2.6394789915356085E-005  -2.8102946735149806E-005  -2.9813523206661597E-005  -3.1503901416596775E-005  -3.3147295870225943E-005  -3.4712802871836298E-005  -3.6165698105178452E-005  -3.7468039498606156E-005  -3.8579623659564527E-005  -3.9459326157691502E-005  -4.0066827433913608E-005  -4.0364687034805845E-005  -4.0320680947617758E-005  -3.9910264067062036E-005  -3.9118968761531024E-005  -3.7944509774986161E-005  -3.6398345110288579E-005  -3.4506451365089745E-005  -3.2309116750004235E-005  -2.9859637125033924E-005  -2.7221914310253819E-005  -2.4467088537265062E-005  -2.1669468629364954E-005  -1.8902131386767639E-005  -1.6232624051801055E-005  -1.3719205472822259E-005  -1.1407998340075549E-005  -9.3313051912766602E-006  -7.5071851253913140E-006  -5.9402241960691446E-006  -4.6232893234076937E-006  -3.5399567801099778E-006  -2.6672647759344841E-006  -1.9784555837319658E-006  -1.4454348455539643E-006  -1.0407656500937360E-006  -7.3911210788607410E-007  -5.1813372390664321E-007  -3.5889619524298530E-007  -2.4590177100115754E-007  -1.6685463927662096E-007  -1.1226969137894579E-007  -7.5013869454227229E-008  -4.9845179237338699E-008  -3.2990763406857071E-008  -2.1785514981274760E-008  -1.4377974321694735E-008  -9.5006899781084308E-009  -6.2969975247259101E-009  -4.1941241355422164E-009  -2.8125262358692476E-009  -1.9024871046147794E-009  -1.3005809203450837E-009  -9.0023680989264410E-010  -6.3209117500637487E-010  -4.5101067175352019E-010  -3.2759213734534727E-010  -2.4262985729249342E-010  -1.8353008513028268E-010  -1.4199363979287059E-010  -1.1251971725480134E-010  -9.1439622065520095E-011  -7.6291869806586699E-011  -6.5417245561197505E-011  -5.7695924094534787E-011  -5.2376825076137355E-011  -4.8967422170617166E-011  -4.7163477925138448E-011
  -3.2691078079621854E-008  -1.7221270891008416E-007  -4.2308533379544332E-007  -7.8514440682474195E-007  -1.2581123546401936E-006  -1.8416786225526530E-006  -2.5355502817989086E-006  -3.3395085723850634E-006  -4.2534729139060613E-006  -5.2775711463002895E-006  -6.4122139452599462E-006  -7.6581707378556522E-006  -9.0166438198762412E-006  -1.0489336726513914E-005  -1.2078512246150284E-005  -1.3787034816877946E-005  -1.5618391433327000E-005  -1.7576684641363712E-005  -1.9666590727607182E-005  -2.1893275826904108E-005  -2.4262262371275750E-005  -2.6779238081027199E-005  -2.9449799553369278E-005  -3.2279122465468614E-005  -3.5271550561713287E-005  -3.8430096105208762E-005  -4.1755845608726605E-005  -4.5247266795843023E-005  -4.8899416348639641E-005  -5.2703053602942316E-005  -5.6643673484503178E-005  -6.0700483085066448E-005  -6.4845360607927274E-005  -6.9041852889708868E-005  -7.3244287756054233E-005  -7.7397098847948941E-005  -8.1434481171783915E-005  -8.5280512422412523E-005  -8.8849884069179059E-005  -9.2049382446396599E-005  -9.4780238470173225E-005  -9.6941420368865049E-005  -9.8433873792700831E-005  -9.9165617663470246E-005  -9.9057486388967565E-005  -9.8049179488253181E-005  -9.6105154224761639E-005  -9.3219796778485424E-005  -8.9421256903657808E-005  -8.4773352700596386E-005  -7.9375062090979403E-005  -7.3357319299609995E-005  -6.6877114517341346E-005  -6.0109220708539759E-005  -5.3236195130788884E-005  -4.6437568186894808E-005  -3.9879285525158993E-005  -3.3704473586938303E-005  -2.8026443422177282E-005  -2.2924553582120979E-005  -1.8443170238832176E-005  -1.4593559857814386E-005  -1.1358198111210595E-005  -8.6967360370552768E-006  -6.5527624173115308E-006  -4.8605404578376783E-006  -3.5510496510316724E-006  -2.5568846922924148E-006  -1.8158019568374470E-006  -1.2729167307269453E-006  -8.8171242663072872E-007  -6.0411516548874174E-007  -4.0991739077440931E-007  -2.7581670309707648E-007  -1.8428907090953022E-007  -1.2245630573685335E-007  -8.1049499464573997E-008  -5.3521192819644866E-008  -3.5322842070341878E-008  -2.3340656440864731E-008  -1.5470039643916082E-008  -1.0303841509887377E-008  -6.9096246879340527E-009  -4.6739018165107024E-009  -3.1951792714328178E-009  -2.2116408727267802E-009  -1.5528787869105630E-009  -1.1080124473467761E-009  -8.0480614186170150E-010  -5.9607656466228798E-010  -4.5088424853993451E-010  -3.4884032553712033E-010  -2.7643079187758000E-010  -2.2464264457696335E-010  -1.8742867522739075E-010  -1.6071263693310254E-010  -1.4174341890020734E-010  -1.2867581786590998E-010  -1.2029982851593399E-010  -1.1586802090544092E-010
  -6.0666761756895383E-008  -3.1958528118468108E-007  -7.8514440682474195E-007  -1.4570387765977791E-006  -2.3347532685900952E-006  -3.4177115407991475E-006  -4.7053699376384989E-006  -6.1973224098604866E-006  -7.8934192919498021E-006  -9.7938976399017089E-006  -1.1899519315841642E-005  -1.4211711857077399E-005  -1.6732706009210622E-005  -1.9465662597053638E-005  -2.2414780178875597E-005  -2.5585373723007791E-005  -2.8983913409847142E-005  -3.2618011641329805E-005  -3.6496345466163703E-005  -4.0628500916322681E-005  -4.5024725193725642E-005  -4.9695572232065366E-005  -5.4651426888812903E-005  -5.9901892951196527E-005  -6.5455030424101243E-005  -7.1316428515434595E-005  -7.7488102842068697E-005  -8.3967209343299048E-005  -9.0744574080543110E-005  -9.7803048502992731E-005  -1.0511571485049016E-004  -1.1264398697337515E-004  -1.2033567844217601E-004  -1.2812314225187275E-004  -1.3592162363354723E-004  -1.4362800715870917E-004  -1.5112017757880651E-004  -1.5825724501032336E-004  -1.6488090166633524E-004  -1.7081817037832670E-004  -1.7588576503157653E-004  -1.7989620095011508E-004  -1.8266566332692368E-004  -1.8402346363848170E-004  -1.8382269549946446E-004  -1.8195146095473070E-004  -1.7834380541130221E-004  -1.7298931372309396E-004  -1.6594022607395795E-004  -1.5731497254394333E-004  -1.4729722930125421E-004  -1.3612997368593930E-004  -1.2410453481126335E-004  -1.1154524087544836E-004  -9.8790864887646250E-005  -8.6174562366526927E-005  -7.4004279036360009E-005  -6.2545614488088321E-005  -5.2008839432013260E-005  -4.2541218567365702E-005  -3.4225080990156196E-005  -2.7081332541066088E-005  -2.1077451960536855E-005  -1.6138562376343465E-005  -1.2159980310610479E-005  -9.0197169742766979E-006  -6.5896901667043408E-006  -4.7448151921239166E-006  -3.3695860412823330E-006  -2.3621527704359141E-006  -1.6361942777219539E-006  -1.1210566796649071E-006  -7.6068369024503414E-007  -5.1183296813837783E-007  -3.4198511968839848E-007  -2.2724206221956651E-007  -1.5040346721870237E-007  -9.9319206389247053E-008  -6.5548543373691610E-008  -4.3313215241673883E-008  -2.8707722458015615E-008  -1.9120816766640194E-008  -1.2822174658422615E-008  -8.6733481210454247E-009  -5.9292858539375301E-009  -4.1041359050394302E-009  -2.8816727110165470E-009  -2.0561353910326128E-009  -1.4934762687669763E-009  -1.1061373795942739E-009  -8.3670442189424335E-010  -6.4734182088346374E-010  -5.1297167297767932E-010  -4.1686857175892788E-010  -3.4781072880815765E-010  -2.9823386408470538E-010  -2.6303274916094916E-010  -2.3878324575418793E-010  -2.2323995062238729E-010  -2.1501586028638139E-010
  -9.7212184265592729E-008  -5.1210221752068410E-007  -1.2581123546401936E-006  -2.3347532685900952E-006  -3.7411994852219125E-006  -5.4765273795930047E-006  -7.5398656217915329E-006  -9.9305632649618940E-006  -1.2648380033902940E-005  -1.5693695134898408E-005  -1.9067728477948593E-005  -2.2772766362159813E-005  -2.6812381820035136E-005  -3.1191637884521097E-005  -3.5917260074786253E-005  -4.0997762463329833E-005  -4.6443509866187548E-005  -5.2266697060984946E-005  -5.8481224535921240E-005  -6.5102449128729014E-005  -7.2146787020853771E-005  -7.9631145887182933E-005  -8.7572162568310099E-005  -9.5985222518536471E-005  -1.0488323773972453E-004  -1.1427516143217648E-004  -1.2416422097399999E-004  -1.3454585719500689E-004  -1.4540536863616048E-004  -1.5671527615279370E-004  -1.6843244740153188E-004  -1.8049505377122212E-004  -1.9281947492687869E-004  -2.0529731809917318E-004  -2.1779277886810517E-004  -2.3014063375405503E-004  -2.4214521622612561E-004  -2.5358077767496641E-004  -2.6419366147694052E-004  -2.7370670712592679E-004  -2.8182623712081365E-004  -2.8825184776573701E-004  -2.9268901683525482E-004  -2.9486425559674065E-004  -2.9454218260912320E-004  -2.9154351143569242E-004  -2.8576257141049992E-004  -2.7718268307768085E-004  -2.6588755953188119E-004  -2.5206696937546700E-004  -2.3601522397946427E-004  -2.1812165151918758E-004  -1.9885305242520461E-004  -1.7872909957974482E-004  -1.5829260877330846E-004  -1.3807739301536641E-004  -1.1857687007248757E-004  -1.0021660531429193E-004  -8.3333509924935064E-005  -6.8163540314719782E-005  -5.4838606769739372E-005  -4.3392201637565444E-005  -3.3772211807066441E-005  -2.5858658675934361E-005  -1.9483805439429636E-005  -1.4452187842876270E-005  -1.0558578878746065E-005  -7.6025550036005432E-006  -5.3990410035374510E-006  -3.7848430319283706E-006  -2.6216492387909684E-006  -1.7962514018658382E-006  -1.2188310128977041E-006  -8.2010129578307416E-007  -5.4795678614696057E-007  -3.6410587615555577E-007  -2.4098870467179247E-007  -1.5913729079420641E-007  -1.0502716721050427E-007  -6.9399912677296569E-008  -4.5997808342375731E-008  -3.0636894877390791E-008  -2.0544704888937518E-008  -1.3897123432551286E-008  -9.5003684547823297E-009  -6.5759684857408583E-009  -4.6172413655474197E-009  -3.2945004555465619E-009  -2.3929638298793035E-009  -1.7723391311554782E-009  -1.3406326009743745E-009  -1.0372210837617570E-009  -8.2192278170079777E-010  -6.6793893138720428E-010  -5.5728910190177567E-010  -4.7785321093353917E-010  -4.2145126220140545E-010  -3.8259683400375113E-010  -3.5769216620280499E-010  -3.4451489380499225E-010
  -1.4230335004088326E-007  -7.4963711174596925E-007  -1.8416786225526530E-006  -3.4177115407991475E-006  -5.4765273795930047E-006  -8.0167738325291381E-006  -1.1037174921739597E-005  -1.4536776955858270E-005  -1.8515226973594587E-005  -2.2973078291031730E-005  -2.7912114215695732E-005  -3.3335678297791854E-005  -3.9248996774936456E-005  -4.5659476039860191E-005  -5.2576955080485476E-005  -6.0013890011360329E-005  -6.7985445148593870E-005  -7.6509462681304316E-005  -8.5606280936622307E-005  -9.5298369555481751E-005  -1.0560974858275015E-004  -1.1656515749756602E-004  -1.2818893957322868E-004  -1.4050360679036513E-004  -1.5352805120029986E-004  -1.6727537086931354E-004  -1.8175028349126383E-004  -1.9694611006623917E-004  -2.1284132674829429E-004  -2.2939570736541694E-004  -2.4654611451053538E-004  -2.6420204543197199E-004  -2.8224110131321576E-004  -3.0050462458418097E-004  -3.1879383615834173E-004  -3.3686689752098782E-004  -3.5443741230474388E-004  -3.7117495507230108E-004  -3.8670825392159695E-004  -4.0063163719878260E-004  -4.1251526049847583E-004  -4.2191943760468966E-004  -4.2841309427692388E-004  -4.3159594596525568E-004  -4.3112348815104275E-004  -4.2673332409674445E-004  -4.1827080886176510E-004  -4.0571155299693964E-004  -3.8917810923944345E-004  -3.6894825995185070E-004  -3.4545280165666602E-004  -3.1926160092343779E-004  -2.9105791389239140E-004  -2.6160237954720957E-004  -2.3168950513895983E-004  -2.0210061560474609E-004  -1.7355790588111000E-004  -1.4668425355808418E-004  -1.2197277302862559E-004  -9.9768812689807253E-005  -8.0265431391255012E-005  -6.3511637249725721E-005  -4.9431141658983590E-005  -3.7848325235693690E-005  -2.8517668466265765E-005  -2.1153070092582413E-005  -1.5454141297924195E-005  -1.1127525531657339E-005  -7.9023323587850263E-006  -5.5396993253741976E-006  -3.8371835861175257E-006  -2.6290860556402750E-006  -1.7839426252677142E-006  -1.2003409004912792E-006  -8.0201621912075574E-007  -5.3292277205248707E-007  -3.5272239970757614E-007  -2.3292070150174274E-007  -1.5372254639824890E-007  -1.0157682716993991E-007  -6.7324427897691343E-008  -4.4841497051752595E-008  -3.0070115754924028E-008  -2.0340421774261383E-008  -1.3905139343055801E-008  -9.6248614573823982E-009  -6.7579849253814963E-009  -4.8219655103261446E-009  -3.5024388239665203E-009  -2.5940668032152797E-009  -1.9622033844435595E-009  -1.5181179099134849E-009  -1.2029985891806454E-009  -9.7762162118138924E-010  -8.1567009466420111E-010  -6.9940455364132059E-010  -6.1685241795437544E-010  -5.5998353564486245E-010  -5.2353207801220807E-010  -5.0424530119692656E-010
  -1.9591762583354213E-007  -1.0320707338745311E-006  -2.5355502817989086E-006  -4.7053699376384989E-006  -7.5398656217915329E-006  -1.1037174921739597E-005  -1.5195539996422932E-005  -2.0013645978960657E-005  -2.5491004075352147E-005  -3.1628371959020208E-005  -3.8428199169632649E-005  -4.5895081520780340E-005  -5.4036204787649806E-005  -6.2861754056524083E-005  -7.2385261154144688E-005  -8.2623858677559475E-005  -9.3598405470208699E-005  -1.0533344508053546E-004  -1.1785695589930018E-004  -1.3119984934731338E-004  -1.4539517066448725E-004  -1.6047695549504203E-004  -1.7647869458231843E-004  -1.9343135866074410E-004  -2.1136093656930170E-004  -2.3028544270266646E-004  -2.5021135676021856E-004  -2.7112947158968299E-004  -2.9301014655790808E-004  -3.1579799747887303E-004  -3.3940610285453467E-004  -3.6370987270622373E-004  -3.8854081210581032E-004  -4.1368051618906484E-004  -4.3885535352124742E-004  -4.6373242272535592E-004  -4.8791749075268278E-004  -5.1095572175607212E-004  -5.3233605904531888E-004  -5.5150010010518251E-004  -5.6785617509988191E-004  -5.8079907425931106E-004  -5.8973545004584909E-004  -5.9411434487186465E-004  -5.9346158985322170E-004  -5.8741604389139464E-004  -5.7576489096086616E-004  -5.5847461415703577E-004  -5.3571396218187416E-004  -5.0786535399253594E-004  -4.7552182620414266E-004  -4.3946783631073456E-004  -4.0064391139952102E-004  -3.6009708362769421E-004  -3.1892099215220196E-004  -2.7819111879467793E-004  -2.3890154279379219E-004  -2.0190962540293615E-004  -1.6789410408641099E-004  -1.3733031465956789E-004  -1.1048396736419262E-004  -8.7422489826103402E-005  -6.8040843498674627E-005  -5.2097266604188805E-005  -3.9253785557345707E-005  -2.9116571314793133E-005  -2.1272132542157082E-005  -1.5316661383118046E-005  -1.0877277153112043E-005  -7.6251873346307671E-006  -5.2817318992658578E-006  -3.6188289360389473E-006  -2.4555209275369950E-006  -1.6522162612155202E-006  -1.1039387905421907E-006  -7.3354320804930640E-007  -4.8550539996883898E-007  -3.2060385339648379E-007  -2.1159132791498688E-007  -1.3981526941075582E-007  -9.2668539574079415E-008  -6.1721924104173608E-008  -4.1389880962552654E-008  -2.7997469115302208E-008  -1.9139647090348867E-008  -1.3248077033173847E-008  -9.3019793401138702E-009  -6.6371565575296742E-009  -4.8209024828377445E-009  -3.5705801469532787E-009  -2.7008564809293132E-009  -2.0895985684904909E-009  -1.6558552233318706E-009  -1.3456370700927777E-009  -1.1227203620644269E-009  -9.6268774548355231E-010  -8.4905964881783375E-010  -7.7078303032044900E-010  -7.2060978160384966E-010  -6.9406268978545248E-010
  -2.5803810984714504E-007  -1.3593140460587938E-006  -3.3395085723850634E-006  -6.1973224098604866E-006  -9.9305632649618940E-006  -1.4536776955858270E-005  -2.0013645978960657E-005  -2.6359434756528934E-005  -3.3573493693176914E-005  -4.1656812313963418E-005  -5.0612605320599576E-005  -6.0446910530722581E-005  -7.1169172754443708E-005  -8.2792782545160917E-005  -9.5335533543793464E-005  -1.0881995700121955E-004  -1.2327348721697049E-004  -1.3872840726037280E-004  -1.5522152058035295E-004  -1.7279349102473292E-004  -1.9148779136690699E-004  -2.1134919863131685E-004  -2.3242177333791572E-004  -2.5474625949242085E-004  -2.7835684340308164E-004  -3.0327721351021235E-004  -3.2951587246895868E-004  -3.5706066967046505E-004  -3.8587255090955511E-004  -4.1587856616692980E-004  -4.4696424063730462E-004  -4.7896550171664970E-004  -5.1166046765663113E-004  -5.4476154139028519E-004  -5.7790841112002054E-004  -6.1066272781439002E-004  -6.4250539229400547E-004  -6.7283751698125937E-004  -7.0098619781484872E-004  -7.2621620216325631E-004  -7.4774850794500736E-004  -7.6478628016989493E-004  -7.7654831875008140E-004  -7.8230925416770036E-004  -7.8144483897863359E-004  -7.7347966119757226E-004  -7.5813361633538250E-004  -7.3536268587882730E-004  -7.0538917136426702E-004  -6.6871670458540085E-004  -6.2612622212401565E-004  -5.7865068364685831E-004  -5.2752852097967453E-004  -4.7413837451382927E-004  -4.1992022561430166E-004  -3.6629012381452462E-004  -3.1455691612314269E-004  -2.6584941896813609E-004  -2.2106124727719418E-004  -1.8081819588582873E-004  -1.4547005018051792E-004  -1.1510552579187884E-004  -8.9586263961606607E-005  -6.8593895513005342E-005  -5.1683382037121854E-005  -3.8336151777520267E-005  -2.8007753143368761E-005  -2.0166491948229471E-005  -1.4321400681160928E-005  -1.0039565565496545E-005  -6.9540835049815320E-006  -4.7646476802808298E-006  -3.2329992878510600E-006  -2.1753449414561548E-006  -1.4534682301121174E-006  -9.6579643098250835E-007  -6.3922439790844532E-007  -4.2211174151834899E-007  -2.7858389676198109E-007  -1.8408238424810565E-007  -1.2200832325147796E-007  -8.1263615256843536E-008  -5.4494219000314320E-008  -3.6861638020471218E-008  -2.5199354103491888E-008  -1.7442469920962127E-008  -1.2247013281939944E-008  -8.7384938634329479E-009  -6.3472060976517071E-009  -4.7010275204009596E-009  -3.5559471063165838E-009  -2.7511637968467472E-009  -2.1800967694471975E-009  -1.7716633338625964E-009  -1.4781711476734605E-009  -1.2674722344952264E-009  -1.1178695412936183E-009  -1.0148106063650728E-009  -9.4875255577271714E-010  -9.1380068365485041E-010
  -3.2865857793567728E-007  -1.7313342584058476E-006  -4.2534729139060613E-006  -7.8934192919498021E-006  -1.2648380033902940E-005  -1.8515226973594587E-005  -2.5491004075352147E-005  -3.3573493693176914E-005  -4.2761857623849764E-005  -5.3057340600181269E-005  -6.4464015684528639E-005  -7.6989544830251367E-005  -9.0645921636070179E-005  -1.0545015681038259E-004  -1.2142486022191869E-004  -1.3859866687135724E-004  -1.5700644793308196E-004  -1.7668924242382364E-004  -1.9769384023021511E-004  -2.2007194325334117E-004  -2.4387882829644196E-004  -2.6917143298308587E-004  -2.9600578448183063E-004  -3.2443369044692511E-004  -3.5449861321842398E-004  -3.8623065361567048E-004  -4.1964058226451665E-004  -4.5471287805146435E-004  -4.9139776967768159E-004  -5.2960233267683779E-004  -5.6918077596327364E-004  -6.0992416346769085E-004  -6.5154996024151973E-004  -6.9369196779556067E-004  -7.3589141464723280E-004  -7.7759018258108294E-004  -8.1812735598659630E-004  -8.5674045011996131E-004  -8.9257276372090954E-004  -9.2468826356612455E-004  -9.5209519123422152E-004  -9.7377913797851265E-004  -9.8874563033180853E-004  -9.9607130497557676E-004  -9.9496156922539310E-004  -9.8481134255258367E-004  -9.6526421528067433E-004  -9.3626435637402460E-004  -8.9809499500916284E-004  -8.5139751911076072E-004  -7.9716633890726291E-004  -7.3671668957819001E-004  -6.7162535758661247E-004  -6.0364758648805410E-004  -5.3461666685196570E-004  -4.6633537547309756E-004  -4.0046996717646205E-004  -3.3845746431984371E-004  -2.8143542785731058E-004  -2.3020044088054465E-004  -1.8519769292893977E-004  -1.4654000874182526E-004  -1.1405113486266532E-004  -8.7325661548718443E-005  -6.5796933835323581E-005  -4.8804699138892899E-005  -3.5655773642939340E-005  -2.5673229024974285E-005  -1.8231997302369820E-005  -1.2780927038693257E-005  -8.8529107377311434E-006  -6.0656282281078954E-006  -4.1157546484775346E-006  -2.7693059060684953E-006  -1.8503220775835632E-006  -1.2294940335095434E-006  -8.1375424395030583E-007  -5.3736144289113481E-007  -3.5464535116191335E-007  -2.3434178513946507E-007  -1.5531959455694105E-007  -1.0345042022566973E-007  -6.9372273166060828E-008  -4.6925567890950425E-008  -3.2079217845783281E-008  -2.2204542914445522E-008  -1.5590626770101971E-008  -1.1124219249425742E-008  -8.0800706630929874E-009  -5.9844603172637345E-009  -4.5267568155161638E-009  -3.5022571236600350E-009  -2.7752818254819292E-009  -2.2553413936528345E-009  -1.8817226840929690E-009  -1.6135008220001765E-009  -1.4230551404554482E-009  -1.2918601534022567E-009  -1.2077676556856267E-009  -1.1632736113864817E-009
  -4.0778891119089237E-007  -2.1481834206916583E-006  -5.2775711463002895E-006  -9.7938976399017089E-006  -1.5693695134898408E-005  -2.2973078291031730E-005  -3.1628371959020208E-005  -4.1656812313963418E-005  -5.3057340600181269E-005  -6.5831474221017571E-005  -7.9984229769988367E-005  -9.5525064937643835E-005  -1.1246879850347403E-004  -1.3083645956428567E-004  -1.5065600891991335E-004  -1.7196286741662058E-004  -1.9480017835293078E-004  -2.1921872407255953E-004  -2.4527641082167106E-004  -2.7303723094131117E-004  -3.0256960750108723E-004  -3.3394402351263008E-004  -3.6722983595189956E-004  -4.0249117437598776E-004  -4.3978182600921554E-004  -4.7913901584249394E-004  -5.2057600481821204E-004  -5.6407345616111941E-004  -6.0956956514277971E-004  -6.5694901756756924E-004  -7.0603094360674327E-004  -7.5655617183720747E-004  -8.0817426662867578E-004  -8.6043104941983914E-004  -9.1275755382756014E-004  -9.6446163044496599E-004  -1.0147236735753757E-003  -1.0625981509434165E-003  -1.1070227283759180E-003  -1.1468367343718550E-003  -1.1808104398834856E-003  -1.2076860774822627E-003  -1.2262306519474353E-003  -1.2352993988294875E-003  -1.2339072817184988E-003  -1.2213043059873135E-003  -1.1970488655879256E-003  -1.1610720946720048E-003  -1.1137255673447242E-003  -1.0558049603005141E-003  -9.8854366357111118E-004  -9.1357283715681628E-004  -8.3284789640088207E-004  -7.4854546501153187E-004  -6.6293886268285502E-004  -5.7826349259579432E-004  -4.9658540050776922E-004  -4.1968632815889113E-004  -3.4897664715429459E-004  -2.8544389749483932E-004  -2.2963989008906743E-004  -1.8170431760052079E-004  -1.4141844104775293E-004  -1.0827939969087782E-004  -8.1584423143706933E-005  -6.0514713164434297E-005  -4.4210666122609565E-005  -3.1832859181397499E-005  -2.2606194449176887E-005  -1.5847243105318444E-005  -1.0976798594620122E-005  -7.5207946882040183E-006  -5.1031207150212031E-006  -3.4336482101339894E-006  -2.2941973708262328E-006  -1.5244336598443811E-006  -1.0089603529689646E-006  -6.6626367683014484E-007  -4.3971651439530279E-007  -2.9055421159568650E-007  -1.9257623366256621E-007  -1.2826488047702657E-007  -8.6012297446178941E-008  -5.8181288975515281E-008  -3.9773774516033843E-008  -2.7530504108654515E-008  -1.9330150885785604E-008  -1.3792424128195655E-008  -1.0018107040931284E-008  -7.4198477656548719E-009  -5.6125046039389874E-009  -4.3422733937127941E-009  -3.4409302122161599E-009  -2.7962805770422249E-009  -2.3330486929747025E-009  -2.0004935047394842E-009  -1.7643693268704778E-009  -1.6017072198306706E-009  -1.4974451661045476E-009  -1.4422792513685363E-009
  -4.9546084610485624E-007  -2.6100287133517006E-006  -6.4122139452599462E-006  -1.1899519315841642E-005  -1.9067728477948593E-005  -2.7912114215695732E-005  -3.8428199169632649E-005  -5.0612605320599576E-005  -6.4464015684528639E-005  -7.9984229769988367E-005  -9.7179282066039971E-005  -1.1606058355340179E-004  -1.3664603687968855E-004  -1.5896106607663158E-004  -1.8303949171172507E-004  -2.0892417249456505E-004  -2.3666732497449672E-004  -2.6633042441936218E-004  -2.9798358251934579E-004  -3.3170429135543684E-004  -3.6757541812754840E-004  -4.0568233142510560E-004  -4.4610903744578766E-004  -4.8893320404522591E-004  -5.3421995313632578E-004  -5.8201431022749002E-004  -6.3233221774648143E-004  -6.8515005178599849E-004  -7.4039263700321491E-004  -7.9791983951099275E-004  -8.5751194066950630E-004  -9.1885416246854316E-004  -9.8152093154004871E-004  -1.0449607326261231E-003  -1.1084827049417363E-003  -1.1712464575087355E-003  -1.2322568906021748E-003  -1.2903660637174970E-003  -1.3442842849395284E-003  -1.3926025392181536E-003  -1.4338280455446798E-003  -1.4664340637447631E-003  -1.4889240127201630E-003  -1.4999085106576146E-003  -1.4981921683794753E-003  -1.4828650092318910E-003  -1.4533914941732618E-003  -1.4096886202563141E-003  -1.3521837985778274E-003  -1.2818435481295786E-003  -1.2001657064414058E-003  -1.1091309085382039E-003  -1.0111133166278903E-003  -9.0875550649602570E-004  -8.0481730569257454E-004  -7.0201238148340857E-004  -6.0284868950778606E-004  -5.0948895468472223E-004  -4.2364500392265138E-004  -3.4651532406279264E-004  -2.7876943409819446E-004  -2.2057657320014921E-004  -1.7167089354217906E-004  -1.3144168198926041E-004  -9.9035595779848365E-005  -7.3458491245221409E-005  -5.3666735996711870E-005  -3.8641236084170257E-005  -2.7441016461308110E-005  -1.9236407040440477E-005  -1.3324274170860175E-005  -9.1291290114620953E-006  -6.1944009870264111E-006  -4.1678995635320042E-006  -2.7847762397156153E-006  -1.8504026419205912E-006  -1.2247010603449960E-006  -8.0872432922318189E-007  -5.3373492116172772E-007  -3.5267816873501224E-007  -2.3375060156744886E-007  -1.5568850173672631E-007  -1.0440183627023317E-007  -7.0620342075643791E-008  -4.8277219679900380E-008  -3.3416321939040623E-008  -2.3462745915475990E-008  -1.6741076390049175E-008  -1.2159835269379143E-008  -9.0060910813496818E-009  -6.8123575119467048E-009  -5.2705669020529338E-009  -4.1765293696054987E-009  -3.3940637209664346E-009  -2.8318006675600413E-009  -2.4281511289604329E-009  -2.1415480265664498E-009  -1.9441119179795320E-009  -1.8175607116985944E-009  -1.7506014391938254E-009
  -5.9173384064389838E-007  -3.1171833490891587E-006  -7.6581707378556522E-006  -1.4211711857077399E-005  -2.2772766362159813E-005  -3.3335678297791854E-005  -4.5895081520780340E-005  -6.0446910530722581E-005  -7.6989544830251367E-005  -9.5525064937643835E-005  -1.1606058355340179E-004  -1.3860960435935760E-004  -1.6319334981134396E-004  -1.8984198766898661E-004  -2.1859567410314562E-004  -2.4950531942253488E-004  -2.8263297120318656E-004  -3.1805169929634275E-004  -3.5584485814818605E-004  -3.9610459426882327E-004  -4.3892946058745707E-004  -4.8442099483198415E-004  -5.3267911614124797E-004  -5.8379619351313914E-004  -6.3784964298437203E-004  -6.9489292056890909E-004  -7.5494479962430830E-004  -8.1797686102281109E-004  -8.8389919053496135E-004  -9.5254437956757121E-004  -1.0236500723041155E-003  -1.0968405024239822E-003  -1.1716077205505173E-003  -1.2472935280746580E-003  -1.3230734937762032E-003  -1.3979448142987126E-003  -1.4707201503373509E-003  -1.5400298722257782E-003  -1.6043353086877942E-003  -1.6619555237077058E-003  -1.7111097553972102E-003  -1.7499768519782018E-003  -1.7767717765458191E-003  -1.7898375208217515E-003  -1.7877486455528933E-003  -1.7694203300748024E-003  -1.7342145539510417E-003  -1.6820332327011846E-003  -1.6133872217039772E-003  -1.5294304977953347E-003  -1.4319508149159223E-003  -1.3233117702987933E-003  -1.2063462652738722E-003  -1.0842072179747008E-003  -9.6018721662282345E-004  -8.3752357562079220E-004  -7.1920801388146763E-004  -6.0782024502768154E-004  -5.0540196154187980E-004  -4.1338238984120360E-004  -3.3255969249491846E-004  -2.6313523226649191E-004  -2.0479137629460166E-004  -1.5679914826538291E-004  -1.1814020220136918E-004  -8.7628301403472678E-005  -6.4018244394803856E-005  -4.6094165868146254E-005  -3.2733443353884292E-005  -2.2946274002428128E-005  -1.5893833523412159E-005  -1.0889588866694122E-005  -7.3888805460417461E-006  -4.9715740449003480E-006  -3.3217309224651812E-006  -2.2071812459851712E-006  -1.4608297165525976E-006  -9.6464580188996382E-007  -6.3663568708950400E-007  -4.2067048874831273E-007  -2.7881390407738289E-007  -1.8570199132205900E-007  -1.2452788046232530E-007  -8.4233882014013453E-008  -5.7583477715377905E-008  -3.9857772422570720E-008  -2.7985433983069305E-008  -1.9968043333196806E-008  -1.4503700983237315E-008  -1.0742035470533604E-008  -8.1254395953492145E-009  -6.2864582589568098E-009  -4.9815397438432005E-009  -4.0482515119402546E-009  -3.3776114669909035E-009  -2.8961584530847091E-009  -2.5543128984652385E-009  -2.3188213542670944E-009  -2.1678777228670952E-009  -2.0880122467236079E-009
  -6.9670080135157900E-007  -3.6701367424159303E-006  -9.0166438198762412E-006  -1.6732706009210622E-005  -2.6812381820035136E-005  -3.9248996774936456E-005  -5.4036204787649806E-005  -7.1169172754443708E-005  -9.0645921636070179E-005  -1.1246879850347403E-004  -1.3664603687968855E-004  -1.6319334981134396E-004  -1.9213548709043444E-004  -2.2350767443147761E-004  -2.5735683842858273E-004  -2.9374250721312333E-004  -3.3273726340431783E-004  -3.7442661366259185E-004  -4.1890812829204448E-004  -4.6628969512387881E-004  -5.1668672444386170E-004  -5.7021813606757945E-004  -6.2700095607791926E-004  -6.8714335004630312E-004  -7.5073592363823782E-004  -8.1784113379662453E-004  -8.8848067963797706E-004  -9.6262078940488605E-004  -1.0401553979087577E-003  -1.1208873288244886E-003  -1.2045077690590682E-003  -1.2905745576747480E-003  -1.3784901149690686E-003  -1.4674802067854865E-003  -1.5565751629408634E-003  -1.6445956204733049E-003  -1.7301452979319085E-003  -1.8116136613116145E-003  -1.8871915299235906E-003  -1.9549025890385667E-003  -2.0126533157989361E-003  -2.0583028852957574E-003  -2.0897531378999052E-003  -2.1050566531412638E-003  -2.1025384801618249E-003  -2.0809243300019455E-003  -2.0394653794853232E-003  -1.9780477207256833E-003  -1.8972734247254650E-003  -1.7985006544442247E-003  -1.6838326004304967E-003  -1.5560492930688319E-003  -1.4184822803363210E-003  -1.2748390644296967E-003  -1.1289910448361647E-003  -9.8474432503467720E-004  -8.4561597848312403E-004  -7.1463844893924783E-004  -5.9421145674919975E-004  -4.8601454399093043E-004  -3.9098527788716336E-004  -3.0935959552994235E-004  -2.4076332528908610E-004  -1.8433878444859824E-004  -1.3888819864656888E-004  -1.0301652542641934E-004  -7.5259508514853698E-005  -5.4187476502990170E-005  -3.8480458125621603E-005  -2.6974692895144133E-005  -1.8683962884180775E-005  -1.2801121617675762E-005  -8.6858351807640136E-006  -5.8441780126513507E-006  -3.9047275702342418E-006  -2.5945451095782676E-006  -1.7171962431087589E-006  -1.1339280045149293E-006  -7.4835214127109230E-007  -4.9448673510404195E-007  -3.2773645113454355E-007  -2.1828542550973215E-007  -1.4637697611101911E-007  -9.9012749151652042E-008  -6.7686249349508404E-008  -4.6850471191463176E-008  -3.2895120976681342E-008  -2.3471106937414188E-008  -1.7048086260551655E-008  -1.2626477996409090E-008  -9.5508377616604452E-009  -7.3892388261193454E-009  -5.8553982470749807E-009  -4.7583852580807637E-009  -3.9700976008238552E-009  -3.4041860862855543E-009  -3.0023730296976319E-009  -2.7255711582167135E-009  -2.5481488587630875E-009  -2.4542733492313183E-009
  -8.1049336637967022E-007  -4.2695823399088191E-006  -1.0489336726513914E-005  -1.9465662597053638E-005  -3.1191637884521097E-005  -4.5659476039860191E-005  -6.2861754056524083E-005  -8.2792782545160917E-005  -1.0545015681038259E-004  -1.3083645956428567E-004  -1.5896106607663158E-004  -1.8984198766898661E-004  -2.2350767443147761E-004  -2.5999868229106512E-004  -2.9936909334503983E-004  -3.4168756218346604E-004  -3.8703784531743862E-004  -4.3551865633893879E-004  -4.8724267649733551E-004  -5.4233453927917893E-004  -6.0092759848646006E-004  -6.6315928237549579E-004  -7.2916483203581961E-004  -7.9906922139402043E-004  -8.7297706124045112E-004  -9.5096030447783622E-004  -1.0330436006142840E-003  -1.1191872030939314E-003  -1.2092674244102296E-003  -1.3030547736918331E-003  -1.4001901124144525E-003  -1.5001594370608537E-003  -1.6022682493088253E-003  -1.7056169029727283E-003  -1.8090788085661060E-003  -1.9112839004423380E-003  -2.0106102765730114E-003  -2.1051873318468678E-003  -2.1929139229611245E-003  -2.2714950075818172E-003  -2.3384996650698980E-003  -2.3914423142338079E-003  -2.4278872176523945E-003  -2.4455739978715987E-003  -2.4425589934795626E-003  -2.4173640966675494E-003  -2.3691216318481524E-003  -2.2977013802998095E-003  -2.2038046212032084E-003  -2.0890106045411503E-003  -1.9557635886125304E-003  -1.8072935479793921E-003  -1.6474705500539792E-003  -1.4806008153475192E-003  -1.3111804332716880E-003  -1.1436292156522796E-003  -9.8203092615466864E-004  -8.2990621142285941E-004  -6.9004071990775109E-004  -5.6438364740210036E-004  -4.5402252619774640E-004  -3.5923016343073817E-004  -2.7957098851781636E-004  -2.1404810930821840E-004  -1.6126987897954284E-004  -1.1961575040583144E-004  -8.7384964147076293E-005  -6.2917059828585575E-005  -4.4679074594759945E-005  -3.1319524537847269E-005  -2.1693150361428810E-005  -1.4862671765169876E-005  -1.0084536066356341E-005  -6.7852130172079288E-006  -4.5334280434147826E-006  -3.0122663410916910E-006  -1.9936478014949238E-006  -1.3164687596847792E-006  -8.6881607074750679E-007  -5.7408134989299702E-007  -3.8048774562545608E-007  -2.5341830315481040E-007  -1.6993525705213358E-007  -1.1494748916570389E-007  -7.8579023781269133E-008  -5.4389880986093245E-008  -3.8188601226150479E-008  -2.7247966817962931E-008  -1.9791311512829393E-008  -1.4658168806862613E-008  -1.1087602580841275E-008  -8.5781712621466360E-009  -6.7975186322209070E-009  -5.5239871529033026E-009  -4.6088594199128107E-009  -3.9518906312038073E-009  -3.4854250465595078E-009  -3.1640855728564605E-009  -2.9581160851365249E-009  -2.8491360968104883E-009
