# Version 0.33
# Potential name = chengdu_MMWLY_3200  
# L = 1
# S = 1
# J = 1
# Order = 2                   
# K_MAX = 6400 MeV
# For uncoupled channels, e.g., 3P0 (LSJ = 110)
# storage = D(1:N，1:N) (row, column)
# D(i,j)  = <pout(j),L|V|L,pin(i)>
# Normalization
# If V were so weak as to validate the Born approximation, the relation of V
# in 1S0 and the respective scattering length 'a' would have been
# <p|V|p> = 2/pi * a + ... for p->0, in unit of MeV^(-1)
# Momenta are in unit of MeV
# The value of pin and pout, where pin(1:N) = pout(1:N)
  0.91607432498767594        4.8257579532933050        11.855568853999557        22.000201480181204        35.249935222426302        51.591869740617312        71.010052841861580        93.485517556139712        118.99630638139024        147.51749463842634        179.02121556398060        213.47668786214535        250.85024593493108        291.10537285590499        334.20273609367359        380.10022596794124        428.75299680907347        480.11351078530788        534.13158435711739        590.75443731463611        649.92674435099343        711.59068912161456        775.68602073693728        842.15011263353381        910.91802376621945        981.92256206143384        1055.0943500699491        1130.3618927547864        1207.6516473481352        1286.8880952090281        1367.9938156115802        1450.8895613916986        1535.4943363783584        1621.7254745337889        1709.4987207252541        1798.7283130494993        1889.3270666294350        1981.2064588011842        2074.2767156082505        2168.4468995183070        2263.6249982768895        2359.7180148111888        2456.6320580960833        2554.2724348936449        2652.5437422764694        2751.3499608444354        2850.5945485438042        2950.1805349970027        3050.0106162509069        3149.9872498510622        3250.0127501489378        3349.9893837490931        3449.8194650029973        3549.4054514561958        3648.6500391555646        3747.4562577235306        3845.7275651063551        3943.3679419039167        4040.2819851888112        4136.3750017231105        4231.5531004816930        4325.7232843917500        4418.7935411988155        4510.6729333705653        4601.2716869505002        4690.5012792747457        4778.2745254662113        4864.5056636216414        4949.1104386083016        5032.0061843884196        5113.1119047909724        5192.3483526518648        5269.6381072452132        5344.9056499300514        5418.0774379385657        5489.0819762337806        5557.8498873664666        5624.3139792630627        5688.4093108783854        5750.0732556490066        5809.2455626853643        5865.8684156428826        5919.8864892146921        5971.2470031909270        6019.8997740320592        6065.7972639063264        6108.8946271440946        6149.1497540650689        6186.5233121378551        6220.9787844360199        6252.4825053615732        6281.0036936186098        6306.5144824438603        6328.9899471581384        6348.4081302593822        6364.7500647775742        6377.9997985198188        6388.1444311460000        6395.1742420467071        6399.0839256750123     
# Matrix elements start here 
   3.6226000563080242E-009   1.9083376268049115E-008   4.6882641744761235E-008   8.6999415624829557E-008   1.3939525643085748E-007   2.0401914178976495E-007   2.8080795633097456E-007   3.6968659118662189E-007   4.7056793333811658E-007   5.8335274372773195E-007   7.0792936276972280E-007   8.4417314573866143E-007   9.9194549523872411E-007   1.1510923202024842E-006   1.3214417109270814E-006   1.5028005789597504E-006   1.6949499712810781E-006   1.8976387328863098E-006   2.1105751638676090E-006   2.3334163005553709E-006   2.5657544502026516E-006   2.8071006311954711E-006   3.0568646231832281E-006   3.3143314225181195E-006   3.5786340379281131E-006   3.8487227603942427E-006   4.1233313111009296E-006   4.4009406226387694E-006   4.6797414493155572E-006   4.9575975351676259E-006   5.2320116869339990E-006   5.5000977844721418E-006   5.7585624751243289E-006   6.0037009801371985E-006   6.2314120013206324E-006   6.4372370358238807E-006   6.6164293397806549E-006   6.7640571624443895E-006   6.8751445348999950E-006   6.9448507017762362E-006   6.9686861557926117E-006   6.9427592095128687E-006   6.8640423105247388E-006   6.7306422657112280E-006   6.5420537880750929E-006   6.2993721016715723E-006   6.0054386292691917E-006   5.6648949056591071E-006   5.2841244519730170E-006   4.8710706314924215E-006   4.4349300932328336E-006   3.9857351933267090E-006   3.5338529932404051E-006   3.0894408418813918E-006   2.6619068596053294E-006   2.2594259788828539E-006   1.8885575823785105E-006   1.5539994764057234E-006   1.2584965212242510E-006   1.0029033509215109E-006   7.8638242921799399E-007   6.0670421891992839E-007   4.6060768397572854E-007   3.4417761201762101E-007   2.5319986940296641E-007   1.8346505168028401E-007   1.3100277881483933E-007   9.2240742260311028E-008   6.4092617969401141E-008   4.3985951046477864E-008   2.9844758090737289E-008   2.0042237593474456E-008   1.3337413161177934E-008   8.8066918889608414E-009   5.7780508335202934E-009   3.7724982404798053E-009   2.4549610309872734E-009   1.5949609426647306E-009   1.0363265469754443E-009   6.7462167607479579E-010   4.4079532978572992E-010   2.8962596029751097E-010   1.9172647247844227E-010   1.2811352689866902E-010   8.6576220920503480E-011   5.9279943613483206E-011   4.1202514073963525E-011   2.9122473693546817E-011   2.0969012911629870E-011   1.5406304320449318E-011   1.1568545222246471E-011   8.8913143771087626E-012   7.0042289886178188E-012   5.6625284878175308E-012   4.7033649109407305E-012   4.0177944195390280E-012   3.5327800262276271E-012   3.1996161860789908E-012   2.9865147064563949E-012   2.8739114327301998E-012
   1.9083376268049115E-008   1.0052869323893555E-007   2.4697153396702532E-007   4.5830137405812639E-007   7.3431570891165999E-007   1.0747457594384519E-006   1.4792590422436201E-006   1.9474598937804711E-006   2.4788894142296044E-006   3.0730248254069398E-006   3.7292779194353742E-006   4.4469920844454796E-006   5.2254372077521229E-006   6.0638015580646475E-006   6.9611795378859975E-006   7.9165539828756829E-006   8.9287714775891264E-006   9.9965089707971411E-006   1.1118229826102645E-005   1.2292127356415809E-005   1.3516053890458892E-005   1.4787433537992096E-005   1.6103157096548540E-005   1.7459458021814208E-005   1.8851769118843994E-005   2.0274560659854107E-005   2.1721162056117587E-005   2.3183571062147875E-005   2.4652256811780040E-005   2.6115965792143264E-005   2.7561543120591797E-005   2.8973785099290167E-005   3.0335342783564998E-005   3.1626699890679732E-005   3.2826251326135156E-005   3.3910510288691665E-005   3.4854471561698112E-005   3.5632155336814057E-005   3.6217348870256362E-005   3.6584551705244024E-005   3.6710113713316716E-005   3.6573534001604881E-005   3.6158863825848446E-005   3.5456130095991082E-005   3.4462671027198179E-005   3.3184256114423350E-005   3.1635853595668484E-005   2.9841914460141356E-005   2.7836066249877440E-005   2.5660153548319142E-005   2.3362623081806752E-005   2.0996323970848985E-005   1.8615868519228041E-005   1.6274764292801082E-005   1.4022572020859650E-005   1.1902356162598279E-005   9.9486706752653599E-006   8.1862629789790295E-006   6.6295926332617390E-006   5.2831617370502114E-006   4.1425582603903854E-006   3.1960372972724808E-006   2.4264201426148512E-006   1.8130819773311477E-006   1.3338233047349274E-006   9.6646954089105814E-007   6.9010525076605962E-007   4.8591198709129051E-007   3.3763140443412185E-007   2.3171215184692566E-007   1.5721822432004509E-007   1.0557984743138062E-007   7.0259722255010935E-008   4.6392483956701467E-008   3.0438004868900405E-008   1.9873020006243809E-008   1.2932408863669601E-008   8.4020425464061526E-009   5.4592306975934332E-009   3.5538174468638072E-009   2.3220512904405002E-009   1.5257111167235369E-009   1.0099896091153765E-009   6.7488505516278121E-010   4.5607204052647264E-010   3.1227887471457795E-010   2.1704937532198276E-010   1.5341332598462828E-010   1.1046197679631142E-010   8.1158366277628834E-011   6.0941560734989415E-011   4.6838263992301478E-011   3.6897348639031096E-011   2.9829448485047189E-011   2.4776702072073714E-011   2.1165207719306669E-011   1.8610216271419921E-011   1.6855153382433977E-011   1.5732563072793067E-011   1.5139383972663227E-011
   4.6882641744761235E-008   2.4697153396702532E-007   6.0674158416695434E-007   1.1259212641042525E-006   1.8040130753013319E-006   2.6403567009688966E-006   3.6341353202431004E-006   4.7843768958884741E-006   6.0899540364242041E-006   7.5495824186795949E-006   9.1618169766041563E-006   1.0925044594226821E-005   1.2837471584153422E-005   1.4897103744374917E-005   1.7101716269258224E-005   1.9448810263916977E-005   2.1935552101727081E-005   2.4558691407287618E-005   2.7314453084793506E-005   3.0198398597667799E-005   3.3205251704343733E-005   3.6328684146257924E-005   3.9561057462410660E-005   4.2893118282475324E-005   4.6313646256269550E-005   4.9809056353398717E-005   5.3362960759824049E-005   5.6955700144668715E-005   6.0563859773681784E-005   6.4159792840298100E-005   6.7711181391886418E-005   7.1180674096648597E-005   7.4525649337406106E-005   7.7698160939494899E-005   8.0645131088431720E-005   8.3308859130371129E-005   8.5627914079645782E-005   8.7538470645074861E-005   8.8976131276734746E-005   8.9878248319263043E-005   9.0186719868455326E-005   8.9851180831554962E-005   8.8832449501251778E-005   8.7106024720013054E-005   8.4665367209723163E-005   8.1524651043206515E-005   7.7720649091779723E-005   7.3313430755701556E-005   6.8385609718413619E-005   6.3039986689126566E-005   5.7395582038387798E-005   5.1582231616443752E-005   4.5734102933126791E-005   3.9982649459011443E-005   3.4449628365540944E-005   2.9240837263368169E-005   2.4441165785008109E-005   2.0111411580478721E-005   1.6287097837048133E-005   1.2979284981790943E-005   1.0177133862515315E-005   7.8517904539665924E-006   5.9610513711321290E-006   4.4542470683983042E-006   3.2768394475037942E-006   2.3743516140108794E-006   1.6954000583226623E-006   1.1937529968649992E-006   8.2946811683254257E-007   5.6925345129495129E-007   3.8624222375602171E-007   2.5938083979821818E-007   1.7260894200797755E-007   1.1397365824794739E-007   7.4777862032892763E-008   4.8822580671907957E-008   3.1771395330464727E-008   2.0641523024776088E-008   1.3411838314260782E-008   8.7307585328364296E-009   5.7046456158259090E-009   3.7482553761259374E-009   2.4812685315735448E-009   1.6580081960163906E-009   1.1204444006904612E-009   7.6718387784518773E-010   5.3323101537236611E-010   3.7689462807751270E-010   2.7137489780727471E-010   1.9938393276637700E-010   1.4971676495677037E-010   1.1506881800439937E-010   9.0646704926711135E-011   7.3282805260708991E-011   6.0869587778686263E-011   5.1997132845882339E-011   4.5720216904505954E-011   4.1408506884847812E-011   3.8650609195582319E-011   3.7193330208298114E-011
   8.6999415624829557E-008   4.5830137405812639E-007   1.1259212641042525E-006   2.0893552148772634E-006   3.3476800259086351E-006   4.8996703572290722E-006   6.7438104466037673E-006   8.8782964991034154E-006   1.1301036431254034E-005   1.4009646943796751E-005   1.7001446449319823E-005   2.0273441512692590E-005   2.3822303615100841E-005   2.7644332145764812E-005   3.1735398566215832E-005   3.6090865714665836E-005   4.0705475272657924E-005   4.5573195567276111E-005   5.0687021209814739E-005   5.6038715674471252E-005   6.1618487918848681E-005   6.7414594688376738E-005   7.3412861405460845E-005   7.9596116729472308E-005   8.5943539224744405E-005   9.2429919353981621E-005   9.9024846496287121E-005   1.0569183912600006E-004   1.1238744687170301E-004   1.1906036596881379E-004   1.2565062447700498E-004   1.3208891008966781E-004   1.3829613051060205E-004   1.4418331274208452E-004   1.4965196107929066E-004   1.5459500128367710E-004   1.5889843679584738E-004   1.6244382797954887E-004   1.6511167326655664E-004   1.6678571834175614E-004   1.6735814437232669E-004   1.6673548961049445E-004   1.6484504514924597E-004   1.6164134455776260E-004   1.5711225299565369E-004   1.5128407307742338E-004   1.4422504366923475E-004   1.3604663465684844E-004   1.2690215101444154E-004   1.1698235847735458E-004   1.0650812136337590E-004   9.5720374113872787E-005   8.4868089365984544E-005   7.4195203354876954E-005   6.3927659038742564E-005   5.4261783458011643E-005   4.5355105031445660E-005   3.7320445046968620E-005   3.0223723350784692E-005   2.4085464611646316E-005   1.8885554777284580E-005   1.4570449865488656E-005   1.1061833687220387E-005   8.2656795261023165E-006   6.0807818505892015E-006   4.4060487041539147E-006   3.1461284781558930E-006   2.2152295447226800E-006   1.5392315526230505E-006   1.0563550977929298E-006   7.1674390575832697E-007   4.8132913690265990E-007   3.2030782668069599E-007   2.1149920941269173E-007   1.3876415782953931E-007   9.0599331216797685E-008   5.8957702135988071E-008   3.8304164909023050E-008   2.4888147347749911E-008   1.6201537755775900E-008   1.0586025370019986E-008   6.9555813239133590E-009   4.6044528256409279E-009   3.0767409596905249E-009   2.0791918815256360E-009   1.4236516238289855E-009   9.8950880334327839E-010   6.9939771255627018E-010   5.0358633058724551E-010   3.6999377573669760E-010   2.7782715682685356E-010   2.1353148095886176E-010   1.6821173175083409E-010   1.3598980338479500E-010   1.1295478174844364E-010   9.6490300106945018E-011   8.4842321270791820E-011   7.6841145609740470E-011   7.1723356202193338E-011   6.9019105426686609E-011
   1.3939525643085748E-007   7.3431570891165999E-007   1.8040130753013319E-006   3.3476800259086351E-006   5.3638373580846453E-006   7.8505217646277219E-006   1.0805304607783328E-005   1.4225295747946347E-005   1.8107143133723831E-005   2.2447028111749487E-005   2.7240654094946077E-005   3.2483224836641669E-005   3.8169407200627160E-005   4.4293271864448025E-005   5.0848203856332387E-005   5.7826773260206522E-005   6.5220554908562868E-005   7.3019884522776245E-005   8.1213537683142106E-005   8.9788317374277048E-005   9.8728535848673221E-005   1.0801537741693317E-004   1.1762613078997065E-004   1.2753328309987710E-004   1.3770347309539389E-004   1.4809630866709615E-004   1.5866306424289025E-004   1.6934528711262916E-004   1.8007335869758728E-004   1.9076507727987458E-004   2.0132435251290004E-004   2.1164012840066469E-004   2.2158567890907566E-004   2.3101844659974131E-004   2.3978061622835525E-004   2.4770062755130292E-004   2.5459582900115536E-004   2.6027645006797918E-004   2.6455101875593438E-004   2.6723326599700266E-004   2.6815043851759955E-004   2.6715278675672118E-004   2.6412381249808466E-004   2.5899066692152919E-004   2.5173390691728354E-004   2.4239567598329285E-004   2.3108531019013938E-004   2.1798141272956075E-004   2.0332961727661188E-004   1.8743557920156186E-004   1.7065317948158069E-004   1.5336845655148103E-004   1.3598032808615802E-004   1.1887964215981428E-004   1.0242841702705289E-004   8.6941218687525086E-005   7.2670447851864257E-005   5.9796873002801940E-005   4.8426114549389322E-005   3.8591058246586445E-005   3.0259476251783700E-005   2.3345577446994756E-005   1.7723879319776802E-005   1.3243727085305681E-005   9.7429636656211279E-006   7.0596139589137124E-006   5.0409003649882100E-006   3.5493628114865223E-006   2.4662415884448912E-006   1.6925503313020389E-006   1.1484065705600207E-006   7.7121205911917302E-007   5.1321484536757500E-007   3.3887568461542247E-007   2.2233557806266600E-007   1.4516323950830504E-007   9.4465278287163911E-008   6.1373043157996315E-008   3.9877160745415713E-008   2.5958996319925294E-008   1.6961513022121381E-008   1.1144615573669079E-008   7.3775079722584181E-009   4.9297238604092390E-009   3.3313957733240860E-009   2.2810530593404381E-009   1.5854455158347221E-009   1.1206135442260599E-009   8.0687376096868126E-010   5.9282441009774434E-010   4.4514997590722269E-010   3.4213190204264169E-010   2.6951810323877728E-010   2.1789035453469505E-010   1.8098237389105072E-010   1.5460207439208680E-010   1.3593904102449973E-010   1.2311911660305020E-010   1.1491911248002762E-010   1.1058621291285485E-010
   2.0401914178976495E-007   1.0747457594384519E-006   2.6403567009688966E-006   4.8996703572290722E-006   7.8505217646277219E-006   1.1490037423301191E-005   1.5814662774772484E-005   2.0820167805646708E-005   2.6501646447626148E-005   3.2853509712946599E-005   3.9869469109226237E-005   4.7542504841424205E-005   5.5864811322031319E-005   6.4827710384304042E-005   7.4421520343955462E-005   8.4635366762789117E-005   9.5456918550864496E-005   1.0687203105303622E-004   1.1886427618893875E-004   1.3141433878371145E-004   1.4449925822258801E-004   1.5809149582956652E-004   1.7215781132210820E-004   1.8665793681848887E-004   2.0154304473285597E-004   2.1675401710301379E-004   2.3221953909618900E-004   2.4785405922329352E-004   2.6355568361040429E-004   2.7920410167904861E-004   2.9465867542942831E-004   3.0975686311102434E-004   3.2431318827808069E-004   3.3811900361374386E-004   3.5094333044966355E-004   3.6253507291239572E-004   3.7262690184750876E-004   3.8094106880383642E-004   3.8719733503245527E-004   3.9112307679872651E-004   3.9246545210844984E-004   3.9100528724150244E-004   3.8657207520421320E-004   3.7905919433562886E-004   3.6843818766618859E-004   3.5477073649339770E-004   3.3821686528191878E-004   3.1903797797642141E-004   2.9759358445451887E-004   2.7433104245220917E-004   2.4976829278833035E-004   2.2447034199312555E-004   1.9902104667521051E-004   1.7399245276147497E-004   1.4991441080427966E-004   1.2724732015241379E-004   1.0636059492863198E-004   8.7518808201299801E-005   7.0876546186346317E-005   5.6481940532407555E-005   4.4287822512517505E-005   3.4168628095927091E-005   2.5940700857348251E-005   1.9383542189487301E-005   1.4259818708643391E-005   1.0332463371729091E-005   7.3778706151506024E-006   5.1948536359210523E-006   3.6095955142514504E-006   2.4772196333632451E-006   1.6808098707978486E-006   1.1287473223126191E-006   7.5114214777886309E-007   4.9597904633828612E-007   3.2541074199448221E-007   2.1246117193806101E-007   1.3825954697847358E-007   8.9825693604799217E-008   5.8364282405317544E-008   3.7993632541877745E-008   2.4824900207028104E-008   1.6311278899541455E-008   1.0797733607196977E-008   7.2151524880625672E-009   4.8758366965862895E-009   3.3385532582623453E-009   2.3204608376001225E-009   1.6401319487108272E-009   1.1809418516846261E-009   8.6765884634071233E-010   6.5152228546151362E-010   5.0074485187566271E-010   3.9446716859303675E-010   3.1890470504271377E-010   2.6488611984182873E-010   2.2627586722820979E-010   1.9896061885935650E-010   1.8019735499197292E-010   1.6819581457598737E-010   1.6185417517024259E-010
   2.8080795633097456E-007   1.4792590422436201E-006   3.6341353202431004E-006   6.7438104466037673E-006   1.0805304607783328E-005   1.5814662774772484E-005   2.1766992522807426E-005   2.8656471744186623E-005   3.6476347822463337E-005   4.5218928184194407E-005   5.4875557471462695E-005   6.5436573775674706E-005   7.6891233638853062E-005   8.9227592602028922E-005   1.0243232498431467E-004   1.1649046342167090E-004   1.3138503564308834E-004   1.4709657322188135E-004   1.6360246486955319E-004   1.8087612555721296E-004   1.9888595274378479E-004   2.1759404273425119E-004   2.3695464425387539E-004   2.5691233337785541E-004   2.7739990477204668E-004   2.9833598962957652E-004   3.1962243160946891E-004   3.4114147931545218E-004   3.6275288801240990E-004   3.8429106457329732E-004   4.0556243760594366E-004   4.2634328782410286E-004   4.4637832907558648E-004   4.6538038327442879E-004   4.8303153589924455E-004   4.9898618350103195E-004   5.1287637946034596E-004   5.2431983624150766E-004   5.3293083871171351E-004   5.3833415289487863E-004   5.4018177201554420E-004   5.3817202965217173E-004   5.3207024331363350E-004   5.2172966103121617E-004   5.0711111518860830E-004   4.8829950271726656E-004   4.6551507816041971E-004   4.3911763279468795E-004   4.0960198898393299E-004   3.7758388116607253E-004   3.4377619295370516E-004   3.0895658828404451E-004   2.7392867597348666E-004   2.3947980884710547E-004   2.0633926284177636E-004   1.7514072261618112E-004   1.4639264254347577E-004   1.2045917582015057E-004   9.7553091890244863E-005   7.7740638213530077E-005   6.0956892676787399E-005   4.7029031404011885E-005   3.5704273283589310E-005   2.6679128345192455E-005   1.9626935561520102E-005   1.4221400491282017E-005   1.0154756810268705E-005   7.1500949378795295E-006   4.9681766654174404E-006   3.4095966512030327E-006   2.3134338310570796E-006   1.5535857371622730E-006   1.0338573605470527E-006   6.8265585848193666E-007   4.4788898054369089E-007   2.9242740150867402E-007   1.9029773623045027E-007   1.2363432776895131E-007   8.0331456750511961E-008   5.2293692709817798E-008   3.4168507092532286E-008   2.2450525243580667E-008   1.4861789343118267E-008   9.9307947627629763E-009   6.7110062622597158E-009   4.5951194056135189E-009   3.1938369107738282E-009   2.2574455347195770E-009   1.6254252665124823E-009   1.1942286654871565E-009   8.9674253052716060E-010   6.8921542000876749E-010   5.4293689543317837E-010   4.3893419853542963E-010   3.6458407441922150E-010   3.1144167790318597E-010   2.7384550430965820E-010   2.4802011491493020E-010   2.3150142942555934E-010   2.2277292098417924E-010
   3.6968659118662189E-007   1.9474598937804711E-006   4.7843768958884741E-006   8.8782964991034154E-006   1.4225295747946347E-005   2.0820167805646708E-005   2.8656471744186623E-005   3.7726542698304370E-005   4.8021490778310203E-005   5.9531188631365495E-005   7.2244241388871465E-005   8.6147929047809130E-005   1.0122810773416182E-004   1.1746905244363319E-004   1.3485321977892446E-004   1.5336090504981570E-004   1.7296976408523676E-004   1.9365416649924278E-004   2.1538434429567034E-004   2.3812529800785288E-004   2.6183542256221718E-004   2.8646481735057703E-004   3.1195325034453532E-004   3.3822775537141670E-004   3.6519985591077625E-004   3.9276242908320999E-004   4.2078625104629940E-004   4.4911630086380067E-004   4.7756794488524874E-004   5.0592317803891784E-004   5.3392716157644061E-004   5.6128536673376230E-004   5.8766170663993803E-004   6.1267810836195208E-004   6.3591603413030800E-004   6.5692049341470478E-004   6.7520708066887993E-004   6.9027251038139439E-004   7.0160898457359241E-004   7.0872250381850369E-004   7.1115491358158406E-004   7.0850906688554969E-004   7.0047600179324644E-004   6.8686251781359072E-004   6.6761705037288448E-004   6.4285136716319183E-004   6.1285543557839891E-004   5.7810292457123093E-004   5.3924527292329967E-004   4.9709310141759198E-004   4.5258492873462438E-004   4.0674455752512552E-004   3.6062994714274998E-004   3.1527765575972987E-004   2.7164778272175516E-004   2.3057458046389320E-004   1.9272743444958279E-004   1.5858575614436499E-004   1.2842965873129664E-004   1.0234635767926147E-004   8.0250382351878388E-005   6.1914208321311621E-005   4.7005046628551472E-005   3.5123349575393239E-005   2.5839064526454436E-005   1.8722621460643673E-005   1.3368842815452941E-005   9.4131742518359468E-006   6.5406561831399831E-006   4.4887694058743176E-006   3.0456596676030890E-006   2.0453117596523133E-006   1.3610839535591858E-006   8.9872352825469569E-007   5.8965049498842925E-007   3.8498371145112272E-007   2.5052894631891198E-007   1.6276587666441250E-007   1.0575719719333518E-007   6.8845189613029378E-008   4.4983194486433593E-008   2.9556349670755576E-008   1.9565700035633288E-008   1.3073994453677960E-008   8.8351094496862177E-009   6.0495224257624702E-009   4.2047194665607442E-009   2.9719504939393589E-009   2.1398892462197808E-009   1.5722144422465492E-009   1.1805708556630512E-009   9.0735925913717645E-010   7.1478206217762758E-010   5.7786143146363547E-010   4.7997872080985916E-010   4.1001620382068519E-010   3.6052045078343806E-010   3.2652105740388873E-010   3.0477403638197883E-010   2.9328286435822622E-010
   4.7056793333811658E-007   2.4788894142296044E-006   6.0899540364242041E-006   1.1301036431254034E-005   1.8107143133723831E-005   2.6501646447626148E-005   3.6476347822463337E-005   4.8021490778310203E-005   6.1125759521955307E-005   7.5776263113859423E-005   9.1958497214684738E-005   1.0965627074345785E-004   1.2885158019741702E-004   1.4952440947927907E-004   1.7165242788945301E-004   1.9521055365441780E-004   2.2017034524923529E-004   2.4649917818053089E-004   2.7415916125947572E-004   3.0310574424516329E-004   3.3328596872916216E-004   3.6463631705455318E-004   3.9708012087090341E-004   4.3052450274663143E-004   4.6485684238560727E-004   4.9994078485049735E-004   5.3561184325453138E-004   5.7167269401786820E-004   6.0788832002764686E-004   6.4398122624210769E-004   6.7962703264311513E-004   7.1445083844953717E-004   7.4802484425492272E-004   7.7986780729044603E-004   8.0944697776774309E-004   8.3618320578352629E-004   8.5945989954832778E-004   8.7863643527799336E-004   8.9306644534365624E-004   9.0212112606413990E-004   9.0521730012760868E-004   9.0184944573049335E-004   8.9162429034489422E-004   8.7429591226854595E-004   8.4979867581041471E-004   8.1827484821286889E-004   7.8009352416456921E-004   7.3585762902306109E-004   6.8639636841404713E-004   6.3274156809389802E-004   5.7608785293248655E-004   5.1773840435154889E-004   4.5903988127373325E-004   4.0131170141263973E-004   3.4577595930908057E-004   2.9349456105759854E-004   2.4531955631767961E-004   2.0186117999623261E-004   1.6347598352031562E-004   1.3027498201443171E-004   1.0214938132244504E-004   7.8809569372013388E-005   5.9831944614115894E-005   4.4707929407322036E-005   3.2890116881371774E-005   2.3831714477735662E-005   1.7016978394042095E-005   1.1981873455621042E-005   8.3254928259533109E-006   5.7136801629013988E-006   3.8767697006131041E-006   2.6034434321310723E-006   1.7325012007338306E-006   1.1439702802736015E-006   7.5055633997401819E-007   4.9003938413049040E-007   3.1889414255534551E-007   2.0718198610907835E-007   1.3461658308774575E-007   8.7631900557951185E-008   5.7258362540236104E-008   3.7621787517213802E-008   2.4904855219468030E-008   1.6641670802270279E-008   1.1246064351996326E-008   7.7003368080953297E-009   5.3521177040668442E-009   3.7829465153910884E-009   2.7238295468979498E-009   2.0012456997089782E-009   1.5027290709284414E-009   1.1549625589526571E-009   9.0983423744543892E-010   7.3555023644982368E-010   6.1095695673676817E-010   5.2190282868453097E-010   4.5890050517317172E-010   4.1562324097484049E-010   3.8794181843340176E-010   3.7331489606249997E-010
   5.8335274372773195E-007   3.0730248254069398E-006   7.5495824186795949E-006   1.4009646943796751E-005   2.2447028111749487E-005   3.2853509712946599E-005   4.5218928184194407E-005   5.9531188631365495E-005   7.5776263113859423E-005   9.3938171016728374E-005   1.1399893162868884E-004   1.3593847322185496E-004   1.5973447724881046E-004   1.8536213019286284E-004   2.1279374917561585E-004   2.4199824087267478E-004   2.7294034694951854E-004   3.0557962353742086E-004   3.3986909776084030E-004   3.7575354166346001E-004   4.1316730386813913E-004   4.5203164292903378E-004   4.9225151477404780E-004   5.3371178128877768E-004   5.7627282956275417E-004   6.1976562337149384E-004   6.6398625192995062E-004   7.0869009752504294E-004   7.5358581459771846E-004   7.9832939863234260E-004   8.4251872283662118E-004   8.8568903093668751E-004   9.2730998939334847E-004   9.6678501210350435E-004   1.0034536608418856E-003   1.0365979761786698E-003   1.0654535827991289E-003   1.0892263134519326E-003   1.1071148803674660E-003   1.1183397694167533E-003   1.1221780284799462E-003   1.1180029732672039E-003   1.1053270724532280E-003   1.0838454622987043E-003   1.0534767756773622E-003   1.0143973781685334E-003   9.6706482836062034E-004   9.1222655959250713E-004   8.5091051988742008E-004   7.8439584099953056E-004   7.1416347317256263E-004   6.4182894182609139E-004   5.6906167048377163E-004   4.9749731234001373E-004   4.2865087118698083E-004   3.6383876871417972E-004   3.0411727219236849E-004   2.5024287644842259E-004   2.0265759046450742E-004   1.6149903725504004E-004   1.2663234709136488E-004   9.7698494240855042E-005   7.4172349156080940E-005   5.5423439292042610E-005   4.0773156360588496E-005   2.9543653622342812E-005   2.1095574799796699E-005   1.4853665666828903E-005   1.0320930813225935E-005   7.0831239522994148E-006   4.8059463499996356E-006   3.2274317089565832E-006   2.1477437312616096E-006   1.4181548602485980E-006   9.3044822910083044E-007   6.0749107411398345E-007   3.9532607268565641E-007   2.5683896305966570E-007   1.6688122486039316E-007   1.0863534466940654E-007   7.0981935917855485E-008   4.6638904645334240E-008   3.0874002657506992E-008   2.0630314211705133E-008   1.3941499263108197E-008   9.5459386124434849E-009   6.6349029039719716E-009   4.6896358055554284E-009   3.3766717344249495E-009   2.4809003909744149E-009   1.8629002626399818E-009   1.4317817469804619E-009   1.1279015443873493E-009   9.1184549176298439E-010   7.5738993620683555E-010   6.4699148731332427E-010   5.6888888898951255E-010   5.1523901397138832E-010   4.8092296171665029E-010   4.6279028693613822E-010
   7.0792936276972280E-007   3.7292779194353742E-006   9.1618169766041563E-006   1.7001446449319823E-005   2.7240654094946077E-005   3.9869469109226237E-005   5.4875557471462695E-005   7.2244241388871465E-005   9.1958497214684738E-005   1.1399893162868884E-004   1.3834372408813670E-004   1.6496851649120290E-004   1.9384622410190171E-004   2.2494673440726559E-004   2.5823645277236150E-004   2.9367764580592355E-004   3.3122752565693315E-004   3.7083701155475352E-004   4.1244909943416490E-004   4.5599676725345621E-004   5.0140034359926042E-004   5.4856427156852155E-004   5.9737321016024576E-004   6.4768743319188458E-004   6.9933751302329145E-004   7.5211831526884767E-004   8.0578238342188268E-004   8.6003286096872421E-004   9.1451618468680544E-004   9.6881488692870119E-004   1.0224409655946829E-003   1.0748304144015211E-003   1.1253396455912195E-003   1.1732446704205261E-003   1.2177440122237506E-003   1.2579663893156456E-003   1.2929841918832969E-003   1.3218336560253394E-003   1.3435423767154194E-003   1.3571643723900152E-003   1.3618223024708576E-003   1.3567556524755255E-003   1.3413727773930722E-003   1.3153037089752551E-003   1.2784497039171521E-003   1.2310247911635707E-003   1.1735842422263031E-003   1.1070351069358308E-003   1.0326248545067366E-003   9.5190577887672046E-004   8.6667509137907175E-004   7.7889331743021353E-004   6.9058639064235709E-004   6.0373926254968398E-004   5.2019047026496371E-004   4.4153756103179712E-004   3.6906237096725406E-004   3.0368294649605254E-004   2.4593568886160336E-004   1.9598761086010323E-004   1.5367504095303465E-004   1.1856228245284587E-004   9.0012062920381489E-005   6.7259270625518334E-005   4.9480378571654819E-005   3.5852783941847928E-005   2.5600594127403876E-005   1.8025707744370404E-005   1.2524994614935055E-005   8.5957449928625543E-006   5.8322697092664369E-006   3.9166588272203488E-006   2.6064004453784437E-006   1.7210058190677685E-006   1.1291480652142084E-006   7.3722250149650160E-007   4.7974906732115058E-007   3.1168764595393463E-007   2.0251917976542225E-007   1.3183472804916897E-007   8.6140327962427512E-008   5.6598773899415132E-008   3.7467232754939782E-008   2.5035975832228329E-008   1.6918745639761979E-008   1.1584500650090544E-008   8.0518050790897019E-009   5.6911207209448607E-009   4.0977694798495418E-009   3.0107036467413851E-009   2.2607278529400328E-009   1.7375427657854282E-009   1.3687680912970816E-009   1.1065726609996009E-009   9.1913268716424846E-010   7.8515833902536788E-010   6.9037671117406963E-010   6.2526975446113019E-010   5.8362541273706393E-010   5.6162045426091126E-010
   8.4417314573866143E-007   4.4469920844454796E-006   1.0925044594226821E-005   2.0273441512692590E-005   3.2483224836641669E-005   4.7542504841424205E-005   6.5436573775674706E-005   8.6147929047809130E-005   1.0965627074345785E-004   1.3593847322185496E-004   1.6496851649120290E-004   1.9671735463742653E-004   2.3115269036085037E-004   2.6823861587725915E-004   3.0793507113244012E-004   3.5019706079595568E-004   3.9497356232700827E-004   4.4220604916811527E-004   4.9182654659808678E-004   5.4375513392036637E-004   5.9789680664554560E-004   6.5413761756971938E-004   7.1234002786378669E-004   7.7233742049324190E-004   8.3392776080395243E-004   8.9686643549307516E-004   9.6085836407849433E-004   1.0255495588459569E-003   1.0905184119437360E-003   1.1552671124379944E-003   1.2192137403105496E-003   1.2816857440564502E-003   1.3419156749289725E-003   1.3990402097111224E-003   1.4521036244088217E-003   1.5000669557585860E-003   1.5418240718001271E-003   1.5762257284885569E-003   1.6021123776355957E-003   1.6183559798148750E-003   1.6239103468121579E-003   1.6178686001494934E-003   1.5995252304126402E-003   1.5684390675126518E-003   1.5244923646082157E-003   1.4679403413541741E-003   1.3994451334430121E-003   1.3200883560033118E-003   1.2313575585936427E-003   1.1351037802094389E-003   1.0334701125552792E-003   9.2879439185483388E-004   8.2349245059142723E-004   7.1993125200866962E-004   6.2030316689899701E-004   5.2651319673998654E-004   4.4008987203789465E-004   3.6212792085323916E-004   2.9326697695294924E-004   2.3370619540101652E-004   1.8325040542927618E-004   1.4138005881348246E-004   1.0733523753363740E-004   8.0203581105733551E-005   5.9003071532096819E-005   4.2752792856712358E-005   3.0527528894629299E-005   2.1494825912003703E-005   1.4935478962311122E-005   1.0250029836596112E-005   6.9547128939603945E-006   4.6704351830017115E-006   3.1080124356213089E-006   2.0522201402028286E-006   1.3464570398482809E-006   8.7910386392613017E-007   5.7207865731290612E-007   3.7167315612306193E-007   2.4149479036455868E-007   1.5720683863069142E-007   1.0271837199477212E-007   6.7491429965113813E-008   4.4677948677131540E-008   2.9854247593631718E-008   2.0174824607912046E-008   1.3813983244511251E-008   9.6014065526205106E-009   6.7863992291293781E-009   4.8864012912001362E-009   3.5901253741091915E-009   2.6958137967448321E-009   2.0719396871883331E-009   1.6321928799453065E-009   1.3195369105325456E-009   1.0960233784328280E-009   9.3626514143274400E-010   8.2324241748692404E-010   7.4560537154946100E-010   6.9594641289590379E-010   6.6970651383876337E-010
   9.9194549523872411E-007   5.2254372077521229E-006   1.2837471584153422E-005   2.3822303615100841E-005   3.8169407200627160E-005   5.5864811322031319E-005   7.6891233638853062E-005   1.0122810773416182E-004   1.2885158019741702E-004   1.5973447724881046E-004   1.9384622410190171E-004   2.3115269036085037E-004   2.7161592508978115E-004   3.1519373485364345E-004   3.6183904709331111E-004   4.1149899005426356E-004   4.6411360970958690E-004   5.1961413443898030E-004   5.7792069055916584E-004   6.3893936727077091E-004   7.0255852956648446E-004   7.6864428380590886E-004   8.3703501501392204E-004   9.0753493987564204E-004   9.7990665760894083E-004   1.0538627353985773E-003   1.1290564389798516E-003   1.2050718151560809E-003   1.2814134537008346E-003   1.3574964019704597E-003   1.4326368749576508E-003   1.5060445911437177E-003   1.5768177600239725E-003   1.6439419338155697E-003   1.7062940892200280E-003   1.7626533926510916E-003   1.8117200839580317E-003   1.8521437441432627E-003   1.8825618463274559E-003   1.9016488879960074E-003   1.9081755458856473E-003   1.9010761926123805E-003   1.8795218194724388E-003   1.8429940296362439E-003   1.7913544647001841E-003   1.7249030204714094E-003   1.6444177393701424E-003   1.5511695730486537E-003   1.4469064663343956E-003   1.3338034822488586E-003   1.2143788602941780E-003   1.0913796744828137E-003   9.6764464831738093E-004   8.4595508150961147E-004   7.2888711894450757E-004   6.1867923224799483E-004   5.1712752090235493E-004   4.2551834490804841E-004   3.4460330580192954E-004   2.7461642070427484E-004   2.1532835424086560E-004   1.6612861136906570E-004   1.2612425056320270E-004   9.4243202809101678E-005   6.9331548044328131E-005   5.0236661160291024E-005   3.5871367053853277E-005   2.5257491122506560E-005   1.7549931729863087E-005   1.2044295620867417E-005   8.1721340706784101E-006   5.4879939784500385E-006   3.6520694246473024E-006   2.4114608876015910E-006   1.5821540900134833E-006   1.0329908290383388E-006   6.7222091807624616E-007   4.3673447180652962E-007   2.8376840774310057E-007   1.8472586599990153E-007   1.2069920358496342E-007   7.9305792015611130E-008   5.2498815142962965E-008   3.5080227988456185E-008   2.3706423839790213E-008   1.6232118398774820E-008   1.1282130953708324E-008   7.9743571306524850E-009   5.7417649130421432E-009   4.2185761418337348E-009   3.1677154919960963E-009   2.4346323375572773E-009   1.9179079348772473E-009   1.5505215971525259E-009   1.2878820635326675E-009   1.1001581773613662E-009   9.6735084696522326E-010   8.7612345082017991E-010   8.1777170084649413E-010   7.8693851242224876E-010
   1.1510923202024842E-006   6.0638015580646475E-006   1.4897103744374917E-005   2.7644332145764812E-005   4.4293271864448025E-005   6.4827710384304042E-005   8.9227592602028922E-005   1.1746905244363319E-004   1.4952440947927907E-004   1.8536213019286284E-004   2.2494673440726559E-004   2.6823861587725915E-004   3.1519373485364345E-004   3.6576312842536834E-004   4.1989217175511962E-004   4.7751951039260078E-004   5.3857557134183844E-004   6.0298054932688165E-004   6.7064175580400611E-004   7.4145021301136825E-004   8.1527637532352940E-004   8.9196486732729904E-004   9.7132814468925811E-004   1.0531390127991511E-003   1.1371219825112252E-003   1.2229435055531345E-003   1.3102012179329425E-003   1.3984124313048049E-003   1.4870022522801916E-003   1.5752918789501036E-003   1.6624878204681628E-003   1.7476730032740481E-003   1.8298009544220582E-003   1.9076944690580111E-003   1.9800503470559952E-003   2.0454518854095176E-003   2.1023907916420340E-003   2.1492999867712436E-003   2.1845983413556688E-003   2.2067476904736533E-003   2.2143214793656982E-003   2.2060831123682303E-003   2.1810705753818162E-003   2.1386823004652645E-003   2.0787577311196571E-003   2.0016448781602328E-003   1.9082466124191197E-003   1.8000377958653463E-003   1.6790468119904194E-003   1.5477976889309783E-003   1.4092126902239333E-003   1.2664796279153573E-003   1.1228926677015747E-003   9.8167933846771507E-004   8.4582909942004184E-004   7.1793956051793611E-004   6.0009498579636502E-004   4.9378811767379128E-004   3.9989114394790994E-004   3.1867562723102003E-004   2.4987543779192130E-004   1.9278213332357837E-004   1.4635950958137776E-004   1.0936349578233067E-004   8.0455037988119664E-005   5.8296584975476518E-005   4.1626536265400011E-005   2.9309779819810336E-005   2.0365626671313745E-005   1.3976671357424053E-005   9.4832637615427656E-006   6.3684826961092258E-006   4.2380040916926557E-006   2.7983534594497279E-006   1.8359934402980220E-006   1.1987229296902699E-006   7.8007142528613276E-007   5.0680374967900650E-007   3.2929595067172454E-007   2.1436311442098558E-007   1.4006407304442781E-007   9.2029540508953163E-008   6.0921676867186320E-008   4.0708467574366268E-008   2.7509860725644435E-008   1.8836384578721709E-008   1.3092225690492171E-008   9.2537556707557950E-009   6.6629684065658219E-009   4.8954006267104400E-009   3.6759408585706730E-009   2.8252425155722442E-009   2.2256153239158584E-009   1.7992858593110831E-009   1.4945086799373073E-009   1.2766665457398567E-009   1.1225517291300976E-009   1.0166878932654477E-009   9.4897424207444112E-010   9.1319420519452821E-010
