# Version 0.33
# Potential name = chengdu_MMWLY_800   
# L = 1
# S = 0
# J = 1
# Order = 2                   
# K_MAX = 1600 MeV
# For uncoupled channels, e.g., 3P0 (LSJ = 110)
# storage = D(1:N，1:N) (row, column)
# D(i,j)  = <pout(j),L|V|L,pin(i)>
# Normalization
# If V were so weak as to validate the Born approximation, the relation of V
# in 1S0 and the respective scattering length 'a' would have been
# <p|V|p> = 2/pi * a + ... for p->0, in unit of MeV^(-1)
# Momenta are in unit of MeV
# The value of pin and pout, where pin(1:N) = pout(1:N)
  0.22901858124691898        1.2064394883233263        2.9638922134998893        5.5000503700453010        8.8124838056065755        12.897967435154328        17.752513210465395        23.371379389034928        29.749076595347560        36.879373659606586        44.755303890995151        53.369171965536339        62.712561483732770        72.776343213976247        83.550684023418398        95.025056491985310        107.18824920226837        120.02837769632697        133.53289608927935        147.68860932865903        162.48168608774836        177.89767228040364        193.92150518423432        210.53752815838345        227.72950594155486        245.48064051535846        263.77358751748727        282.59047318869659        301.91291183703379        321.72202380225701        341.99845390289505        362.72239034792466        383.87358409458960        405.43136863344722        427.37468018131352        449.68207826237483        472.33176665735874        495.30161470029606        518.56917890206262        542.11172487957674        565.90624956922238        589.92950370279721        614.15801452402081        638.56810872341123        663.13593556911735        687.83749021110884        712.64863713595105        737.54513374925068        762.50265406272672        787.49681246276555        812.50318753723445        837.49734593727328        862.45486625074932        887.35136286404895        912.16250978889116        936.86406443088265        961.43189127658877        985.84198547597919        1010.0704962972028        1034.0937504307776        1057.8882751204233        1081.4308210979375        1104.6983852997039        1127.6682333426413        1150.3179217376251        1172.6253198186864        1194.5686313665528        1216.1264159054103        1237.2776096520754        1258.0015460971049        1278.2779761977431        1298.0870881629662        1317.4095268113033        1336.2264124825128        1354.5193594846414        1372.2704940584451        1389.4624718416167        1406.0784948157657        1422.1023277195964        1437.5183139122516        1452.3113906713411        1466.4671039107207        1479.9716223036730        1492.8117507977317        1504.9749435080148        1516.4493159765816        1527.2236567860236        1537.2874385162672        1546.6308280344638        1555.2446961090050        1563.1206263403933        1570.2509234046524        1576.6286206109651        1582.2474867895346        1587.1020325648456        1591.1875161943935        1594.4999496299547        1597.0361077865000        1598.7935605116768        1599.7709814187531     
# Matrix elements start here 
   2.0854951540717563E-010   1.0986111663373859E-009   2.6989874854810153E-009   5.0084706253101596E-009   8.0248475478526483E-009   1.1745180945369459E-008   1.6165837328172508E-008   2.1282492752753693E-008   2.7090132208476926E-008   3.3583042600582468E-008   4.0754795796752139E-008   4.8598216122972275E-008   5.7105324663743923E-008   6.6267250548161978E-008   7.6074097104038481E-008   8.6514748419423719E-008   9.7576599584753922E-008   1.0924519185390212E-007   1.2150373235062527E-007   1.3433247699443237E-007   1.4770795531563636E-007   1.6160201712457960E-007   1.7598068401730143E-007   1.9080279393838694E-007   2.0601843505466822E-007   2.2156717665234268E-007   2.3737612030783211E-007   2.5335781480731827E-007   2.6940810365919373E-007   2.8540400471277015E-007   3.0120175701283312E-007   3.1663520946685872E-007   3.3151476700772459E-007   3.4562714917341585E-007   3.5873624826868742E-007   3.7058539267798343E-007   3.8090131703452600E-007   3.8940010530775199E-007   3.9579529587071018E-007   3.9980821120692523E-007   4.0118039480637314E-007   3.9968780605835139E-007   3.9515615175393980E-007   3.8747644263101041E-007   3.7661958981505913E-007   3.6264864427567469E-007   3.4572718392160558E-007   3.2612241733685081E-007   3.0420183754242140E-007   2.8042273613477040E-007   2.5531455513502720E-007   2.2945484739950908E-007   2.0344043444077587E-007   1.7785606482603031E-007   1.5324335477306289E-007   1.3007292708834898E-007   1.0872239896804562E-007   8.9462218492236926E-008   7.2450404561197682E-008   5.7736157617154739E-008   4.5271261521833754E-008   3.4927364016051786E-008   2.6516730467855957E-008   1.9813965959418235E-008   1.4576466969683860E-008   1.0561902232472759E-008   7.5417008817340815E-009   5.3102086347315996E-009   3.6897488574320590E-009   2.5322278564793138E-009   1.7181333132344044E-009   1.1538118679472504E-009   7.6782173254414503E-010   5.0699257363091085E-010   3.3263669259608277E-010   2.1717900615512764E-010   1.4132968735104640E-010   9.1820329739932705E-011   5.9660298077614701E-011   3.8837305096263280E-011   2.5376152760911809E-011   1.6673481126962132E-011   1.1037504086735022E-011   7.3753694960881955E-012   4.9841077232126991E-012   3.4126879373364170E-012   2.3719881328660252E-012   1.6765521122519938E-012   1.2071654097372381E-012   8.8692575782701500E-013   6.6598974840306182E-013   5.1186420688368134E-013   4.0322656066699253E-013   3.2598618499366064E-013   2.7076808306558477E-013   2.3130046546029003E-013   2.0337866478718877E-013   1.8419875082091902E-013   1.7193070863656105E-013   1.6544824913127615E-013
   1.0986111663373859E-009   5.7873378053395535E-009   1.4217907836252318E-008   2.6383958478616579E-008   4.2273831742132007E-008   6.1872054279498979E-008   8.5159485349314668E-008   1.1211334699109642E-007   1.4270722079445696E-007   1.7691101093450239E-007   2.1469085486338807E-007   2.5600895208283896E-007   3.0082327072505001E-007   3.4908708021952607E-007   4.0074824621076840E-007   4.5574821155004372E-007   5.1402057524682293E-007   5.7548917054562181E-007   6.4006553480331465E-007   7.0764565882451133E-007   7.7810590329014154E-007   8.5129797673747069E-007   9.2704288544439521E-007   1.0051237931664394E-006   1.0852777709912842E-006   1.1671864779396003E-006   1.2504658947918042E-006   1.3346553401609215E-006   1.4192061314738802E-006   1.5034704150843054E-006   1.5866908773615544E-006   1.6679922564034842E-006   1.7463757905614951E-006   1.8207179466704586E-006   1.8897749407304561E-006   1.9521946607388247E-006   2.0065375810139562E-006   2.0513080695910876E-006   2.0849970846415609E-006   2.1061365899975190E-006   2.1133650710691496E-006   2.1055023116562367E-006   2.0816301582681677E-006   2.0411744699382250E-006   1.9839820103364942E-006   1.9103849236019969E-006   1.8212449164462859E-006   1.7179696082232078E-006   1.6024949033900114E-006   1.4772297533803860E-006   1.3449631884886752E-006   1.2087376805032272E-006   1.0716972059359443E-006   9.3692214262503074E-007   8.0726565291695626E-007   6.8520691529035338E-007   5.7273516701335604E-007   4.7127509267520819E-007   3.8165911486867067E-007   3.0414641499300785E-007   2.3848299683153009E-007   1.8399271771908817E-007   1.3968661653261740E-007   1.0437734276172162E-007   7.6786893258308514E-008   5.5638699076828925E-008   3.9728679233193211E-008   2.7973474262489747E-008   1.9437107239693905E-008   1.3339440244717252E-008   9.0508982458686689E-009   6.0781277746178431E-009   4.0447829738783041E-009   2.6707695846407286E-009   1.7522859456475108E-009   1.1440701782032025E-009   7.4450603424173094E-010   4.8369730973539320E-010   3.1428253154708208E-010   2.0458976836221705E-010   1.3367820456159044E-010   8.7833685501654368E-011   5.8144106518333445E-011   3.8852467570815804E-011   2.6255617944061079E-011   1.7977587086993026E-011   1.2495318649379722E-011   8.8318539981761839E-012   6.3591871511390064E-012   4.6722071703623920E-012   3.5083455976069665E-012   2.6964327020032679E-012   2.1241440012348023E-012   1.7172519543214364E-012   1.4263703224763548E-012   1.2184601514780917E-012   1.0713718115995498E-012   9.7033457057986001E-013   9.0570815269286803E-013   8.7155941643744508E-013
   2.6989874854810153E-009   1.4217907836252318E-008   3.4929515096502070E-008   6.4818177653009700E-008   1.0385525500867254E-007   1.5200273337662968E-007   2.0921358918467282E-007   2.7543186320703487E-007   3.5059265262713563E-007   4.3462202022565427E-007   5.2743677497408187E-007   6.2894405137558399E-007   7.3904058861443928E-007   8.5761158244614277E-007   9.8452895300279749E-007   1.1196488413682921E-006   1.2628081184502306E-006   1.4138196633398137E-006   1.5724661474916515E-006   1.7384920487288961E-006   1.9115936190239383E-006   2.0914065467673672E-006   2.2774910932866304E-006   2.4693145511706151E-006   2.6662309759162396E-006   2.8674582907108417E-006   3.0720530652493225E-006   3.2788835312260834E-006   3.4866017254639814E-006   3.6936160485531725E-006   3.8980659878078962E-006   4.0978012638638194E-006   4.2903681922207769E-006   4.4730065588511678E-006   4.6426607262798924E-006   4.7960089247252721E-006   4.9295146328786422E-006   5.0395034916223556E-006   5.1222681974668674E-006   5.1742021866281135E-006   5.1919605897366566E-006   5.1726439380339908E-006   5.1139965792412672E-006   5.0146080058636098E-006   4.8741017581039321E-006   4.6932938233671148E-006   4.4743011796176080E-006   4.2205819630338582E-006   3.9368921619612378E-006   3.6291499119256575E-006   3.3042070983727696E-006   2.9695382432565578E-006   2.6328672379048005E-006   2.3017617290797093E-006   1.9832311571575741E-006   1.6833661863270833E-006   1.4070538290789657E-006   1.1577941462126640E-006   9.3763217261343540E-007   7.4720464616864028E-007   5.8588756756786706E-007   4.5201983901095245E-007   3.4317185321138307E-007   2.5642661435969278E-007   1.8864441788269169E-007   1.3668908265100260E-007   9.7602510652206700E-008   6.8723183664327439E-008   4.7751662099687395E-008   3.2771360229154148E-008   2.2235584205285268E-008   1.4932299344398051E-008   9.9369266966212912E-009   6.5613511917782129E-009   4.3048878285608940E-009   2.8106678578344256E-009   1.8290479205510258E-009   1.1883121396708448E-009   7.7210631526602341E-010   5.0262116514616476E-010   3.2841082654943891E-010   2.1578336834402636E-010   1.4284418423548370E-010   9.5449897986459606E-011   6.4502880023366991E-011   4.4166019838213002E-011   3.0697584090836105E-011   2.1697452333515235E-011   1.5622785444622858E-011   1.1478336529587135E-011   8.6190466225205614E-012   6.6243984597491271E-012   5.2184414762553736E-012   4.2188188834665500E-012   3.5042021854372163E-012   2.9934236981774203E-012   2.6320678329208684E-012   2.3838469359962447E-012   2.2250774837523058E-012   2.1411833685071038E-012
   5.0084706253101596E-009   2.6383958478616579E-008   6.4818177653009700E-008   1.2028212079811738E-007   1.9272264017272012E-007   2.8206919416227767E-007   3.8823452182861630E-007   5.1111478047517744E-007   6.5058953091797470E-007   8.0652156896725987E-007   9.7875651827826714E-007   1.1671220497403579E-006   1.3714265438054351E-006   1.5914569599576167E-006   1.8269756223056645E-006   2.0777155740150585E-006   2.3433740988739620E-006   2.6236039594164194E-006   2.9180018623179974E-006   3.2260936389047971E-006   3.5473156285144546E-006   3.8809917835535658E-006   4.2263060875581238E-006   4.5822700033693655E-006   4.9476848614541157E-006   5.3210993735926130E-006   5.7007628303074973E-006   6.0845750261166237E-006   6.4700345659549761E-006   6.8541879426520519E-006   7.2335826307016079E-006   7.6042283889149049E-006   7.9615719517399626E-006   8.3004912313748998E-006   8.6153159271540221E-006   8.8998818806790109E-006   9.1476264223615440E-006   9.3517310990570341E-006   9.5053163232437247E-006   9.6016894485614657E-006   9.6346434510531473E-006   9.5987978299998470E-006   9.4899668052746508E-006   9.3055329192595163E-006   9.0447975811512384E-006   8.7092750065473205E-006   8.3028936397278512E-006   7.8320706921698190E-006   7.3056317801646095E-006   6.7345590991086742E-006   6.1315675901298064E-006   5.5105276115924490E-006   4.8857722728705263E-006   4.2713447426393904E-006   3.6802523343502386E-006   3.1237974022532342E-006   2.6110487021825631E-006   2.1485012445060379E-006   1.7399499698099545E-006   1.3865764630486765E-006   1.0872227780541610E-006   8.3880644053460864E-007   6.3681886466255459E-007   4.7584702503330351E-007   3.5006461892720136E-007   2.5365188202646628E-007   1.8111951618441018E-007   1.2752858192643148E-007   8.8612043672887602E-008   6.0813322011355688E-008   4.1262240350452774E-008   2.7709644093228205E-008   1.8439805939677499E-008   1.2175801067305890E-008   7.9885158232809908E-009   5.2157142184593370E-009   3.3941368130248379E-009   2.2051330275731835E-009   1.4327861171750323E-009   9.3270656304843493E-010   6.0942704871918023E-010   4.0042596254903587E-010   2.6507381178624014E-010   1.7712494512320205E-010   1.1969702771236182E-010   8.1958221068643552E-011   5.6965046712522983E-011   4.0263637101344725E-011   2.8990968800646941E-011   2.1300177064591347E-011   1.5994235638102440E-011   1.2292796937548739E-011   9.6837836352795090E-012   7.8287989718411872E-012   6.5026954757376669E-012   5.5548514923021081E-012   4.8842888290230471E-012   4.4236690308495371E-012   4.1290429379024500E-012   3.9733618856180916E-012
   8.0248475478526483E-009   4.2273831742132007E-008   1.0385525500867254E-007   1.9272264017272012E-007   3.0879083099543322E-007   4.5194680181592377E-007   6.2205073835192596E-007   8.1893625811441618E-007   1.0424103868079290E-006   1.2922532883211988E-006   1.5682176123701936E-006   1.8700272437603964E-006   2.1973751590957051E-006   2.5499200131253698E-006   2.9272809884431045E-006   3.3290303521022388E-006   3.7546830755118124E-006   4.2036827956748850E-006   4.6753833338099936E-006   5.1690249507463106E-006   5.6837045183190519E-006   6.2183388358312322E-006   6.7716204367506411E-006   7.3419654323839068E-006   7.9274532483713949E-006   8.5257585507772827E-006   9.1340762564319967E-006   9.7490413004136770E-006   1.0366645809749626E-005   1.0982157512545315E-005   1.1590044582238225E-005   1.2183913634577085E-005   1.2756469176659352E-005   1.3299504317237818E-005   1.3803933788214321E-005   1.4259881035425327E-005   1.4656830988125079E-005   1.4983858745063081E-005   1.5229941452121910E-005   1.5384355782611685E-005   1.5437156500809157E-005   1.5379722672055688E-005   1.5205347608841216E-005   1.4909837476376815E-005   1.4492072953992863E-005   1.3954480201336410E-005   1.3303353588247357E-005   1.2548975124472325E-005   1.1705485698628368E-005   1.0790481589178577E-005   9.8243353752521679E-006   8.8292709091257765E-006   7.8282534882359426E-006   6.8437838510593952E-006   5.8967030317684210E-006   5.0051202849788008E-006   4.1835660708773754E-006   3.4424470528795275E-006   2.7878436938523572E-006   2.2216491943021629E-006   1.7420082290883312E-006   1.3439818880899023E-006   1.0203462667203201E-006   7.6242831747765534E-007   5.6089281717888795E-007   4.0641501882867572E-007   2.9019966653607249E-007   2.0433331939329741E-007   1.4197909792763283E-007   9.7438454675848258E-008   6.6112634587875263E-008   4.4397918264648197E-008   2.9545272908281458E-008   1.9508739223574968E-008   1.2799640131955175E-008   8.3569046496527349E-009   5.4382729816633404E-009   3.5331856155018785E-009   2.2956888477902031E-009   1.4944338372518245E-009   9.7645759022622312E-010   6.4158453628929262E-010   4.2471586391325481E-010   2.8379934472460595E-010   1.9178517179848926E-010   1.3131797679822450E-010   9.1272535994157444E-011   6.4512617450031564E-011   4.6450927297858941E-011   3.4128317099798824E-011   2.5626845446908344E-011   1.9696196452071526E-011   1.5515891611063581E-011   1.2543732993925778E-011   1.0418976918662534E-011   8.9002890725600734E-012   7.8258766327819608E-012   7.0878462170328094E-012   6.6157800602360086E-012   6.3663393019418757E-012
   1.1745180945369459E-008   6.1872054279498979E-008   1.5200273337662968E-007   2.8206919416227767E-007   4.5194680181592377E-007   6.6147013178206267E-007   9.1043455163195781E-007   1.1985965436628654E-006   1.5256736703574950E-006   1.8913441791978403E-006   2.2952460478743776E-006   2.7369751537041505E-006   3.2160821367061502E-006   3.7320674033727142E-006   4.2843735886801085E-006   4.8723746619374093E-006   5.4953607344482194E-006   6.1525175123544477E-006   6.8428992472582473E-006   7.5653939835767239E-006   8.3186799013439626E-006   9.1011716261200877E-006   9.9109555475954594E-006   1.0745713483500570E-005   1.1602634477834265E-005   1.2478315167769810E-005   1.3368650028660526E-005   1.4268713945584988E-005   1.5172640988631171E-005   1.6073504996354572E-005   1.6963209577696326E-005   1.7832397364253272E-005   1.8670390659818096E-005   1.9465177843967770E-005   2.0203461702379680E-005   2.0870786893058145E-005   2.1451763540017869E-005   2.1930401938628067E-005   2.2290569020270103E-005   2.2516570105193613E-005   2.2593849328951663E-005   2.2509789076458096E-005   2.2254573428110711E-005   2.1822064279957071E-005   2.1210623392302038E-005   2.0423801696660125E-005   1.9470811643768350E-005   1.8366702001124924E-005   1.7132169398110666E-005   1.5792967778745303E-005   1.4378914485572681E-005   1.2922536387762056E-005   1.1457445534919095E-005   1.0016574047341138E-005   8.6304248991946679E-006   7.3255028272961513E-006   6.1230746386592131E-006   5.0383715441102727E-006   4.0802929197658016E-006   3.2516096572071971E-006   2.5496062993047080E-006   1.9670542485432186E-006   1.4933805855002409E-006   1.1158914226407772E-006   8.2092371094163412E-007   5.9482973434627255E-007   4.2473674090719713E-007   2.9906260463283706E-007   2.0780085673610094E-007   1.4261109315544005E-007   9.6762567934074908E-008   6.4980871039170575E-008   4.3242513246366288E-008   2.8553024942913449E-008   1.8733575745704213E-008   1.2231180301940498E-008   7.9594658738459949E-009   5.1711766635056513E-009   3.3599742239063134E-009   2.1872559852058852E-009   1.4291450416095820E-009   9.3902425255232683E-010   6.2161488330889359E-010   4.1536921867876826E-010   2.8069711380558019E-010   1.9219722115315343E-010   1.3358664375885674E-010   9.4420780044946196E-011   6.7985658660835680E-011   4.9950264763016590E-011   3.7507495941589252E-011   2.8827387671311809E-011   2.2709086174409178E-011   1.8359029609663102E-011   1.5249232891416730E-011   1.3026478696319297E-011   1.1453966765108025E-011   1.0373784154227202E-011   9.6828672992089132E-012   9.3177853678893957E-012
   1.6165837328172508E-008   8.5159485349314668E-008   2.0921358918467282E-007   3.8823452182861630E-007   6.2205073835192596E-007   9.1043455163195781E-007   1.2531043095962227E-006   1.6497248392416484E-006   2.0999073990936563E-006   2.6032091352796489E-006   3.1591317673736246E-006   3.7671190688190322E-006   4.4265525493270858E-006   5.1367445781654289E-006   5.8969280090169463E-006   6.7062411854832425E-006   7.5637070306473733E-006   8.4682047663699021E-006   9.4184326830540115E-006   1.0412860306784250E-005   1.1449668310413115E-005   1.2526674615570048E-005   1.3641245366453330E-005   1.4790189862328751E-005   1.5969639158336049E-005   1.7174908932447186E-005   1.8400348420838791E-005   1.9639178791663786E-005   2.0883326293723486E-005   2.2123257893875080E-005   2.3347829877823187E-005   2.4544162946719297E-005   2.5697560528349659E-005   2.6791490063300370E-005   2.7807649525859164E-005   2.8726142866036515E-005   2.9525787759538207E-005   3.0184576289654460E-005   3.0680303216286719E-005   3.0991366689200212E-005   3.1097732301269615E-005   3.0982033413879393E-005   3.0630759587279506E-005   3.0035462455245562E-005   2.9193887176703632E-005   2.8110921184337313E-005   2.6799244315153902E-005   2.5279569398397742E-005   2.3580382869941407E-005   2.1737131954609967E-005   1.9790856659480727E-005   1.7786326331082337E-005   1.5769803937070992E-005   1.3786616603701693E-005   1.1878748028006809E-005   1.0082678811332031E-005   8.4276801708915510E-006   6.9347160473582544E-006   5.6160353679551662E-006   4.4754519336588093E-006   3.5092282423876539E-006   2.7074149939066787E-006   2.0554598287194380E-006   1.5358911283036314E-006   1.1299033392205199E-006   8.1871201202677031E-007   5.8459934272114535E-007   4.1162391962467447E-007   2.8601303481621381E-007   1.9628711927615013E-007   1.3318210591682729E-007   8.9438399931704347E-008   5.9518149448153289E-008   3.9299825060283184E-008   2.5784527244720604E-008   1.6834757336852433E-008   1.0955253148863874E-008   7.1175064161469637E-009   4.6246028037513137E-009   3.0104963573039125E-009   1.9670472824970201E-009   1.2924546147545261E-009   8.5557856716582093E-010   5.7170606834613183E-010   3.8634601726229885E-010   2.6453649599273471E-010   1.8386604363669716E-010   1.2995891486946682E-010   9.3574130843257074E-011   6.8750567438164840E-011   5.1624583801569428E-011   3.9677452553365679E-011   3.1256342041429598E-011   2.5269009268854657E-011   2.0988745890649670E-011   1.7929390491563672E-011   1.5765015826344600E-011   1.4278273608115534E-011   1.3327309162572302E-011   1.2824817532973960E-011
   2.1282492752753693E-008   1.1211334699109642E-007   2.7543186320703487E-007   5.1111478047517744E-007   8.1893625811441618E-007   1.1985965436628654E-006   1.6497248392416484E-006   2.1718798861108686E-006   2.7645499020814892E-006   3.4271518654304331E-006   4.1590297848013617E-006   4.9594513821552024E-006   5.8276024086026709E-006   6.7625775911423888E-006   7.7633669736797308E-006   8.8288361766164113E-006   9.9576988680426397E-006   1.1148479531896629E-005   1.2399464453973659E-005   1.3708638749467410E-005   1.5073607255291343E-005   1.6491497242605941E-005   1.7958841212891107E-005   1.9471438575489280E-005   2.1024195824306251E-005   2.2610946000737298E-005   2.4224249815515995E-005   2.5855182866105741E-005   2.7493115975193603E-005   2.9125498805630006E-005   3.0737660541798295E-005   3.2312645452990607E-005   3.3831105349238165E-005   3.5271274944353324E-005   3.6609059431387642E-005   3.7818265453875003E-005   3.8871006261866914E-005   3.9738308204424667E-005   4.0390937852318603E-005   4.0800456145342034E-005   4.0940487578422472E-005   4.0788168791439955E-005   4.0325713150134213E-005   3.9541998292619962E-005   3.8434055697202911E-005   3.7008319719775471E-005   3.5281483497459832E-005   3.3280815685094745E-005   3.1043818971387459E-005   2.8617159996000959E-005   2.6054868354524064E-005   2.3415883356668932E-005   2.0761110679875987E-005   1.8150223956660614E-005   1.5638495160239334E-005   1.3273951381197972E-005   1.1095128481031286E-005   9.1296257053819519E-006   7.3935688941654067E-006   5.8919789559801676E-006   4.6199354305154750E-006   3.5643399606712084E-006   2.7060342140188438E-006   2.0220166233007587E-006   1.4875294820866142E-006   1.0778428675752286E-006   7.6963110676889678E-007   5.4190716561308668E-007   3.7653913107619276E-007   2.5841403130869021E-007   1.7533562576630077E-007   1.1774658248275001E-007   7.8356261947541729E-008   5.1738627888600455E-008   3.3945597934640479E-008   2.2163132892073468E-008   1.4422704559754157E-008   9.3702711244868036E-009   6.0883376256470225E-009   3.9633497236084596E-009   2.5896381785996390E-009   1.7015299247036168E-009   1.1263780703388056E-009   7.5265697713521034E-010   5.0862854459823069E-010   3.4826504464403697E-010   2.4206155621497083E-010   1.7109226127403036E-010   1.2319131518453653E-010   9.0510836126040519E-011   6.7964300785465834E-011   5.2235778405559149E-011   4.1149298948779933E-011   3.3266913164866079E-011   2.7631901969512053E-011   2.3604228809911711E-011   2.0754807082371872E-011   1.8797495509680822E-011   1.7545540939710665E-011   1.6884005490098690E-011
   2.7090132208476926E-008   1.4270722079445696E-007   3.5059265262713563E-007   6.5058953091797470E-007   1.0424103868079290E-006   1.5256736703574950E-006   2.0999073990936563E-006   2.7645499020814892E-006   3.5189497402567839E-006   4.3623647949334395E-006   5.2939600655888530E-006   6.3128034476466345E-006   7.4178584971940581E-006   8.6079729072350801E-006   9.8818611213996870E-006   1.1238079206702715E-005   1.2674989812580725E-005   1.4190714779099444E-005   1.5783072747857266E-005   1.7449499005386547E-005   1.9186944788300917E-005   2.0991753447684027E-005   2.2859511262153072E-005   2.4784871369496522E-005   2.6761350330246082E-005   2.8781098325028293E-005   3.0834646005862820E-005   3.2910633648707630E-005   3.4995531549969249E-005   3.7073364593546735E-005   3.9125458541451204E-005   4.1130230725153007E-005   4.3063053154390968E-005   4.4896221157196945E-005   4.6599064853244742E-005   4.8138243153316308E-005   4.9478259475702687E-005   5.0582233740442804E-005   5.1412955200095644E-005   5.1934224246380614E-005   5.2112467936138282E-005   5.1918583877295715E-005   5.1329931757965972E-005   5.0332354108089319E-005   4.8922072345612625E-005   4.7107276655483991E-005   4.4909215455211059E-005   4.2362598563484346E-005   3.9515162531047862E-005   3.6426308549899348E-005   3.3164809996573019E-005   2.9805689741318490E-005   2.6426473611268700E-005   2.3103119183996076E-005   1.9905981237921259E-005   1.6896192660468358E-005   1.4122805110894982E-005   1.1620949211445448E-005   9.4111512764174675E-006   7.4998023371305702E-006   5.8806392212255106E-006   4.5369892470912284E-006   3.4444660909821015E-006   2.5737914392508469E-006   1.8934516178101174E-006   1.3719683178935345E-006   9.7965067703021645E-007   6.8978464749060301E-007   4.7929041776364592E-007   3.2893093652162203E-007   2.2318181136232467E-007   1.4987767286523869E-007   9.9738386860078062E-008   6.5857241727758882E-008   4.3208788868316495E-008   2.8211084442757724E-008   1.8358421537673949E-008   1.1927262776056944E-008   7.7497440325584933E-009   5.0448821596376016E-009   3.2963075070849816E-009   2.1658492335648362E-009   1.4337479728853340E-009   9.5804458881290019E-010   6.4742484248648287E-010   4.4330080186576668E-010   3.0811614206257789E-010   2.1778050304568137E-010   1.5680818285975689E-010   1.1520974283602069E-010   8.6510631772527732E-011   6.6490056379143289E-011   5.2378260467837219E-011   4.2344902275958262E-011   3.5172189941373391E-011   3.0045431546401548E-011   2.6418449866505364E-011   2.3927020413509501E-011   2.2333428196023087E-011   2.1491370689001792E-011
   3.3583042600582468E-008   1.7691101093450239E-007   4.3462202022565427E-007   8.0652156896725987E-007   1.2922532883211988E-006   1.8913441791978403E-006   2.6032091352796489E-006   3.4271518654304331E-006   4.3623647949334395E-006   5.4079279355339684E-006   6.5628061554022412E-006   7.8258439449432354E-006   9.1957564473756593E-006   1.0671115172995620E-005   1.2250326445773501E-005   1.3931600253664330E-005   1.5712906809094504E-005   1.7591917798396217E-005   1.9565929039413251E-005   2.1631761113123952E-005   2.3785634534441453E-005   2.6023016235923042E-005   2.8338434623997835E-005   3.0725261310880677E-005   3.3175458918895202E-005   3.5679296199172003E-005   3.8225034208756664E-005   4.0798590546961773E-005   4.3383192737054609E-005   4.5959036778063944E-005   4.8502972626826949E-005   5.0988244722643917E-005   5.3384322286272366E-005   5.5656860443653289E-005   5.7767838416976420E-005   5.9675923989368742E-005   6.1337112827203051E-005   6.2705685504419942E-005   6.3735512673739154E-005   6.4381718474915541E-005   6.4602683266831300E-005   6.4362329452476481E-005   6.3632590333883776E-005   6.2395915206004069E-005   6.0647619843559906E-005   5.8397857439156721E-005   5.5672969189834912E-005   5.2515984096367548E-005   4.8986080113476496E-005   4.5156895595749057E-005   4.1113687389337193E-005   3.6949459700651631E-005   3.2760319596841923E-005   2.8640430020481456E-005   2.4677008246948308E-005   2.0945839375660246E-005   1.7507731672512779E-005   1.4406235799213159E-005   1.1666797777293807E-005   9.2973404280762817E-006   7.2900994341871360E-006   5.6244060379953260E-006   4.2700290489360164E-006   3.1906727838828530E-006   2.3472704324108574E-006   1.7007990257076160E-006   1.2144514529205724E-006   8.5511089512719174E-007   5.9416581631782492E-007   4.0776846598033592E-007   2.7667359542493374E-007   1.8580006306261074E-007   1.2364349014831536E-007   8.1641777806020203E-008   5.3564987653702941E-008   3.4972662494179413E-008   2.2758532436627708E-008   1.4785966005412200E-008   9.6071876647239959E-009   6.2540297396191063E-009   4.0863601027541251E-009   2.6849557808539097E-009   1.7773859086904012E-009   1.1876668593478992E-009   8.0259837414508412E-010   5.4955027902270331E-010   3.8196482192053570E-010   2.6997771199768478E-010   1.9439166426257935E-010   1.4282299074397018E-010   1.0724533235430235E-010   8.2426264246771547E-011   6.4932180437471405E-011   5.2494046396939245E-011   4.3602192269379427E-011   3.7246662357002053E-011   3.2750372736482254E-011   2.9661802300117751E-011   2.7686260988028606E-011   2.6642380769474844E-011
   4.0754795796752139E-008   2.1469085486338807E-007   5.2743677497408187E-007   9.7875651827826714E-007   1.5682176123701936E-006   2.2952460478743776E-006   3.1591317673736246E-006   4.1590297848013617E-006   5.2939600655888530E-006   6.5628061554022412E-006   7.9643118670982864E-006   9.4970749287582128E-006   1.1159536098821549E-005   1.2949961829590658E-005   1.4866418111037750E-005   1.6906732669011429E-005   1.9068442249093176E-005   2.1348721319683301E-005   2.3744288212920867E-005   2.6251284535910390E-005   2.8865123683895278E-005   3.1580304540131651E-005   3.4390187036853271E-005   3.7286727275421806E-005   4.0260171473553832E-005   4.3298710246815745E-005   4.6388097767970657E-005   4.9511244300059051E-005   5.2647795556771122E-005   5.5773718337031530E-005   5.8860918840852920E-005   6.1876927782300952E-005   6.4784694448361251E-005   6.7542539520528146E-005   7.0104322776960479E-005   7.2419885389629464E-005   7.4435825775704152E-005   7.6096660997109028E-005   7.7346410654718199E-005   7.8130615522122433E-005   7.8398767966792295E-005   7.8107085919411901E-005   7.7221508959728337E-005   7.5720738380269701E-005   7.3599089626276681E-005   7.0868884133190366E-005   6.7562088334761016E-005   6.3730920195891397E-005   5.9447195289966058E-005   5.4800277649294639E-005   4.9893630959300857E-005   4.4840120736239126E-005   3.9756377981739905E-005   3.4756674399586628E-005   2.9946852759603841E-005   2.5418882282327742E-005   2.1246557009852724E-005   1.7482727970175327E-005   1.4158275254290507E-005   1.1282813624295175E-005   8.8469206710044216E-006   6.8255137654663763E-006   5.1819057613489999E-006   3.8720499303164710E-006   2.8485366347062163E-006   2.0640094409678851E-006   1.4738009762101926E-006   1.0377222316920809E-006   7.2105159742207232E-007   4.9484856869684660E-007   3.3575801984364645E-007   2.2547818907298880E-007   1.5004790520394745E-007   9.9076609065506662E-008   6.5003941413109260E-008   4.2441172926788118E-008   2.7618681044475534E-008   1.7943550629859911E-008   1.1658829609742129E-008   7.5895953793230975E-009   4.9590137951601532E-009   3.2583356390142122E-009   2.1569516682042904E-009   1.4412964573511904E-009   9.7399551416823921E-010   6.6690828666101872E-010   4.6353448387801074E-010   3.2763221167903277E-010   2.3590455087219592E-010   1.7332324209215565E-010   1.3014787469490940E-010   1.0002862479196723E-010   7.8798630184899216E-011   6.3704297639052744E-011   5.2913563055137465E-011   4.5200791855704773E-011   3.9744306941375941E-011   3.5996163602042607E-011   3.3598739886752300E-011   3.2331936111721811E-011
   4.8598216122972275E-008   2.5600895208283896E-007   6.2894405137558399E-007   1.1671220497403579E-006   1.8700272437603964E-006   2.7369751537041505E-006   3.7671190688190322E-006   4.9594513821552024E-006   6.3128034476466345E-006   7.8258439449432354E-006   9.4970749287582128E-006   1.1324824254441102E-005   1.3307232598276455E-005   1.5442232784511762E-005   1.7727518595302547E-005   2.0160499693815456E-005   2.2738238762656146E-005   2.5457366485584417E-005   2.8313969624885989E-005   3.1303447224816711E-005   3.4420329970542032E-005   3.7658058033820599E-005   4.1008713439796570E-005   4.4462704209983609E-005   4.8008399408435170E-005   5.1631716888356926E-005   5.5315669157175920E-005   5.9039877491014246E-005   6.2780070341314837E-005   6.6507589223176698E-005   7.0188933574596982E-005   7.3785385268191020E-005   7.7252763035880233E-005   8.0541366210810673E-005   8.3596174704446457E-005   8.6357376425538838E-005   8.8761292447154491E-005   9.0741761922133706E-005   9.2232030803935853E-005   9.3167158974393651E-005   9.3486918408963279E-005   9.3139101007338294E-005   9.2083091287774017E-005   9.0293491522993935E-005   8.7763523143375509E-005   8.4507878892945763E-005   8.0564677271029823E-005   7.5996185794719476E-005   7.0888041226219151E-005   6.5346806056418627E-005   5.9495855962874357E-005   5.3469777873198938E-005   4.7407648882813070E-005   4.1445732733164570E-005   3.5710242050336509E-005   3.0310845892139143E-005   2.5335540253551220E-005   2.0847347550234118E-005   1.6883090867832889E-005   1.3454235367127279E-005   1.0549545259322024E-005   8.1391106651279517E-006   6.1791838529830880E-006   4.6172411288944716E-006   3.3967486844502577E-006   2.4612361546909340E-006   1.7574397555886743E-006   1.2374359460145753E-006   8.5982080592647277E-007   5.9008411696150273E-007   4.0037596789242441E-007   2.6887235107822000E-007   1.7892521317655121E-007   1.1814429114328780E-007   7.7514204939067908E-008   5.0609143147095797E-008   3.2934004555552794E-008   2.1396857338515245E-008   1.3902617104029504E-008   9.0502427829524276E-009   5.9133954535284358E-009   3.8854151147191989E-009   2.5720654781578207E-009   1.7186796145647549E-009   1.1614447717126260E-009   7.9525740261312094E-010   5.5274351367868189E-010   3.9068631607016714E-010   2.8130530710678508E-010   2.0667997995465568E-010   1.5519534373112400E-010   1.1927952603092461E-010   9.3963735679546110E-011   7.5964439622380760E-011   6.3096985837308888E-011   5.3899861564466079E-011   4.7393254723378023E-011   4.2923766494969015E-011   4.0064949180926620E-011   3.8554344049904523E-011
   5.7105324663743923E-008   3.0082327072505001E-007   7.3904058861443928E-007   1.3714265438054351E-006   2.1973751590957051E-006   3.2160821367061502E-006   4.4265525493270858E-006   5.8276024086026709E-006   7.4178584971940581E-006   9.1957564473756593E-006   1.1159536098821549E-005   1.3307232598276455E-005   1.5636661147760197E-005   1.8145392712795761E-005   2.0830717372541184E-005   2.3689591352190353E-005   2.6718563157494586E-005   2.9913673674043087E-005   3.3270324652599812E-005   3.6783109740987812E-005   4.0445602221845156E-005   4.4250093970237534E-005   4.8187280971308134E-005   5.2245892172550781E-005   5.6412260644881256E-005   6.0669839164372300E-005   6.4998666581088981E-005   6.9374796879392826E-005   7.3769709780742486E-005   7.8149730137875263E-005   8.2475493121745842E-005   8.6701503004093735E-005   9.0775844594219389E-005   9.4640117132936084E-005   9.8229669275615950E-005   1.0147421883574960E-004   1.0429893990228782E-004   1.0662609018428886E-004   1.0837723035199057E-004   1.0947605253182287E-004   1.0985178579493666E-004   1.0944308302294117E-004   1.0820221900169408E-004   1.0609935013656264E-004   1.0312651127059399E-004   9.9300967109878184E-005   9.4667508789837701E-005   8.9299303744654361E-005   8.3296979435559739E-005   7.6785752097319283E-005   6.9910594296511240E-005   6.2829652376971865E-005   5.5706348853371129E-005   4.8700800409325182E-005   4.1961313167241976E-005   3.5616753732759277E-005   2.9770521783133920E-005   2.4496671795969118E-005   1.9838472731087605E-005   1.5809396723495195E-005   1.2396241161693073E-005   9.5638604476794494E-006   7.2608488177566032E-006   5.4254883152320981E-006   3.9913488992240316E-006   2.8920750780671729E-006   2.0650792524135965E-006   1.4540488743237356E-006   1.0103322753829152E-006   6.9337823003089194E-007   4.7046170534745290E-007   3.1593840528167233E-007   2.1024603790234048E-007   1.3882542696286755E-007   9.1083051853112720E-008   5.9468264083106530E-008   3.8699095824076139E-008   2.5142373168758130E-008   1.6336267598638131E-008   1.0634486070403419E-008   6.9485342092469283E-009   4.5655562956883187E-009   3.0223050536453913E-009   2.0195341560342847E-009   1.3647554593327117E-009   9.3446706053066709E-010   6.4950116120577495E-010   4.5907588180634773E-010   3.3054774791154759E-010   2.4285927135559334E-010   1.8236225929860605E-010   1.4015938450287400E-010   1.1041206983855280E-010   8.9262000410851978E-011   7.4142101274370878E-011   6.3335022137051995E-011   5.5689434999049357E-011   5.0437563701587652E-011   4.7078310957420492E-011   4.5303274683919210E-011
   6.6267250548161978E-008   3.4908708021952607E-007   8.5761158244614277E-007   1.5914569599576167E-006   2.5499200131253698E-006   3.7320674033727142E-006   5.1367445781654289E-006   6.7625775911423888E-006   8.6079729072350801E-006   1.0671115172995620E-005   1.2949961829590658E-005   1.5442232784511762E-005   1.8145392712795761E-005   2.1056622867903244E-005   2.4172778551779207E-005   2.7490327649180871E-005   3.1005264911289667E-005   3.4712996027011955E-005   3.8608185008223998E-005   4.2684558112566904E-005   4.6934657526042865E-005   5.1349538439226757E-005   5.5918404109656297E-005   6.0628175167504426E-005   6.5462991974126624E-005   7.0403652484173852E-005   7.5426992999133650E-005   8.0505225626593380E-005   8.5605254320695069E-005   9.0688001124452361E-005   9.5707785551772391E-005   1.0061181258150323E-004   1.0533983779739127E-004   1.0982409067603927E-004   1.1398954727041670E-004   1.1775464938450754E-004   1.2103256610676029E-004   1.2373308224441739E-004   1.2576517373363218E-004   1.2704028993562542E-004   1.2747630549866885E-004   1.2700203082899431E-004   1.2556208372289921E-004   1.2312183250681480E-004   1.1967203410131634E-004   1.1523272314609528E-004   1.0985587702523728E-004   1.0362640208891971E-004   9.6661070375909895E-005   8.9105187698770177E-005   8.1126985889621618E-005   7.2909984146577237E-005   6.4643824342590429E-005   5.6514312135060299E-005   4.8693547744575726E-005   4.1331073016724219E-005   3.4546876978093488E-005   2.8426895338714811E-005   2.3021339090617681E-005   1.8345841825785033E-005   1.4385082717845045E-005   1.1098277441305062E-005   8.4257727389139264E-006   6.2959486816450410E-006   4.6317172538191951E-006   3.3560769495817372E-006   2.3963986725809971E-006   1.6873351413630964E-006   1.1724290584797573E-006   8.0462319695505873E-007   5.4594214961829884E-007   3.6662727309349778E-007   2.4397771928400250E-007   1.6109845106694054E-007   1.0569633310698229E-007   6.9009297799535811E-008   4.4907943244556457E-008   2.9176192447204383E-008   1.8957243380635024E-008   1.2340673256443039E-008   8.0633506612210368E-009   5.2980499580313852E-009   3.5072009029317886E-009   2.3435463627345947E-009   1.5837155728140410E-009   1.0843920981768983E-009   7.5370653147291774E-010   5.3272959499684579E-010   3.8358052524815376E-010   2.8182338998385909E-010   2.1162029282957830E-010   1.6264642753051465E-010   1.2812648100007936E-010   1.0358311384247487E-010   8.6037391963823671E-011   7.3496434967195072E-011   6.4624196845003070E-011   5.8529720136133867E-011   5.4631511964424445E-011   5.2571690500124700E-011
