# Version 0.32
# Potential name = chengdu_MMWLY_400   
# L = 0
# S = 0
# J = 0
# Order = 1                   
# K_MAX = 0800 MeV
# For uncoupled channels, e.g., 3P0 (LSJ = 110)
# storage = D(1:N，1:N) (row, column)
# D(i,j)  = <pout(j),L|V|L,pin(i)>
# Normalization
# If V were so weak as to validate the Born approximation, the relation of V
# in 1S0 and the respective scattering length 'a' would have been
# <p|V|p> = 2/pi * a + ... for p->0, in unit of MeV^(-1)
# Momenta are in unit of MeV
# The value of pin and pout, where pin(1:N) = pout(1:N)
  0.11450929062345949       0.60321974416166313        1.4819461067499446        2.7500251850226505        4.4062419028032878        6.4489837175771640        8.8762566052326974        11.685689694517464        14.874538297673780        18.439686829803293        22.377651945497576        26.684585982768169        31.356280741866385        36.388171606988124        41.775342011709199        47.512528245992655        53.594124601134183        60.014188848163485        66.766448044639674        73.844304664329513        81.240843043874179        88.948836140201820        96.960752592117160        105.26876407919173        113.86475297077743        122.74032025767923        131.88679375874364        141.29523659434830        150.95645591851689        160.86101190112851        170.99922695144753        181.36119517396233        191.93679204729480        202.71568431672361        213.68734009065676        224.84103913118742        236.16588332867937        247.65080735014803        259.28458945103131        271.05586243978837        282.95312478461119        294.96475185139860        307.07900726201041        319.28405436170561        331.56796778455868        343.91874510555442        356.32431856797552        368.77256687462534        381.25132703136336        393.74840623138277        406.25159376861723        418.74867296863664        431.22743312537466        443.67568143202448        456.08125489444558        468.43203221544132        480.71594563829439        492.92099273798959        505.03524814860140        517.04687521538881        528.94413756021163        540.71541054896875        552.34919264985194        563.83411667132066        575.15896086881253        586.31265990934321        597.28431568327642        608.06320795270517        618.63880482603770        629.00077304855245        639.13898809887155        649.04354408148311        658.70476340565165        668.11320624125642        677.25967974232071        686.13524702922257        694.73123592080833        703.03924740788284        711.05116385979818        718.75915695612582        726.15569533567054        733.23355195536033        739.98581115183651        746.40587539886587        752.48747175400740        758.22465798829080        763.61182839301182        768.64371925813361        773.31541401723189        777.62234805450248        781.56031317019665        785.12546170232622        788.31431030548254        791.12374339476730        793.55101628242278        795.59375809719677        797.24997481497735        798.51805389325000        799.39678025583839        799.88549070937654     
# Matrix elements start here 
  -1.3812466332264984E-003  -1.3812392368777271E-003  -1.3812006000089201E-003  -1.3810874369412176E-003  -1.3808374953721266E-003  -1.3803698411188558E-003  -1.3795852122634388E-003  -1.3783664293346262E-003  -1.3765788460273515E-003  -1.3740708238871235E-003  -1.3706742146126505E-003  -1.3662048355453430E-003  -1.3604629279609312E-003  -1.3532335944241971E-003  -1.3442872211808458E-003  -1.3333799047774986E-003  -1.3202539191884252E-003  -1.3046382809356822E-003  -1.2862494950919619E-003  -1.2647925944777665E-003  -1.2399626172883678E-003  -1.2114467038310752E-003  -1.1789270294281960E-003  -1.1420848254643505E-003  -1.1006057706531296E-003  -1.0541870552845777E-003  -1.0025464265089675E-003  -9.4543350511131624E-004  -8.8264361474052369E-004  -8.1403427297032716E-004  -7.3954434912881014E-004  -6.5921568641727805E-004  -5.7321670781244015E-004  -4.8186717406284104E-004  -3.8566284363818497E-004  -2.8529831696647565E-004  -1.8168586515201536E-004  -7.5967600503852725E-005   3.0481982810864547E-005   1.3606619184643089E-004   2.3899194681089382E-004   3.3731352596446610E-004   4.2899545629838346E-004   5.1199415277612681E-004   5.8435582961562050E-004   6.4432581008442528E-004   6.9046191188243812E-004   7.2174245231792827E-004   7.3765803439250553E-004   7.3827606871372292E-004   7.2426828279856194E-004   6.9689439109061301E-004   6.5793948075502083E-004   6.0960802252314479E-004   5.5438297099843375E-004   4.9486323966417231E-004   4.3359601028811141E-004   3.7292118850304663E-004   3.1484358861025671E-004   2.6094437296522689E-004   2.1233761409991913E-004   1.6967163953502212E-004   1.3316918353227129E-004   1.0269624479840242E-004   7.7847485030100504E-005   5.8036075209228227E-005   4.2577745411604236E-005   3.0761771202902902E-005   2.1904992539243728E-005   1.5388054038774034E-005   1.0675432998907261E-005   7.3222908747510378E-006   4.9717767970513573E-006   3.3463111869265162E-006   2.2358324515042598E-006   1.4852421284784780E-006   9.8252310699092063E-007   6.4835115010926952E-007   4.2752585391606466E-007   2.8221844792795908E-007   1.8684639090150658E-007   1.2430246409457000E-007   8.3252758635098918E-008   5.6243560431138879E-008   3.8400000850641810E-008   2.6545730491220371E-008   1.8615291411917170E-008   1.3266106418782306E-008   9.6244657266077254E-009   7.1203101080750503E-009   5.3802562662134429E-009   4.1585235936396293E-009   3.2923849253952501E-009   2.6734269292992189E-009   2.2289842629284963E-009   1.9101217858977052E-009   1.6838411229703134E-009   1.5280267473590761E-009   1.4281855185796898E-009   1.3753694060474234E-009
  -1.3812392368777271E-003  -1.3812318405289558E-003  -1.3811932036601503E-003  -1.3810800405924637E-003  -1.3808300990234663E-003  -1.3803624447705884E-003  -1.3795778159164695E-003  -1.3783590329912573E-003  -1.3765714496927473E-003  -1.3740634275717924E-003  -1.3706668183363826E-003  -1.3661974393431413E-003  -1.3604555318915644E-003  -1.3532261985820977E-003  -1.3442798257121611E-003  -1.3333725099011727E-003  -1.3202465252232527E-003  -1.3046308883342980E-003  -1.2862421044827514E-003  -1.2647852067156351E-003  -1.2399552335152463E-003  -1.2114393255469012E-003  -1.1789196585729098E-003  -1.1420774645111596E-003  -1.1005984227129193E-003  -1.0541797242208234E-003  -1.0025391170618756E-003  -9.4542622302911327E-004  -8.8263636691484704E-004  -8.1402706757154086E-004  -7.3953719573576697E-004  -6.5920859613463666E-004  -5.7320969336715349E-004  -4.8186024986998253E-004  -3.8565602582498566E-004  -2.8529162334251131E-004  -1.8167931511311282E-004  -7.5961214857758145E-005   3.0488182107447567E-005   1.3607218204688765E-004   2.3899770483682163E-004   3.3731902895977185E-004   4.2900068226868710E-004   5.1199908129408655E-004   5.8436044256359528E-004   6.4433009239711180E-004   6.9046585224491334E-004   7.2174604377018940E-004   7.3766127479129033E-004   7.3827896100710070E-004   7.2427083507882396E-004   6.9689661640611269E-004   6.5794139668055374E-004   6.0960965050933379E-004   5.5438433554078309E-004   4.9486436734928231E-004   4.3359692878553336E-004   3.7292192557471227E-004   3.1484417120480288E-004   2.6094482645257124E-004   2.1233796168403403E-004   1.6967190186269976E-004   1.3316937849572994E-004   1.0269638751252427E-004   7.7847587952804554E-005   5.8036148366852561E-005   4.2577796690047513E-005   3.0761806668674633E-005   2.1905016761027456E-005   1.5388070388030025E-005   1.0675443916021543E-005   7.3222980942555814E-006   4.9717815309149787E-006   3.3463142686779564E-006   2.2358344461277089E-006   1.4852434139250244E-006   9.8252393314757772E-007   6.4835168051112854E-007   4.2752619466166310E-007   2.8221866736569470E-007   1.8684653282084589E-007   1.2430255644298296E-007   8.3252819210026706E-008   5.6243600559746644E-008   3.8400027749475344E-008   2.6545748769862029E-008   1.8615304026853349E-008   1.3266115276811694E-008   9.6244720661107484E-009   7.1203147400221335E-009   5.3802597268027488E-009   4.1585262412902743E-009   3.2923870026734708E-009   2.6734286026989542E-009   2.2289856486230595E-009   1.9101229665717431E-009   1.6838421589607224E-009   1.5280276841588672E-009   1.4281863920253551E-009   1.3753702460472313E-009
  -1.3812006000089201E-003  -1.3811932036601503E-003  -1.3811545667913592E-003  -1.3810414037237720E-003  -1.3807914621553031E-003  -1.3803238079045529E-003  -1.3795391790573355E-003  -1.3783203961511214E-003  -1.3765328128986765E-003  -1.3740247908787908E-003  -1.3706281818479686E-003  -1.3661588032423289E-003  -1.3604168964855448E-003  -1.3531875643643951E-003  -1.3442411934464790E-003  -1.3333338807315280E-003  -1.3202079008152920E-003  -1.3045922710528640E-003  -1.2862034976108003E-003  -1.2647466147194561E-003  -1.2399166623605258E-003  -1.2114007830695095E-003  -1.1788811549072252E-003  -1.1420390125772713E-003  -1.1005600387620266E-003  -1.0541414284355164E-003  -1.0025009342046088E-003  -9.4538818312801939E-004  -8.8259850597098327E-004  -8.1398942826572767E-004  -7.3949982810642579E-004  -6.5917155819060404E-004  -5.7317305159169496E-004  -4.8182407956462653E-004  -3.8562041123506253E-004  -2.8525665750138408E-004  -1.8164509934017847E-004  -7.5927857847740915E-005   3.0520565658171371E-005   1.3610347331590106E-004   2.3902778326880740E-004   3.3734777516100786E-004   4.2902798134713768E-004   5.1202482654384783E-004   5.8438453934436287E-004   6.4435246201348980E-004   6.9048643559277293E-004   7.2176480449455578E-004   7.3767820169870968E-004   7.3829406949992731E-004   7.2428416743142762E-004   6.9690824078187186E-004   6.5795140488756091E-004   6.0961815460167665E-004   5.5439146347784790E-004   4.9487025801340872E-004   4.3360172671572312E-004   3.7292577579217396E-004   3.1484721448198614E-004   2.6094719531484793E-004   2.1233977734225331E-004   1.6967327216954671E-004   1.3317039691465921E-004   1.0269713299891113E-004   7.7848125582783746E-005   5.8036530514687964E-005   4.2578064548997181E-005   3.0761991928078676E-005   2.1905143286069354E-005   1.5388155789998736E-005   1.0675500942593928E-005   7.3223358059750234E-006   4.9718062586429514E-006   3.3463303664442365E-006   2.2358448651861633E-006   1.4852501285402007E-006   9.8252824862722842E-007   6.4835445109482264E-007   4.2752797456358256E-007   2.8221981360876100E-007   1.8684727414234174E-007   1.2430303882828356E-007   8.3253135625101035E-008   5.6243810172643297E-008   3.8400168256169842E-008   2.6545844248709356E-008   1.8615369921176689E-008   1.3266161546841281E-008   9.6245051805652952E-009   7.1203389350281317E-009   5.3802778032042538E-009   4.1585400712969676E-009   3.2923978533344329E-009   2.6734373436976727E-009   2.2289928867922569E-009   1.9101291338154611E-009   1.6838475704491612E-009   1.5280325775249834E-009   1.4281909544611582E-009   1.3753746337786021E-009
  -1.3810874369412176E-003  -1.3810800405924637E-003  -1.3810414037237720E-003  -1.3809282406566481E-003  -1.3806782990901038E-003  -1.3802106448462896E-003  -1.3794260160204712E-003  -1.3782072331717382E-003  -1.3764196500569083E-003  -1.3739116283368225E-003  -1.3705150199103283E-003  -1.3660456424466536E-003  -1.3603037377334683E-003  -1.3530744091036116E-003  -1.3441280439163395E-003  -1.3332207402856292E-003  -1.3200947743353846E-003  -1.3044791654689357E-003  -1.2860904225422735E-003  -1.2646335832519782E-003  -1.2398036919716946E-003  -1.2112878967148520E-003  -1.1787683822746980E-003  -1.1419263915141958E-003  -1.1004476168724700E-003  -1.0540292648383916E-003  -1.0023891014329215E-003  -9.4527676913745001E-004  -8.8248761621122522E-004  -8.1387918775061182E-004  -7.3939038339906676E-004  -6.5906307919807723E-004  -5.7306573304102110E-004  -4.8171814200957230E-004  -3.8551610142355990E-004  -2.8515424791900848E-004  -1.8154488673954665E-004  -7.5830160580858110E-005   3.0615411663530634E-005   1.3619512004988104E-004   2.3911587764888264E-004   3.3743196750970670E-004   4.2910793517475650E-004   5.1210022933958750E-004   5.8445511393851368E-004   6.4441797793898326E-004   6.9054671976429059E-004   7.2181975045682164E-004   7.3772777669113944E-004   7.3833831865654880E-004   7.2432321458893063E-004   6.9694228559966423E-004   6.5798071627380075E-004   6.0964306075835884E-004   5.5441233918720589E-004   4.9488751004527062E-004   4.3361577840349947E-004   3.7293705187804943E-004   3.1485612726120697E-004   2.6095413292595272E-004   2.1234509478373770E-004   1.6967728531508018E-004   1.3317337949390399E-004   1.0269931624997251E-004   7.7849700094385167E-005   5.8037649674763477E-005   4.2578848999201262E-005   3.0762534475738381E-005   2.1905513823885073E-005   1.5388405894985214E-005   1.0675667947860412E-005   7.3224462462994463E-006   4.9718786745559765E-006   3.3463775090831036E-006   2.2358753775070348E-006   1.4852697922935428E-006   9.8254088646899430E-007   6.4836256469673727E-007   4.2753318695605983E-007   2.8222317033878687E-007   1.8684944506814008E-007   1.2430445146727625E-007   8.3254062226763160E-008   5.6244424009191790E-008   3.8400579719036008E-008   2.6546123850364984E-008   1.8615562886633778E-008   1.3266297044067665E-008   9.6246021527888393E-009   7.1204097874445739E-009   5.3803307378683049E-009   4.1585805708183118E-009   3.2924296281530974E-009   2.6734629405994179E-009   2.2290140828261907E-009   1.9101471937673893E-009   1.6838634172606294E-009   1.5280469070772032E-009   1.4282043149240292E-009   1.3753874826408455E-009
  -1.3808374953721266E-003  -1.3808300990234663E-003  -1.3807914621553031E-003  -1.3806782990901038E-003  -1.3804283575298028E-003  -1.3799607033050361E-003  -1.3791760745327337E-003  -1.3779572918206692E-003  -1.3761697090240242E-003  -1.3736616879860668E-003  -1.3702650809213617E-003  -1.3657957060154474E-003  -1.3600538058615023E-003  -1.3528244850001053E-003  -1.3438781325407841E-003  -1.3329708490603682E-003  -1.3198449140598802E-003  -1.3042293514685219E-003  -1.2858406760843937E-003  -1.2643839332618925E-003  -1.2395541770771009E-003  -1.2110385676444278E-003  -1.1785193046288172E-003  -1.1416776489164455E-003  -1.1001993144975706E-003  -1.0537815332950264E-003  -1.0021421009582215E-003  -9.4503069403287406E-004  -8.8224269941692421E-004  -8.1363570541698486E-004  -7.3914865927048447E-004  -6.5882348857576102E-004  -5.7282870604187476E-004  -4.8148416578858253E-004  -3.8528572098387381E-004  -2.8492806510207710E-004  -1.8132355697543772E-004  -7.5614386994678597E-005   3.0824887140006030E-005   1.3639752881326847E-004   2.3931043990665815E-004   3.3761791100521670E-004   4.2928451679391554E-004   5.1226675894411680E-004   5.8461097945960191E-004   6.4456267046868871E-004   6.9067985713879454E-004   7.2194109767873926E-004   7.3783726152833889E-004   7.3843604091343841E-004   7.2440944788629649E-004   6.9701747100936939E-004   6.5804544779541566E-004   6.0969806332951816E-004   5.5445844060229019E-004   4.9492560872535041E-004   4.3364680933146371E-004   3.7296195312953363E-004   3.1487580940571015E-004   2.6096945316816136E-004   2.1235683712676653E-004   1.6968614734626572E-004   1.3317996572007225E-004   1.0270413733268823E-004   7.7853176920719545E-005   5.8040120975261648E-005   4.2580581186832752E-005   3.0763732494585986E-005   2.1906332014515585E-005   1.5388958151105084E-005   1.0676036708530979E-005   7.3226901050667354E-006   4.9720385718147867E-006   3.3464816010580210E-006   2.2359427488191479E-006   1.4853132095766975E-006   9.8256879041802494E-007   6.4838047912936600E-007   4.2754469557366541E-007   2.8223058172154342E-007   1.8685423825858691E-007   1.2430757041342207E-007   8.3256108044093725E-008   5.6245779272660817E-008   3.8401488164730992E-008   2.6546741163516249E-008   1.8615988919365215E-008   1.3266596195816016E-008   9.6248162477214949E-009   7.1205662144559692E-009   5.3804476058241469E-009   4.1586699844107127E-009   3.2924997793794481E-009   2.6735194522888810E-009   2.2290608783562758E-009   1.9101870655273459E-009   1.6838984029097338E-009   1.5280785429683594E-009   1.4282338112923170E-009   1.3754158495153426E-009
  -1.3803698411188558E-003  -1.3803624447705884E-003  -1.3803238079045529E-003  -1.3802106448462896E-003  -1.3799607033050361E-003  -1.3794930491296882E-003  -1.3787084204806344E-003  -1.3774896380601841E-003  -1.3757020559115145E-003  -1.3731940362236655E-003  -1.3697974318068308E-003  -1.3653280618179365E-003  -1.3595861703630701E-003  -1.3523568642486918E-003  -1.3434105358656665E-003  -1.3325032904057416E-003  -1.3193774136957589E-003  -1.3037619381403201E-003  -1.2853733896629237E-003  -1.2639168279536055E-003  -1.2390873252496413E-003  -1.2105720643142833E-003  -1.1780532726451704E-003  -1.1412122448573511E-003  -1.0997347352701776E-003  -1.0533180233995921E-003  -1.0016799603349317E-003  -9.4457028635995337E-004  -8.8178446066742872E-004  -8.1318015240985377E-004  -7.3869639786961210E-004  -6.5837522110107972E-004  -5.7238523736254294E-004  -4.8104640747639827E-004  -3.8485469282364959E-004  -2.8450489319644897E-004  -1.8090946765864026E-004  -7.5210695799522850E-005   3.1216792118155716E-005   1.3677620962642377E-004   2.3967443772601174E-004   3.3796578115810605E-004   4.2961486919025019E-004   5.1257830266602101E-004   5.8490256970628648E-004   6.4483335549386702E-004   6.9092892236318122E-004   7.2216810388558614E-004   7.3804207403202634E-004   7.3861884688805569E-004   7.2457075967770530E-004   6.9715811420909143E-004   6.5816653405349908E-004   6.0980094920194065E-004   5.5454467500565458E-004   4.9499687263453011E-004   4.3370485204945002E-004   3.7300852967654576E-004   3.1491262328188372E-004   2.6099810798725745E-004   2.1237879951751642E-004   1.6970272224375244E-004   1.3319228390928299E-004   1.0271315402826354E-004   7.7859679390915272E-005   5.8044742799687104E-005   4.2583820666932491E-005   3.0765972951137687E-005   2.1907862114746900E-005   1.5389990908813351E-005   1.0676726305071025E-005   7.3231461225337752E-006   4.9723375756920796E-006   3.3466762472154665E-006   2.2360687273325352E-006   1.4853943948248521E-006   9.8262096671903817E-007   6.4841397597885773E-007   4.2756621434715469E-007   2.8224443929613932E-007   1.8686320029054973E-007   1.2431340195944100E-007   8.3259933092475630E-008   5.6248313165789877E-008   3.8403186636223324E-008   2.6547895307011337E-008   1.8616785431697860E-008   1.3267155485262727E-008   9.6252165124316425E-009   7.1208586625521318E-009   5.3806660945073327E-009   4.1588371449691094E-009   3.2926309276702241E-009   2.6736251007296917E-009   2.2291483620169724E-009   1.9102616049637678E-009   1.6839638076324712E-009   1.5281376852500199E-009   1.4282889537016282E-009   1.3754688803210652E-009
  -1.3795852122634388E-003  -1.3795778159164695E-003  -1.3795391790573355E-003  -1.3794260160204712E-003  -1.3791760745327337E-003  -1.3787084204806344E-003  -1.3779237921060269E-003  -1.3767050102799193E-003  -1.3749174293724766E-003  -1.3724094121658652E-003  -1.3690128124839804E-003  -1.3645434511291802E-003  -1.3588015747627562E-003  -1.3515722940108182E-003  -1.3426260067886224E-003  -1.3317188260506786E-003  -1.3185930482578884E-003  -1.3029777200560747E-003  -1.2845893860565175E-003  -1.2631331300233359E-003  -1.2383040546862830E-003  -1.2097893808299903E-003  -1.1772713826700323E-003  -1.1404314114305618E-003  -1.0989552891118013E-003  -1.0525403750952591E-003  -1.0009046134974370E-003  -9.4379785154693509E-004  -8.8101566973180514E-004  -8.1241587283920785E-004  -7.3793764653345918E-004  -6.5762317667438820E-004  -5.7164125053639524E-004  -4.8031200791245671E-004  -3.8413159167269219E-004  -2.8379497990195415E-004  -1.8021479972810356E-004  -7.4533480276275021E-005   3.1874226582629707E-005   1.3741145088851624E-004   2.4028503876835595E-004   3.3854931887872665E-004   4.3016901222734066E-004   5.1310088619964530E-004   5.8539167420262731E-004   6.4528738542754343E-004   6.9134668019085808E-004   7.2254885408431732E-004   7.3838559198659748E-004   7.3892544791064215E-004   7.2484130451186575E-004   6.9739398897248239E-004   6.5836960458498831E-004   6.0997349199021483E-004   5.5468928901823223E-004   4.9511637814801950E-004   4.3380218374400087E-004   3.7308663162132817E-004   3.1497435294599663E-004   2.6104615513979242E-004   2.1241562403329729E-004   1.6973051269377021E-004   1.3321293670119831E-004   1.0272827105465191E-004   7.7870580842193595E-005   5.8052491097727438E-005   4.2589251357825980E-005   3.0769728757384262E-005   2.1910427032470947E-005   1.5391722075759844E-005   1.0677882211287584E-005   7.3239104793106153E-006   4.9728387383499768E-006   3.3470024856401395E-006   2.2362798686986899E-006   1.4855304583590941E-006   9.8270840989466123E-007   6.4847011241842921E-007   4.2760227611138434E-007   2.8226766161290307E-007   1.8687821835654474E-007   1.2432317389936803E-007   8.3266342589652493E-008   5.6252559025854836E-008   3.8406032580750482E-008   2.6549829141117957E-008   1.8618120008660932E-008   1.3268092572341098E-008   9.6258871429970104E-009   7.1213486422509340E-009   5.3810321542979013E-009   4.1591172050726590E-009   3.2928506504036046E-009   2.6738020997909415E-009   2.2292949272384829E-009   1.9103864832135095E-009   1.6840733815374754E-009   1.5282367670891268E-009   1.4283813342001315E-009   1.3755577230722867E-009
  -1.3783664293346262E-003  -1.3783590329912573E-003  -1.3783203961511214E-003  -1.3782072331717382E-003  -1.3779572918206692E-003  -1.3774896380601841E-003  -1.3767050102799193E-003  -1.3754862296379727E-003  -1.3736986510411583E-003  -1.3711906382252333E-003  -1.3677940466243483E-003  -1.3633246996356016E-003  -1.3575828479311857E-003  -1.3503536081149764E-003  -1.3414073867305217E-003  -1.3305003088397538E-003  -1.3173746874729361E-003  -1.3017595914498207E-003  -1.2833715944635708E-003  -1.2619158177272877E-003  -1.2370874113892757E-003  -1.2085736553463899E-003  -1.1760568964327882E-003  -1.1392185738518640E-003  -1.0977446147759941E-003  -1.0513325026785599E-003  -9.9970032620279293E-004  -9.4259809871060924E-004  -8.7982158909904865E-004  -8.1122881281923476E-004  -7.3675918753079018E-004  -6.5645515035985176E-004  -5.7048575567661452E-004  -4.7917142113733694E-004  -3.8300857134885647E-004  -2.8269246112626919E-004  -1.7913597839643437E-004  -7.3481784260946139E-005   3.2895180852835762E-005   1.3839791766814759E-004   2.4123321853911236E-004   3.3945544967859840E-004   4.3102947499811710E-004   5.1391232095172369E-004   5.8615110228140506E-004   6.4599233172232481E-004   6.9199528794497856E-004   7.2313998425317411E-004   7.3891889904731996E-004   7.3940142480447110E-004   7.2526129106206024E-004   6.9776014061041867E-004   6.5868482134106979E-004   6.1024131113979327E-004   5.5491374809707276E-004   4.9530185781621744E-004   4.3395324177842600E-004   3.7320783987807097E-004   3.1507014836621729E-004   2.6112071389661228E-004   2.1247276504751244E-004   1.6977363342680216E-004   1.3324498085260392E-004   1.0275172498642100E-004   7.7887493534688128E-005   5.8064511356205757E-005   4.2597675808144776E-005   3.0775554732909533E-005   2.1914405519336190E-005   1.5394407188497965E-005   1.0679674984557026E-005   7.3250959156580439E-006   4.9736159519130084E-006   3.3475083994887619E-006   2.2366072808985368E-006   1.4857414395212680E-006   9.8284399395238813E-007   6.4855715038919980E-007   4.2765818649930167E-007   2.8230366415947554E-007   1.8690150057516745E-007   1.2433832256568446E-007   8.3276278357706871E-008   5.6259140568322890E-008   3.8410443952524227E-008   2.6552826594162114E-008   1.8620188546641402E-008   1.3269544975944993E-008   9.6269265341731097E-009   7.1221080288536849E-009   5.3815994727493474E-009   4.1595512323888174E-009   3.2931911625975710E-009   2.6740763970307252E-009   2.2295220575833340E-009   1.9105800031736226E-009   1.6842431831538239E-009   1.5283903084746120E-009   1.4285244901550433E-009   1.3756953964117789E-009
  -1.3765788460273515E-003  -1.3765714496927473E-003  -1.3765328128986765E-003  -1.3764196500569083E-003  -1.3761697090240242E-003  -1.3757020559115145E-003  -1.3749174293724766E-003  -1.3736986510411583E-003  -1.3719110766746508E-003  -1.3694030714783026E-003  -1.3660064933264128E-003  -1.3615371695071990E-003  -1.3557953566676348E-003  -1.3485661802772539E-003  -1.3396200596382957E-003  -1.3287131376790871E-003  -1.3155877518447239E-003  -1.2999730035932362E-003  -1.2815855093901392E-003  -1.2601304454938100E-003  -1.2353030317195307E-003  -1.2067906347796717E-003  -1.1742757081287436E-003  -1.1374398201121382E-003  -1.0959690522497198E-003  -1.0495610700962863E-003  -9.9793417432759404E-004  -9.4083862200179777E-004  -8.7807045835036298E-004  -8.0948800775890346E-004  -7.3503102805837998E-004  -6.5474232475212432E-004  -5.6879134373644634E-004  -4.7749890990926038E-004  -3.8136186071518682E-004  -2.8107585637308409E-004  -1.7755416675320512E-004  -7.1939792533715118E-005   3.4392050051708280E-005   1.3984417287979368E-004   2.4262329031014330E-004   3.4078382453629243E-004   4.3229084994915619E-004   5.1510177380235272E-004   5.8726427085735238E-004   6.4702559295291536E-004   6.9294592604599524E-004   7.2400633620355503E-004   7.3970046549689725E-004   7.4009893569487370E-004   7.2587671768388777E-004   6.9829664947352005E-004   6.5914666981613929E-004   6.1063368986231340E-004   5.5524257999464179E-004   4.9557356766705748E-004   4.3417451284192741E-004   3.7338537495314921E-004   3.1521045149980468E-004   2.6122990606239365E-004   2.1255644290456142E-004   1.6983677540121733E-004   1.3329189997744953E-004   1.0278606382731166E-004   7.7912253576305186E-005   5.8082107638603160E-005   4.2610007342114113E-005   3.0784082053187441E-005   2.1920228297896745E-005   1.5398336743732481E-005   1.0682298447491723E-005   7.3268305052043745E-006   4.9747531289240702E-006   3.3482485735190096E-006   2.2370862661416104E-006   1.4860500718719492E-006   9.8304231894175636E-007   6.4868445649561123E-007   4.2773995863368139E-007   2.8235631667745714E-007   1.8693554799385250E-007   1.2436047436458019E-007   8.3290806555518219E-008   5.6268763661055839E-008   3.8416893635451596E-008   2.6557208831621250E-008   1.8623212582757072E-008   1.3271668180993681E-008   9.6284459128523702E-009   7.1232180559842484E-009   5.3824287171545910E-009   4.1601856263468872E-009   3.2936888565522057E-009   2.6744773009244380E-009   2.2298540166865790E-009   1.9108628343254926E-009   1.6844913460440594E-009   1.5286147046858326E-009   1.4287337067094491E-009   1.3758965994622045E-009
  -1.3740708238871235E-003  -1.3740634275717924E-003  -1.3740247908787908E-003  -1.3739116283368225E-003  -1.3736616879860668E-003  -1.3731940362236655E-003  -1.3724094121658652E-003  -1.3711906382252333E-003  -1.3694030714783026E-003  -1.3668950793343641E-003  -1.3634985232482530E-003  -1.3590292361385457E-003  -1.3532874832191876E-003  -1.3460584025948342E-003  -1.3371124316759182E-003  -1.3262057386749537E-003  -1.3130806955171084E-003  -1.2974664496846963E-003  -1.2790796778902782E-003  -1.2576256338603623E-003  -1.2327996353917307E-003  -1.2042891712330073E-003  -1.1717768446518576E-003  -1.1349444053897020E-003  -1.0934781517037517E-003  -1.0470760047664239E-003  -9.9545656285196190E-004  -9.3837042498877378E-004  -8.7561402410378422E-004  -8.0704611793425054E-004  -7.3260694138924164E-004  -6.5233981650591208E-004  -5.6641473805650816E-004  -4.7515310170983833E-004  -3.7905232336269865E-004  -2.7880863107373338E-004  -1.7533582944915692E-004  -6.9777394275370415E-005   3.6491072749753961E-005   1.4187212019176683E-004   2.4457235473161016E-004   3.4264627890092107E-004   4.3405926416617069E-004   5.1676925370321885E-004   5.8882470943011952E-004   6.4847392128293047E-004   6.9427834886282296E-004   7.2522053548520734E-004   7.4079575551156166E-004   7.4107635447625306E-004   7.2673904336844480E-004   6.9904833505797515E-004   6.5979369632031303E-004   6.1118334493715106E-004   5.5570317583645136E-004   4.9595411776120753E-004   4.3448439073602742E-004   3.7363397938615557E-004   3.1540690060935690E-004   2.6138277931203195E-004   2.1267358346266048E-004   1.6992515887943334E-004   1.3335756870017651E-004   1.0283412005260902E-004   7.7946900960584379E-005   5.8106728024143353E-005   4.2627259592124486E-005   3.0796010829217691E-005   2.1928372870511015E-005   1.5403832611504703E-005   1.0685967237804544E-005   7.3292559985313591E-006   4.9763430927624865E-006   3.3492833566583136E-006   2.2377558339444987E-006   1.4864814632888010E-006   9.8331950150647179E-007   6.4886236512121370E-007   4.2785422367424466E-007   2.8242988460664158E-007   1.8698311612345431E-007   1.2439142037188455E-007   8.3311100778852528E-008   5.6282204978530656E-008   3.8425901741688910E-008   2.6563328960588338E-008   1.8627435599589634E-008   1.3274633016874930E-008   9.6305674439564222E-009   7.1247679195246808E-009   5.3835864831919416E-009   4.1610713079597113E-009   3.2943836621158649E-009   2.6750369625993075E-009   2.2303174170040543E-009   1.9112576437853945E-009   1.6848377539948047E-009   1.5289279318382957E-009   1.4290257417603516E-009   1.3761774470776827E-009
  -1.3706742146126505E-003  -1.3706668183363826E-003  -1.3706281818479686E-003  -1.3705150199103283E-003  -1.3702650809213617E-003  -1.3697974318068308E-003  -1.3690128124839804E-003  -1.3677940466243483E-003  -1.3660064933264128E-003  -1.3634985232482530E-003  -1.3601020029854530E-003  -1.3556327733995697E-003  -1.3498911116490743E-003  -1.3426621733152702E-003  -1.3337164207179477E-003  -1.3228100567155530E-003  -1.3096855003485249E-003  -1.2940719618608576E-003  -1.2756861999968640E-003  -1.2542335738407726E-003  -1.2294095343260126E-003  -1.2009017359057700E-003  -1.1683929851523415E-003  -1.1315652778555280E-003  -1.0901052061416366E-003  -1.0437110376498703E-003  -9.9210177389921035E-004  -9.3502847715657008E-004  -8.7228810538853246E-004  -8.0374000305081096E-004  -7.2932505080456017E-004  -6.4908726965496016E-004  -5.6319739688973753E-004  -4.7197760005872043E-004  -3.7592607702616849E-004  -2.7573982310714657E-004  -1.7233336498183468E-004  -6.6850819411153973E-005   3.9331692658428315E-005   1.4461636624733929E-004   2.4720966545843485E-004   3.4516620496214279E-004   4.3645176183884984E-004   5.1902500813129446E-004   5.9093547447014558E-004   6.5043285876060250E-004   6.9608034679760275E-004   7.2686248289635940E-004   7.4227675134194303E-004   7.4239783037647841E-004   7.2790478474602481E-004   7.0006439175067988E-004   6.6066818295480777E-004   6.1192614057626639E-004   5.5632554173491483E-004   4.9646825968922576E-004   4.3490299727708885E-004   3.7396976910949130E-004   3.1567220881919373E-004   2.6158920953308891E-004   2.1283174081307963E-004   1.7004447324777132E-004   1.3344620653710354E-004   1.0289897582264188E-004   7.7993653733743283E-005   5.8139945713424002E-005   4.2650532881103101E-005   3.0812100430366594E-005   2.1939356733729851E-005   1.5411243336325067E-005   1.0690913591842153E-005   7.3325256443878106E-006   4.9784861154132856E-006   3.3506778884841164E-006   2.2386580572481667E-006   1.4870626722767085E-006   9.8369289707143597E-007   6.4910199661039036E-007   4.2800811184418121E-007   2.8252895110872217E-007   1.8704716365596712E-007   1.2443308242741687E-007   8.3338419481909627E-008   5.6300296829400034E-008   3.8438025303609161E-008   2.6571564936150155E-008   1.8633118071464656E-008   1.3278622140656329E-008   9.6334216878978908E-009   7.1268529025371823E-009   5.3851438820961267E-009   4.1622626305816014E-009   3.2953181862405044E-009   2.6757896785129350E-009   2.2309406393869178E-009   1.9117885996033810E-009   1.6853036036480926E-009   1.5293491503261123E-009   1.4294184555308029E-009   1.3765551132315742E-009
  -1.3662048355453430E-003  -1.3661974393431413E-003  -1.3661588032423289E-003  -1.3660456424466536E-003  -1.3657957060154474E-003  -1.3653280618179365E-003  -1.3645434511291802E-003  -1.3633246996356016E-003  -1.3615371695071990E-003  -1.3590292361385457E-003  -1.3556327733995697E-003  -1.3511636331591886E-003  -1.3454221088914447E-003  -1.3381933798121616E-003  -1.3292479416917801E-003  -1.3183420436828543E-003  -1.3052181675544056E-003  -1.2896056068882867E-003  -1.2712212291372694E-003  -1.2497705327932794E-003  -1.2249491447459445E-003  -1.1964449382422492E-003  -1.1639409880920865E-003  -1.1271196145161153E-003  -1.0856677969223170E-003  -1.0392842593404388E-003  -9.8768853425641690E-004  -9.3063229367324005E-004  -8.6791318639618527E-004  -7.9939132861078972E-004  -7.2500845006301991E-004  -6.4480949048360348E-004  -5.5896616274399063E-004  -4.6780164811652042E-004  -3.7181517090698253E-004  -2.7170473292238533E-004  -1.6838580727013362E-004  -6.3003349820283912E-005   4.3065840104484577E-005   1.4822349766233393E-004   2.5067590503141082E-004   3.4847783027360793E-004   4.3959558993488944E-004   5.2198882049251641E-004   5.9370846349258261E-004   6.5300607312635363E-004   6.9844710884901350E-004   7.2901874860101940E-004   7.4422138336788842E-004   7.4413275773124060E-004   7.2943502859169375E-004   7.0139794617059292E-004   6.6181575089425601E-004   6.1290073771487182E-004   5.5714199313819412E-004   4.9714262408889309E-004   4.3545196028237467E-004   3.7441004856263985E-004   3.1602001257060675E-004   2.6185977858983868E-004   2.1303900026895255E-004   1.7020080126439838E-004   1.3356231969350024E-004   1.0298391897330434E-004   7.8054875236560617E-005   5.8183435016227117E-005   4.2680996880348456E-005   3.0833157136197047E-005   2.1953728703696188E-005   1.5420938119694284E-005   1.0697383218684438E-005   7.3368013905011487E-006   4.9812880361041303E-006   3.3525008449165356E-006   2.2398372417385052E-006   1.4878221606884695E-006   9.8418074057690826E-007   6.4941502188646767E-007   4.2820909824987822E-007   2.8265831591943568E-007   1.8713078588351656E-007   1.2448746907761879E-007   8.3374076615719102E-008   5.6323907411517460E-008   3.8453844850171017E-008   2.6582310317949565E-008   1.8640531005719531E-008   1.3283825449416859E-008   9.6371442822205520E-009   7.1295719269540517E-009   5.3871746951789457E-009   4.1638159566021902E-009   3.2965365882899325E-009   2.6767709787304786E-009   2.2317530740176242E-009   1.9124807210638675E-009   1.6859108323198007E-009   1.5298981859682696E-009   1.4299303258636973E-009   1.3770473643664999E-009
  -1.3604629279609312E-003  -1.3604555318915644E-003  -1.3604168964855448E-003  -1.3603037377334683E-003  -1.3600538058615023E-003  -1.3595861703630701E-003  -1.3588015747627562E-003  -1.3575828479311857E-003  -1.3557953566676348E-003  -1.3532874832191876E-003  -1.3498911116490743E-003  -1.3454221088914447E-003  -1.3396807903763642E-003  -1.3324523667442910E-003  -1.3235073778609988E-003  -1.3126021335273812E-003  -1.2994791973192040E-003  -1.2838679711374465E-003  -1.2654854633720326E-003  -1.2440373529021553E-003  -1.2192194939527113E-003  -1.1907200421130487E-003  -1.1582224180042189E-003  -1.1214093597668139E-003  -1.0799683453525538E-003  -1.0335986859526108E-003  -9.8202059680143326E-004  -9.2498653355962707E-004  -8.6229503252272519E-004  -7.9380720084351727E-004  -7.1946585807694649E-004  -6.3931712259545888E-004  -5.5353395822249293E-004  -4.6244084534648731E-004  -3.6653832281024373E-004  -2.6652568034348911E-004  -1.6331960079241222E-004  -5.8066110886926224E-005   4.7857126621167435E-005   1.5285126498088041E-004   2.5512236209821750E-004   3.5272539280131548E-004   4.4362737624903327E-004   5.2578919686858407E-004   5.9726361659561528E-004   6.5630458046732289E-004   7.0148047273832460E-004   7.3178185588593432E-004   7.4671285320892546E-004   7.4635514349413582E-004   7.3139484788357152E-004   7.0310552484189085E-004   6.6328488152829544E-004   6.1414816919660965E-004   5.5818678336345636E-004   4.9800540064153594E-004   4.3615414210246555E-004   3.7497308399222107E-004   3.1646468531449322E-004   2.6220562367515986E-004   2.1330385852570867E-004   1.7040052527547722E-004   1.3371062885673079E-004   1.0309238831096806E-004   7.8133033310110657E-005   5.8238941396867104E-005   4.2719868940258108E-005   3.0860018683539849E-005   2.1972058044735321E-005   1.5433299268445291E-005   1.0705630115690332E-005   7.3422503619771853E-006   4.9848578917162224E-006   3.3548228567246875E-006   2.2413388774340438E-006   1.4887891023455074E-006   9.8480169221607459E-007   6.4981336458386626E-007   4.2846480761951623E-007   2.8282286715693176E-007   1.8723713025839155E-007   1.2455661966531793E-007   8.3419404345318548E-008   5.6353915726377365E-008   3.8473947343811915E-008   2.6595962515097623E-008   1.8649947725428200E-008   1.3290434241154248E-008   9.6418717165220924E-009   7.1330244352557376E-009   5.3897530226106111E-009   4.1657878436115444E-009   3.2980831464159422E-009   2.6780164645295647E-009   2.2327841524758764E-009   1.9133590500879419E-009   1.6866813881782877E-009   1.5305948681475583E-009   1.4305798298814467E-009   1.3776719640677507E-009
  -1.3532335944241971E-003  -1.3532261985820977E-003  -1.3531875643643951E-003  -1.3530744091036116E-003  -1.3528244850001053E-003  -1.3523568642486918E-003  -1.3515722940108182E-003  -1.3503536081149764E-003  -1.3485661802772539E-003  -1.3460584025948342E-003  -1.3426621733152702E-003  -1.3381933798121616E-003  -1.3324523667442910E-003  -1.3252243860070877E-003  -1.3162800347694052E-003  -1.3053757010602460E-003  -1.2922540533940958E-003  -1.2766446320470692E-003  -1.2582646248898851E-003  -1.2368199399682524E-003  -1.2120067197727523E-003  -1.1835134773714767E-003  -1.1510240706904718E-003  -1.1142217658299987E-003  -1.0727946700163221E-003  -1.0264428350214515E-003  -9.7488733665439210E-004  -9.1788161774202393E-004  -8.5522533190029873E-004  -7.8678083317508681E-004  -7.1249231160399197E-004  -6.3240736687331784E-004  -5.4670053398897848E-004  -4.5569792383490758E-004  -3.5990172370039143E-004  -2.6001283668454522E-004  -1.5694945894487557E-004  -5.1858954066480879E-005   5.3879940996064005E-005   1.5866766099501212E-004   2.6070999652096430E-004   3.5806219818337696E-004   4.4869218497618508E-004   5.3056242676378538E-004   6.0172798979335647E-004   6.6044583890398215E-004   7.0528804683112306E-004   7.3524943903555985E-004   7.4983883480935821E-004   7.4914285802720458E-004   7.3385260775166118E-004   7.0524641947256072E-004   6.6512634378409694E-004   6.1571133030062497E-004   5.5949565692892187E-004   4.9908595233379724E-004   4.3703331162998519E-004   3.7567782895336563E-004   3.1702111146113900E-004   2.6263825417605980E-004   2.1363507771682229E-004   1.7065021280959441E-004   1.3389598097260954E-004   1.0322790667342214E-004   7.8230650308783509E-005   5.8308244721348680E-005   4.2768387470503397E-005   3.0893535261255340E-005   2.1994921084321038E-005   1.5448712887559523E-005   1.0715910172704940E-005   7.3490405129812215E-006   4.9893049884515267E-006   3.3577145535740760E-006   2.2432083410728999E-006   1.4899925267268139E-006   9.8557427443931872E-007   6.5030883165650834E-007   4.2878277201737328E-007   2.8302742217317904E-007   1.8736929150943874E-007   1.2464253485088636E-007   8.3475706698904717E-008   5.6391180379659142E-008   3.8498904950799117E-008   2.6612908155653043E-008   1.8661633638847992E-008   1.3298633942972633E-008   9.6477360692890719E-009   7.1373065050531601E-009   5.3929503531749175E-009   4.1682327834405185E-009   3.3000004702287398E-009   2.6795603590009575E-009   2.2340621406597879E-009   1.9144476178060104E-009   1.6876363199325328E-009   1.5314582042119680E-009   1.4313846726397786E-009   1.3784459304068031E-009
