# Version 0.32
# Potential name = chengdu_MMWLY_3200  
# L = 1
# S = 1
# J = 0
# Order = 0                   
# K_MAX = 6400 MeV
# For uncoupled channels, e.g., 3P0 (LSJ = 110)
# storage = D(1:N，1:N) (row, column)
# D(i,j)  = <pout(j),L|V|L,pin(i)>
# Normalization
# If V were so weak as to validate the Born approximation, the relation of V
# in 1S0 and the respective scattering length 'a' would have been
# <p|V|p> = 2/pi * a + ... for p->0, in unit of MeV^(-1)
# Momenta are in unit of MeV
# The value of pin and pout, where pin(1:N) = pout(1:N)
  0.91607432498767594        4.8257579532933050        11.855568853999557        22.000201480181204        35.249935222426302        51.591869740617312        71.010052841861580        93.485517556139712        118.99630638139024        147.51749463842634        179.02121556398060        213.47668786214535        250.85024593493108        291.10537285590499        334.20273609367359        380.10022596794124        428.75299680907347        480.11351078530788        534.13158435711739        590.75443731463611        649.92674435099343        711.59068912161456        775.68602073693728        842.15011263353381        910.91802376621945        981.92256206143384        1055.0943500699491        1130.3618927547864        1207.6516473481352        1286.8880952090281        1367.9938156115802        1450.8895613916986        1535.4943363783584        1621.7254745337889        1709.4987207252541        1798.7283130494993        1889.3270666294350        1981.2064588011842        2074.2767156082505        2168.4468995183070        2263.6249982768895        2359.7180148111888        2456.6320580960833        2554.2724348936449        2652.5437422764694        2751.3499608444354        2850.5945485438042        2950.1805349970027        3050.0106162509069        3149.9872498510622        3250.0127501489378        3349.9893837490931        3449.8194650029973        3549.4054514561958        3648.6500391555646        3747.4562577235306        3845.7275651063551        3943.3679419039167        4040.2819851888112        4136.3750017231105        4231.5531004816930        4325.7232843917500        4418.7935411988155        4510.6729333705653        4601.2716869505002        4690.5012792747457        4778.2745254662113        4864.5056636216414        4949.1104386083016        5032.0061843884196        5113.1119047909724        5192.3483526518648        5269.6381072452132        5344.9056499300514        5418.0774379385657        5489.0819762337806        5557.8498873664666        5624.3139792630627        5688.4093108783854        5750.0732556490066        5809.2455626853643        5865.8684156428826        5919.8864892146921        5971.2470031909270        6019.8997740320592        6065.7972639063264        6108.8946271440946        6149.1497540650689        6186.5233121378551        6220.9787844360199        6252.4825053615732        6281.0036936186098        6306.5144824438603        6328.9899471581384        6348.4081302593822        6364.7500647775742        6377.9997985198188        6388.1444311460000        6395.1742420467071        6399.0839256750123     
# Matrix elements start here 
  -1.9430664595913721E-007  -1.0218931328612383E-006  -2.4890402946734988E-006  -4.5056004408042159E-006  -6.8451981306934446E-006  -9.1204929279159861E-006  -1.0874400690893559E-005  -1.1774973672579428E-005  -1.1762599667240953E-005  -1.1020104238856387E-005  -9.8229516310088932E-006  -8.4114056422081283E-006  -6.9437978289280115E-006  -5.5050148706933818E-006  -4.1313450187566200E-006  -2.8320279034767655E-006  -1.6031848080131816E-006  -4.3560885094073452E-007   6.8126928063296326E-007   1.7575265591046662E-006   2.8019750236033155E-006   3.8219099694407136E-006   4.8230885195032553E-006   5.8097940625786977E-006   6.7849176367880905E-006   7.7500257055003117E-006   8.7054030720109308E-006   9.6500694520764556E-006   1.0581773381455982E-005   1.1496970170359847E-005   1.2390792763235161E-005   1.3257026192491159E-005   1.4088098032738856E-005   1.4875098847056221E-005   1.5607847891072059E-005   1.6275020004425751E-005   1.6864349276907486E-005   1.7362923270603702E-005   1.7757577842814640E-005   1.8035396549507403E-005   1.8184309993090114E-005   1.8193779390647297E-005   1.8055535592057330E-005   1.7764330823507831E-005   1.7318647204612114E-005   1.6721295736213535E-005   1.5979834435085177E-005   1.5106736985787602E-005   1.4119255492440140E-005   1.3038943290889963E-005   1.1890835304038553E-005   1.0702321117929732E-005   9.5017850011923971E-006   8.3171213951257363E-006   7.1742576521596837E-006   6.0958227975508812E-006   5.1000890750944043E-006   4.2002826354770236E-006   3.4043151625020410E-006   2.7149366810117357E-006   2.1302599231479671E-006   1.6445667266489491E-006   1.2492830629331584E-006   9.3400404017186237E-007   6.8746239063871465E-007   4.9835914608358373E-007   3.5600720152337259E-007   2.5077080734175008E-007   1.7431143475844992E-007   1.1966970797885900E-007   8.1223226208873704E-008   5.4562043073690218E-008   3.6319451428049335E-008   2.3988073944227916E-008   1.5742403945693303E-008   1.0280603120312464E-008   6.6915575075867980E-009   4.3482986999445702E-009   2.8258342124391785E-009   1.8398629565139222E-009   1.2023530606402404E-009   7.9012785399085072E-010   5.2312094104576547E-010   3.4959939862432428E-010   2.3627933020296577E-010   1.6180139373642946E-010   1.1247129618078402E-010   7.9503464933280801E-011   5.7249545986811780E-011   4.2065435114120459E-011   3.1588952501842839E-011   2.4280007816712005E-011   1.9127864367150517E-011   1.5464533865682684E-011   1.2845542840382242E-011   1.0973520486764988E-011   9.6490936708192690E-012   8.7393008154335429E-012   8.1573592243168222E-012   7.8498563378222746E-012
  -1.0218931328612383E-006  -5.3743392053524243E-006  -1.3090632937293678E-005  -2.3697749591517960E-005  -3.6007447852933662E-005  -4.7985108515912892E-005  -5.7226563807936479E-005  -6.1981372594920034E-005  -6.1929892664935700E-005  -5.8030455719687164E-005  -5.1732449841312162E-005  -4.4301932883676891E-005  -3.6573953064850947E-005  -2.8996516232138866E-005  -2.1761329104624985E-005  -1.4917385375487713E-005  -8.4444341416605545E-006  -2.2940774554563710E-006   3.5893035118262970E-006   9.2587583292621255E-006   1.4760686810524104E-005   2.0133506712599490E-005   2.5407537618490121E-005   3.0605338543257537E-005   3.5742135570666663E-005   4.0826178239813207E-005   4.5858965216315884E-005   5.0835331344740549E-005   5.5743415394563620E-005   6.0564543822932851E-005   6.5273077198683288E-005   6.9836275581275925E-005   7.4214248203035698E-005   7.8360061155202581E-005   8.2220083492711831E-005   8.5734655670482754E-005   8.8839162421619795E-005   9.1465582674839794E-005   9.3544569424913008E-005   9.5008080520626458E-005   9.5792535946935425E-005   9.5842418769911809E-005   9.5114168184723402E-005   9.3580139599666254E-005   9.1232337009473018E-005   8.8085568382925491E-005   8.4179648340457257E-005   7.9580286589372887E-005   7.4378364918084247E-005   6.8687423433713834E-005   6.2639342782566635E-005   5.6378407664392194E-005   5.0054142635221551E-005   4.3813491906100368E-005   3.7793037325326365E-005   3.2111985591726164E-005   2.6866592457934983E-005   2.2126531528121547E-005   1.7933480500553940E-005   1.4301926139445464E-005   1.1221926566804893E-005   8.6633592616192517E-006   6.5810573783668438E-006   4.9202093271352258E-006   3.6214606364093273E-006   2.6252898406622464E-006   1.8753986889621614E-006   1.3210273309981114E-006   9.1824950371906697E-007   6.3040413900592988E-007   4.2787317562982052E-007   2.8742560134627311E-007   1.9132604972647720E-007   1.2636598977818430E-007   8.2928894606443033E-008   5.4156852761280489E-008   3.5250236821515587E-008   2.2906260427577262E-008   1.4886119574241295E-008   9.6921538599161472E-009   6.3338363413979732E-009   4.1622886651073964E-009   2.7557316861050086E-009   1.8416432312475459E-009   1.2446881512134988E-009   8.5234826700726510E-010   5.9248386043926572E-010   4.1881370109948885E-010   3.0158300975496514E-010   2.2159512900008206E-010   1.6640640909864466E-010   1.2790385858391484E-010   1.0076305071510263E-010   8.1465111852886445E-011   6.7668614740183234E-011   5.7807049447727547E-011   5.0830144767507796E-011   4.6037476758743321E-011   4.2971885695686997E-011   4.1352001303354663E-011
  -2.4890402946734988E-006  -1.3090632937293678E-005  -3.1889178269952984E-005  -5.7746091776401805E-005  -8.7796273126610491E-005  -1.1711541635428694E-004  -1.3984463980528002E-004  -1.5166168806713515E-004  -1.5171003383249848E-004  -1.4228285428587555E-004  -1.2691851198386888E-004  -1.0873202531970239E-004  -8.9787353486366059E-005  -7.1195807462358016E-005  -5.3435350582590071E-005  -3.6630461868635629E-005  -2.0733722846524390E-005  -5.6275513821169585E-006   8.8239364606524382E-006   2.2750624985435987E-005   3.6266238343261429E-005   4.9464992998248230E-005   6.2421270932474024E-005   7.5190425344851913E-005   8.7809817366456744E-005   1.0029968328830457E-004   1.1266368386927122E-004   1.2488911499764811E-004   1.3694682640133865E-004   1.4879093474691620E-004   1.6035844545730021E-004   1.7156892138551192E-004   1.8232435878753667E-004   1.9250945159286474E-004   2.0199244148926568E-004   2.1062675994576316E-004   2.1825366387884162E-004   2.2470604330165461E-004   2.2981353094277398E-004   2.3340896533291376E-004   2.3533614735422268E-004   2.3545868675528799E-004   2.3366956628892348E-004   2.2990087054327964E-004   2.2413295535292859E-004   2.1640219971602955E-004   2.0680641716504150E-004   1.9550703840431538E-004   1.8272733507853644E-004   1.6874624414222299E-004   1.5388776025271388E-004   1.3850635144481354E-004   1.2296935865436040E-004   1.0763778361931883E-004   9.2847170587612206E-005   7.8890377815688022E-005   6.6003879359080234E-005   5.4358844200343044E-005   4.4057663033179902E-005   3.5135925858242770E-005   2.7569208179400266E-005   2.1283507176974547E-005   1.6167860238829995E-005   1.2087610253259687E-005   8.8969394917023746E-006   6.4496199687284742E-006   4.6073422580602932E-006   3.2454032718312692E-006   2.2558881800505630E-006   1.5487307525153872E-006   1.0511675033124717E-006   7.0612618130793205E-007   4.7003583598372148E-007   3.1044671493439436E-007   2.0373363860444017E-007   1.3304859201074818E-007   8.6600201755940135E-008   5.6274424025820887E-008   3.6571128990648057E-008   2.3810974186524826E-008   1.5560505515309815E-008   1.0225606129576045E-008   6.7700798966274914E-009   4.5244142879963175E-009   3.0578587421413235E-009   2.0939868325324241E-009   1.4555709797426389E-009   1.0289108444522768E-009   7.4090706295596788E-010   5.4439869245614259E-010   4.0881508511010567E-010   3.1422483732634648E-010   2.4754728722016454E-010   2.0013752360650495E-010   1.6624329938692005E-010   1.4201612763225042E-010   1.2487577891639017E-010   1.1310150297136905E-010   1.0557018324628229E-010   1.0159056984540237E-010
  -4.5056004408042159E-006  -2.3697749591517960E-005  -5.7746091776401805E-005  -1.0465904128410371E-004  -1.5940050821604076E-004  -2.1322289038771535E-004  -2.5551405454621729E-004  -2.7815150528029880E-004  -2.7917248030105018E-004  -2.6250053890344534E-004  -2.3457481980505471E-004  -2.0119726400963191E-004  -1.6626419494612598E-004  -1.3189553404243217E-004  -9.9016192451799887E-005  -6.7879550112062530E-005  -3.8410310418340033E-005  -1.0397455205718242E-005   1.6407056631850787E-005   4.2241833354719912E-005   6.7316455739335055E-005   9.1804859791276577E-005   1.1584450424719219E-004   1.3953773667128174E-004   1.6295364179513415E-004   1.8612960557339275E-004   2.0907230676032274E-004   2.3175809041397778E-004   2.5413280589718282E-004   2.7611126720526166E-004   2.9757654634990539E-004   3.1837935526485566E-004   3.3833781342077629E-004   3.5723793668055218E-004   3.7483521370096492E-004   3.9085765223622352E-004   4.0501066954750866E-004   4.1698415779577972E-004   4.2646196558746117E-004   4.3313389120718752E-004   4.3671007616508198E-004   4.3693742141742600E-004   4.3361733529881716E-004   4.2662378709522309E-004   4.1592032252611938E-004   4.0157444881685177E-004   3.8376767646353951E-004   3.6279956949372862E-004   3.3908444931873355E-004   3.1313993469198889E-004   2.8556725731881298E-004   2.5702419793267563E-004   2.2819242534767348E-004   1.9974184484941365E-004   1.7229512066329716E-004   1.4639570528038440E-004   1.2248241989407582E-004   1.0087290007069264E-004   8.1757150554261925E-005   6.5201215060852822E-005   5.1159769320604606E-005   3.9495487327089897E-005   3.0002457355190868E-005   2.2430798164930318E-005   1.6509917938255627E-005   1.1968463559345526E-005   8.5497762720812129E-006   6.0224464052658064E-006   4.1862180115201003E-006   2.8739565266877658E-006   1.9506358329692547E-006   1.3103478040666320E-006   8.7223847654188764E-007   5.7609132878857578E-007   3.7806546759295246E-007   2.4689628301901751E-007   1.6070269950512484E-007   1.0442760712672442E-007   6.7864497122135806E-008   4.4185668656531845E-008   2.8875397326644763E-008   1.8975504325875248E-008   1.2563135981021600E-008   8.3958879029523005E-009   5.6744227155591019E-009   3.8857800329203021E-009   2.7010812864715959E-009   1.9093344571577980E-009   1.3748901491828085E-009   1.0102325064856001E-009   7.5863203520354419E-010   5.8310232788328206E-010   4.5936979597314615E-010   3.7139220713445178E-010   3.0849520249656074E-010   2.6353720245128190E-010   2.3173011386260159E-010   2.0988076620783714E-010   1.9590500891031241E-010   1.8852009988287055E-010
  -6.8451981306934446E-006  -3.6007447852933662E-005  -8.7796273126610491E-005  -1.5940050821604076E-004  -2.4364162702405378E-004  -3.2778115648766931E-004  -3.9574298949930214E-004  -4.3428541359713768E-004  -4.3905927961988118E-004  -4.1518815600265023E-004  -3.7249841653820255E-004  -3.2032963026937722E-004  -2.6514601168367092E-004  -2.1054494897598022E-004  -1.5814233608168855E-004  -1.0842354642886579E-004  -6.1313037870354300E-005  -1.6498203311691664E-005   2.6403763405849452E-005   6.7766598282812209E-005   1.0792094020383456E-004   1.4714228751016182E-004   1.8564886096566108E-004   2.2360333447430912E-004   2.6111552875081112E-004   2.9824475684906104E-004   3.3500131447221766E-004   3.7134701668484487E-004   4.0719489883463323E-004   4.4240832608666281E-004   4.7679984413871246E-004   5.1013017734008275E-004   5.4210784845459261E-004   5.7238995645130886E-004   6.0058469845016504E-004   6.2625624793725108E-004   6.4893258847737638E-004   6.6811683284273755E-004   6.8330241381547906E-004   6.9399229962563132E-004   6.9972205550146221E-004   7.0008614620142395E-004   6.9476637239253443E-004   6.8356079682122027E-004   6.6641100725589131E-004   6.4342516488609890E-004   6.1489409366892792E-004   5.8129776978341284E-004   5.4330004028552929E-004   5.0173026113906733E-004   4.5755175775561352E-004   4.1181846165048053E-004   3.6562257924784860E-004   3.2003746889050380E-004   2.7606079677178799E-004   2.3456331175234358E-004   1.9624811673057962E-004   1.6162414438117344E-004   1.3099583030619399E-004   1.0446899297981022E-004   8.1971011011565200E-005   6.3281852814797696E-005   4.8071595036404319E-005   3.5939863989878660E-005   2.6453102399759285E-005   1.9176533231875065E-005   1.3698923593562210E-005   9.6494960905342005E-006   6.7073895597700761E-006   4.6048117576008502E-006   3.1254163729272583E-006   2.0995115528431099E-006   1.3975486102611363E-006   9.2304530845099139E-007   6.0575734749441785E-007   3.9559084331891632E-007   2.5748672886932437E-007   1.6731967162408309E-007   1.0873624002028482E-007   7.0796715049605896E-008   4.6265753934084339E-008   3.0403599396792233E-008   2.0129349213079592E-008   1.3452354541160258E-008   9.0918729492096187E-009   6.2260110158585719E-009   4.3278213609536382E-009   3.0592409358915841E-009   2.2029247982989398E-009   1.6186502176731018E-009   1.2155220707882161E-009   9.3427869618740855E-010   7.3602761187821046E-010   5.9506506867906034E-010   4.9428802026176888E-010   4.2225383402408491E-010   3.7129076315397933E-010   3.3628253378816430E-010   3.1388980496660656E-010   3.0205729659603443E-010
  -9.1204929279159861E-006  -4.7985108515912892E-005  -1.1711541635428694E-004  -2.1322289038771535E-004  -3.2778115648766931E-004  -4.4514007543422675E-004  -5.4426518519336807E-004  -6.0573392274705662E-004  -6.2048961913030519E-004  -5.9296356375401944E-004  -5.3600343230652224E-004  -4.6322603862507976E-004  -3.8462467809540504E-004  -3.0599447537417148E-004  -2.3006474341533467E-004  -1.5776414706869548E-004  -8.9106538118759659E-005  -2.3704744648954574E-005   3.8961199763406075E-005   9.9414675965117194E-005   1.5812540126778672E-004   2.1548782158529225E-004   2.7181576714862328E-004   3.2734372281699545E-004   3.8223003304600653E-004   4.3655989331165045E-004   4.9034726070639649E-004   5.4353546986859753E-004   5.9599668675111540E-004   6.4753053459474293E-004   6.9786236489970880E-004   7.4664175942606168E-004   7.9344195202217863E-004   8.3776095197479771E-004   8.7902522457312493E-004   9.1659682336271090E-004   9.4978485017886401E-004   9.7786201791639181E-004   1.0000868809314205E-003   1.0157319566521414E-003   1.0241174769042129E-003   1.0246498831339907E-003   1.0168634450206807E-003   1.0004625961626634E-003   9.7536183561947618E-004   9.4171946116124844E-004   8.9996111732869408E-004   8.5078929314612685E-004   7.9517559212843349E-004   7.3433385750907264E-004   6.6967401090620052E-004   6.0273858556164595E-004   5.3512613424256284E-004   4.6840762388306761E-004   4.0404323847282529E-004   3.4330740576729644E-004   2.8722918678085349E-004   2.3655345482307606E-004   1.9172578109902342E-004   1.5290104060129982E-004   1.1997294358139169E-004   9.2619450618089001E-005   7.0357684646006857E-005   5.2601657492948426E-005   3.8716813537706046E-005   2.8066812012596312E-005   2.0049771475858739E-005   1.4123021288643113E-005   9.8169483470277455E-006   6.7396113503059870E-006   4.5743653850091123E-006   3.0728491067561752E-006   2.0454547951490390E-006   1.3509708559083197E-006   8.8658759298502277E-007   5.7898749967636900E-007   3.7685805742909587E-007   2.4488938309508760E-007   1.5914656293455709E-007   1.0361820337989792E-007   6.7714643032997316E-008   4.4498764201620891E-008   2.9461352599626278E-008   1.9688890853700890E-008   1.3306881949076121E-008   9.1124011436721730E-009   6.3342072729863290E-009   4.4775106324396645E-009   3.2242047622918244E-009   2.3690594152309625E-009   1.7790403213162884E-009   1.3674120037329757E-009   1.0772513543241934E-009   8.7093831858012334E-010   7.2344084651547944E-010   6.1801148007852497E-010   5.4342183658341258E-010   4.9218372823896176E-010   4.5940968950700091E-010   4.4209160868458762E-010
  -1.0874400690893559E-005  -5.7226563807936479E-005  -1.3984463980528002E-004  -2.5551405454621729E-004  -3.9574298949930214E-004  -5.4426518519336807E-004  -6.7737098190495605E-004  -7.6976269231114375E-004  -8.0492201454542185E-004  -7.8263160878723655E-004  -7.1651011734899105E-004  -6.2453361306561469E-004  -5.2137415602029349E-004  -4.1614205698428273E-004  -3.1342172648996533E-004  -2.1499819458979099E-004  -1.2118140719894778E-004  -3.1603121500820041E-005   5.4358122784828105E-005   1.3736759383668013E-004   2.1803871878409625E-004   2.9689400489007583E-004   3.7435249524832997E-004   4.5072856747677131E-004   5.2623462549683769E-004   6.0098418916577239E-004   6.7499389486281940E-004   7.4818394939138607E-004   8.2037712642164665E-004   8.9129671129978857E-004   9.6056401249713648E-004   1.0276962265044173E-003   1.0921055919131345E-003   1.1531009007986241E-003   1.2098925401448028E-003   1.2616022911663934E-003   1.3072790901820202E-003   1.3459218162068984E-003   1.3765098817769997E-003   1.3980419340421139E-003   1.4095823057316105E-003   1.4103139964335020E-003   1.3995959535095892E-003   1.3770213404700267E-003   1.3424724554077258E-003   1.2961671597942934E-003   1.2386912887938739E-003   1.1710117231200586E-003   1.0944657491460232E-003   1.0107240686202577E-003   9.2172726282106245E-004   8.2959843792951293E-004   7.3653780500221083E-004   6.4470760707662671E-004   5.5611760821631668E-004   4.7252190169118336E-004   3.9533686321107590E-004   3.2558771849202804E-004   2.6388774007915538E-004   2.1045009231586881E-004   1.6512847786821688E-004   1.2747964611668403E-004   9.6838972972630033E-005   7.2399914524737578E-005   5.3289079828763423E-005   3.8630621118002952E-005   2.7596119950650031E-005   1.9438654624923482E-005   1.3511858519638857E-005   9.2762710562129488E-006   6.2960682002309516E-006   4.2294101375857482E-006   2.8153244301940704E-006   1.8594501476616113E-006   1.2202819994417061E-006   7.9690717997129760E-007   5.1870012727780970E-007   3.3706099922572639E-007   2.1904624263236538E-007   1.4261808477174141E-007   9.3201120467631988E-008   6.1247235159967543E-008   4.0550033608488898E-008   2.7099406938654444E-008   1.8315333787232447E-008   1.2542131861626709E-008   8.7182797814278668E-009   6.1627585969997616E-009   4.4377327507859396E-009   3.2607273144413986E-009   2.4486365019809045E-009   1.8820792876440553E-009   1.4827078111053287E-009   1.1987425602394766E-009   9.9572990785688510E-010   8.5061897816712649E-010   7.4795524348053299E-010   6.7743210767896573E-010   6.3232255820731699E-010   6.0848628859848416E-010
  -1.1774973672579428E-005  -6.1981372594920034E-005  -1.5166168806713515E-004  -2.7815150528029880E-004  -4.3428541359713768E-004  -6.0573392274705662E-004  -7.6976269231114375E-004  -8.9814128096500330E-004  -9.6607955880911129E-004  -9.6364811135780048E-004  -8.9993460113589640E-004  -7.9527466158488638E-004  -6.6979699102216023E-004  -5.3746526645252887E-004  -4.0594501278692913E-004  -2.7862772565981472E-004  -1.5652746184206378E-004  -3.9503297286120611E-005   7.3066507358953022E-005   1.8194323278878126E-004   2.8786588676616077E-004   3.9148017470406479E-004   4.9331113961960881E-004   5.9375543571995812E-004   6.9308130108851633E-004   7.9143049637987533E-004   8.8881963821391379E-004   9.8513998407345673E-004   1.0801555924215371E-003   1.1735002794836552E-003   1.2646741194430816E-003   1.3530404829809159E-003   1.4378248206803046E-003   1.5181165814196203E-003   1.5928757993478489E-003   1.6609459591744346E-003   1.7210747199163145E-003   1.7719438963952846E-003   1.8122097187194923E-003   1.8405537725524718E-003   1.8557441447184611E-003   1.8567051678874420E-003   1.8425928271372661E-003   1.8128714675250989E-003   1.7673860921824797E-003   1.7064234842838360E-003   1.6307548739746941E-003   1.5416531463598971E-003   1.4408788329987477E-003   1.3306314130469264E-003   1.2134656670658600E-003   1.0921766733018679E-003   9.6966102079561341E-004   8.4876531448649438E-004   7.3213542019189991E-004   6.2208061140211265E-004   5.2046555379739543E-004   4.2863996085583508E-004   3.4741120622810160E-004   2.7705991773726191E-004   2.1739348891915950E-004   1.6782837192835654E-004   1.2748957909916928E-004   9.5315284434105708E-005   7.0155657641762684E-005   5.0857634444655230E-005   3.6330592137698269E-005   2.5591199625199196E-005   1.7788507861713170E-005   1.2212310905071112E-005   8.2888415420511602E-006   5.5680638667049077E-006   3.7064047895049897E-006   2.4479860164101734E-006   1.6065142895072523E-006   1.0491368043556301E-006   6.8287424425481050E-007   4.4374439261312271E-007   2.8837670710729833E-007   1.8775822329885312E-007   1.2270026407375350E-007   8.0632634470934609E-008   5.3384548866801994E-008   3.5676656156391900E-008   2.4112330730963315E-008   1.6511849234607640E-008   1.1477707485927532E-008   8.1133368049190142E-009   5.8423220337461057E-009   4.2927819337898085E-009   3.2236557973541618E-009   2.4777772396367232E-009   1.9520004731561735E-009   1.5781572223372343E-009   1.3108889225941163E-009   1.1198488522461935E-009   9.8469096225105290E-010   8.9184650991808962E-010   8.3245931215539648E-010   8.0107861176877892E-010
  -1.1762599667240953E-005  -6.1929892664935700E-005  -1.5171003383249848E-004  -2.7917248030105018E-004  -4.3905927961988118E-004  -6.2048961913030519E-004  -8.0492201454542185E-004  -9.6607955880911129E-004  -1.0745671399301929E-003  -1.1086113000426795E-003  -1.0653784359356167E-003  -9.6144461541141702E-004  -8.2103109255262405E-004  -6.6439626715673189E-004  -5.0407323673350396E-004  -3.4631576748202133E-004  -1.9357420397643097E-004  -4.6331330457188564E-005   9.5826691843073418E-005   2.3364960581873909E-004   3.6794738599945341E-004   4.9946185728265132E-004   6.2881093615323657E-004   7.5646699583904200E-004   8.8275000591764058E-004   1.0078259471938858E-003   1.1317060413843145E-003   1.2542449393563898E-003   1.3751373996941378E-003   1.4939137787652391E-003   1.6099351549883959E-003   1.7223892761536288E-003   1.8302888175007826E-003   1.9324736896918558E-003   2.0276193292806063E-003   2.1142530079636197E-003   2.1907801635236467E-003   2.2555225279402612E-003   2.3067693474527707E-003   2.3428422046424062E-003   2.3621728354907790E-003   2.3633918955362470E-003   2.3454249354880811E-003   2.3075900347613513E-003   2.2496898236741116E-003   2.1720892808057227E-003   2.0757700400574389E-003   1.9623522920849011E-003   1.8340769512747287E-003   1.6937436663468836E-003   1.5446043474028695E-003   1.3902167787608597E-003   1.2342679588075633E-003   1.0803812642188389E-003   9.3192455609518725E-004   7.9183725447740268E-004   6.6249284711172775E-004   5.4560934916791991E-004   4.4221444193551186E-004   3.5266532212055386E-004   2.7671681574013428E-004   2.1362612732131142E-004   1.6227949369091485E-004   1.2132532935966314E-004   8.9300030600676468E-005   6.4735878032645664E-005   4.6244633813818635E-005   3.2574630382024084E-005   2.2642707544306985E-005   1.5544855021153050E-005   1.0550733394498765E-005   7.0874989721827342E-006   4.7178229578784453E-006   3.1160019069438592E-006   2.0449060832210034E-006   1.3354292651999939E-006   8.6921956456939853E-007   5.6483504188244340E-007   3.6707002969328198E-007   2.3899439208520791E-007   1.5618317109074211E-007   1.0263596838866457E-007   6.7952323004950701E-008   4.5412234348271564E-008   3.0692192709364837E-008   2.1017663578532051E-008   1.4609786568622825E-008   1.0327333972771995E-008   7.4365963081738069E-009   5.4642119964485248E-009   4.1033387870267309E-009   3.1539221486058455E-009   2.4846694891433844E-009   2.0088105219957325E-009   1.6686090700587551E-009   1.4254372864000117E-009   1.2533970172284505E-009   1.1352168314615898E-009   1.0596238382340027E-009   1.0196798577197198E-009
  -1.1020104238856387E-005  -5.8030455719687164E-005  -1.4228285428587555E-004  -2.6250053890344534E-004  -4.1518815600265023E-004  -5.9296356375401944E-004  -7.8263160878723655E-004  -9.6364811135780048E-004  -1.1086113000426795E-003  -1.1887306395339291E-003  -1.1857136489481675E-003  -1.1027564964873828E-003  -9.6169110923726678E-004  -7.8847004167537115E-004  -6.0242774087576883E-004  -4.1456412184977362E-004  -2.2998658900291345E-004  -5.0494938559643952E-005   1.2373908520392810E-004   2.9324938321572942E-004   4.5880578386219939E-004   6.2118516554959694E-004   7.8106412264997138E-004   9.3897076096644255E-004   1.0952639073440714E-003   1.2501238921621535E-003   1.4035471999741640E-003   1.5553414953248369E-003   1.7051197732609732E-003   1.8522936462654627E-003   1.9960665591486045E-003   2.1354282676525147E-003   2.2691523398230377E-003   2.3957987824724499E-003   2.5137241541607143E-003   2.6211016666335576E-003   2.7159537428639337E-003   2.7961992227715057E-003   2.8597168149768698E-003   2.9044254222575197E-003   2.9283805849301689E-003   2.9298845036528657E-003   2.9076050040821640E-003   2.8606965601118734E-003   2.7889143633220582E-003   2.6927107600685958E-003   2.5733025695904290E-003   2.4326982306765287E-003   2.2736756912718572E-003   2.0997055590938822E-003   1.9148191075307947E-003   1.7234268012308140E-003   1.5300992933198058E-003   1.3393283703530246E-003   1.1552890651824726E-003   9.8162528469360405E-004   8.2127936473331089E-004   6.7638106886236339E-004   5.4820437147540713E-004   4.3719206445653742E-004   3.4304019637881037E-004   2.6482792765449888E-004   2.0117454028976831E-004   1.5040449509388947E-004   1.1070338800962835E-004   8.0251714341317911E-005   5.7328502126426671E-005   4.0382083570641436E-005   2.8069686554545947E-005   1.9270627785627289E-005   1.3079520389476175E-005   8.7862218288482711E-006   5.8485846563740265E-006   3.8628410987214852E-006   2.5350263867911437E-006   1.6555030926208178E-006   1.0775528767317634E-006   7.0021388976683488E-007   4.5504883670787692E-007   2.9627621309760994E-007   1.9361691877121950E-007   1.2723560131015128E-007   8.4239031484739060E-008   5.6296568350988926E-008   3.8048449544672703E-008   2.6055144136718291E-008   1.8111437091232386E-008   1.2802572939359808E-008   9.2189878112240492E-009   6.7738655432073418E-009   5.0868204035640501E-009   3.9098490993960281E-009   3.0801910340550976E-009   2.4902789541557272E-009   2.0685385663599963E-009   1.7670837623518381E-009   1.5538091598855838E-009   1.4073037387457303E-009   1.3135927395633004E-009   1.2640750506609778E-009
  -9.8229516310088932E-006  -5.1732449841312162E-005  -1.2691851198386888E-004  -2.3457481980505471E-004  -3.7249841653820255E-004  -5.3600343230652224E-004  -7.1651011734899105E-004  -8.9993460113589640E-004  -1.0653784359356167E-003  -1.1857136489481675E-003  -1.2333641763540141E-003  -1.1930593089565910E-003  -1.0726011403937269E-003  -8.9717949283208039E-004  -6.9307511344247712E-004  -4.7826924494507250E-004  -2.6239372498390741E-004  -4.9711278757821756E-005   1.5837808564044887E-004   3.6183807113340533E-004   5.6120106815451512E-004   7.5716696780635489E-004   9.5040570410270993E-004   1.1414615128759616E-003   1.3307065089306173E-003   1.5183170932259325E-003   1.7042599950696535E-003   1.8882816263418077E-003   2.0698980697736501E-003   2.2483850517050524E-003   2.4227684702895777E-003   2.5918168659627610E-003   2.7540378249643021E-003   2.9076807769509057E-003   3.0507489947686340E-003   3.1810237951593935E-003   3.2961039109012276E-003   3.3934626768071705E-003   3.4705249580324468E-003   3.5247645746721819E-003   3.5538213001066157E-003   3.5556343487105997E-003   3.5285867223241911E-003   3.4716520603581469E-003   3.3845330551716957E-003   3.2677784727208250E-003   3.1228648381322688E-003   2.9522293729358690E-003   2.7592431576891059E-003   2.5481178670982568E-003   2.3237455850465701E-003   2.0914785734204243E-003   1.8568634989023002E-003   1.6253513257890114E-003   1.4020086265392495E-003   1.1912574291605977E-003   9.9666837277610494E-004   8.2082600154298273E-004   6.6527631854348707E-004   5.3055664712550808E-004   4.1629810216383382E-004   3.2138317592299623E-004   2.4413627740705289E-004   1.8252403766709101E-004   1.3434457067339458E-004   9.7389802880977914E-005   6.9571237411572865E-005   4.9005838560489970E-005   3.4064077847881879E-005   2.3385944315364504E-005   1.5872701335690810E-005   1.0662552156008973E-005   7.0975713420018779E-006   4.6877647883760589E-006   3.0763903330828185E-006   2.0090416312799025E-006   1.3076680653402536E-006   8.4974699443097258E-007   5.5222608071831839E-007   3.5954700943978466E-007   2.3496446780598749E-007   1.5440719228148260E-007   1.0222855854433284E-007   6.8318887880634074E-008   4.6173821943306599E-008   3.1619306058678365E-008   2.1979193941187813E-008   1.5536604264089489E-008   1.1187732709407320E-008   8.2204465438827258E-009   6.1731273873833187E-009   4.7448100162427694E-009   3.7379757675988298E-009   3.0220860450657570E-009   2.5102816288683348E-009   2.1444501747801205E-009   1.8856300908720481E-009   1.7078379634905485E-009   1.5941146777515591E-009   1.5340223265204179E-009
  -8.4114056422081283E-006  -4.4301932883676891E-005  -1.0873202531970239E-004  -2.0119726400963191E-004  -3.2032963026937722E-004  -4.6322603862507976E-004  -6.2453361306561469E-004  -7.9527466158488638E-004  -9.6144461541141702E-004  -1.1027564964873828E-003  -1.1930593089565910E-003  -1.2060913182519247E-003  -1.1289275730288480E-003  -9.7268644307747418E-004  -7.6448284891639110E-004  -5.3007985534241759E-004  -2.8600931171250676E-004  -4.0776418166978221E-005   2.0193844321986362E-004   4.4094105214092984E-004   6.7619741458258302E-004   9.0814222680943497E-004   1.1373278201476681E-003   1.3642467076319330E-003   1.5892406793786263E-003   1.8124520974792230E-003   2.0337949909095101E-003   2.2529348500912282E-003   2.4692719712916516E-003   2.6819264697347826E-003   2.8897249989456699E-003   3.0911904463254282E-003   3.2845367445936292E-003   3.4676715876313306E-003   3.6382103062700222E-003   3.7935044197499029E-003   3.9306883654304939E-003   4.0467475312695777E-003   4.1386098727409035E-003   4.2032620009892652E-003   4.2378886336031903E-003   4.2400317240377057E-003   4.2077625512162925E-003   4.1398568031852292E-003   4.0359596091538354E-003   3.8967250641456404E-003   3.7239136219023358E-003   3.5204313605071941E-003   3.2902979718051062E-003   3.0385355408970006E-003   2.7709775279773819E-003   2.4940061490470338E-003   2.2142354508362825E-003   1.9381653693842195E-003   1.6718374798263920E-003   1.4205247755256201E-003   1.1884850150853607E-003   9.7880009123112893E-004   7.9331349101651610E-004   6.3266590388230844E-004   4.9641741365154073E-004   3.8323541206421131E-004   2.9112180773344809E-004   2.1765188047272540E-004   1.6019996558298214E-004   1.1613302376865475E-004   8.2960608522027451E-005   5.8437278864452725E-005   4.0619891526430559E-005   2.7886692033712264E-005   1.8927484700798859E-005   1.2714614602817763E-005   8.4635346030510267E-006   5.5899483859172267E-006   3.6684567497433763E-006   2.3956914515204151E-006   1.5593350764751347E-006   1.0132848569117706E-006   6.5850460331511086E-007   4.2874352059154173E-007   2.8018447617974150E-007   1.8412357264138621E-007   1.2190291617059497E-007   8.1467171370737741E-008   5.5060184883039514E-008   3.7704585323675214E-008   2.6209189397746774E-008   1.8526693901582953E-008   1.3340862222073062E-008   9.8025083743397347E-009   7.3611733878342151E-009   5.6579698970073743E-009   4.4573658672850206E-009   3.6036999534192601E-009   2.9933964834952852E-009   2.5571591289215554E-009   2.2485279630266521E-009   2.0365189468203206E-009   1.9009091072767574E-009   1.8292517150213075E-009
  -6.9437978289280115E-006  -3.6573953064850947E-005  -8.9787353486366059E-005  -1.6626419494612598E-004  -2.6514601168367092E-004  -3.8462467809540504E-004  -5.2137415602029349E-004  -6.6979699102216023E-004  -8.2103109255262405E-004  -9.6169110923726678E-004  -1.0726011403937269E-003  -1.1289275730288480E-003  -1.1056689557384963E-003  -9.9163366498024276E-004  -8.0022288274497907E-004  -5.5944594005615639E-004  -2.9406968049186912E-004  -1.9238588288349005E-005   2.5743264154438504E-004   5.3263872566399286E-004   8.0524609821205602E-004   1.0751209451231080E-003   1.3425199557359590E-003   1.6077754460876964E-003   1.8711297980680793E-003   2.1326447628756194E-003   2.3921478122923318E-003   2.6491964672267334E-003   2.9030512988895605E-003   3.1526535803221034E-003   3.3966065924546113E-003   3.6331614632996176E-003   3.8602096829919944E-003   4.0752853412867537E-003   4.2755807674840678E-003   4.4579796102165959E-003   4.6191114113885608E-003   4.7554313048396692E-003   4.8633274931966577E-003   4.9392575260496004E-003   4.9799120636835493E-003   4.9824017883581080E-003   4.9444595621199730E-003   4.8646461158356070E-003   4.7425439368215909E-003   4.5789211913746632E-003   4.3758461460179886E-003   4.1367332906522246E-003   3.8663057120468872E-003   3.5704643944679971E-003   3.2560637563108690E-003   2.9306030536673739E-003   2.6018539733783093E-003   2.2774541316454458E-003   1.9645025608527101E-003   1.6691951832816534E-003   1.3965349807613988E-003   1.1501432446116362E-003   9.3218608792669066E-004   7.4341628649420238E-004   5.8331686007818463E-004   4.5032187965972554E-004   3.4208344861480017E-004   2.5575236765738862E-004   1.8824332423940748E-004   1.3646234592164924E-004   9.7483018603334749E-005   6.8666825725493673E-005   4.7730468648544131E-005   3.2768298943209754E-005   2.2240767067255526E-005   1.4940324269873305E-005   9.9450865178561140E-006   6.5684751447741122E-006   4.3106239775674798E-006   2.8150596177792702E-006   1.8322981392797330E-006   1.1906612652019584E-006   7.7377638375754094E-007   5.0379541311849137E-007   3.2923097936363336E-007   2.1635453582614709E-007   1.4324210491495733E-007   9.5728052943983569E-008   6.4698504731684149E-008   4.4304795675683657E-008   3.0797123193733049E-008   2.1769802037126254E-008   1.5676187379852363E-008   1.1518442616611482E-008   8.6497505521421087E-009   6.6484003478824578E-009   5.2376299348002699E-009   4.2345293520758024E-009   3.5173919437421146E-009   3.0047910180793560E-009   2.6421338115488383E-009   2.3930125116967778E-009   2.2336641028832613E-009   2.1494630489639098E-009
  -5.5050148706933818E-006  -2.8996516232138866E-005  -7.1195807462358016E-005  -1.3189553404243217E-004  -2.1054494897598022E-004  -3.0599447537417148E-004  -4.1614205698428273E-004  -5.3746526645252887E-004  -6.6439626715673189E-004  -7.8847004167537115E-004  -8.9717949283208039E-004  -9.7268644307747418E-004  -9.9163366498024276E-004  -9.3020816568836241E-004  -7.7847622253594166E-004  -5.5133614671304333E-004  -2.7697043499905899E-004   2.1094987676874895E-005   3.2897377933600001E-004   6.3973641924520226E-004   9.5029280518599876E-004   1.2594589071842916E-003   1.5669171303939770E-003   1.8726720512941249E-003   2.1767614460724396E-003   2.4790970016276225E-003   2.7793708397867000E-003   3.0769954779617569E-003   3.3710610247110226E-003   3.6603019944273841E-003   3.9430709226055110E-003   4.2173188337916090E-003   4.4805844699157540E-003   4.7299954593745365E-003   4.9622854745159598E-003   5.1738319201529203E-003   5.3607187649228555E-003   5.5188286669595084E-003   5.6439674316202471E-003   5.7320219602929930E-003   5.7791501438915318E-003   5.7819976534105415E-003   5.7379324492735874E-003   5.6452834077209369E-003   5.5035652667554972E-003   5.3136688102440426E-003   5.0779936170606945E-003   4.8005015608540008E-003   4.4866731284739277E-003   4.1433557370387933E-003   3.7785032468642616E-003   3.4008178457668450E-003   3.0193178873389624E-003   2.6428661664738480E-003   2.2797005034840803E-003   1.9370107316306327E-003   1.6206023654745168E-003   1.3346775672099169E-003   1.0817498681409039E-003   8.6269272204096540E-004   6.7690612190169773E-004   5.2257283251902324E-004   3.9696820491625468E-004   2.9678586976019321E-004   2.1844547222106059E-004   1.5835661640667954E-004   1.1312335454408553E-004   7.9683832025891831E-005   5.5388407457509104E-005   3.8025682962635911E-005   2.5809098735613679E-005   1.7337363596836850E-005   1.1540684266180648E-005   7.6223259957563320E-006   5.0022231975988645E-006   3.2667093300474484E-006   2.1262729285555117E-006   1.3816914501749023E-006   8.9792134039881353E-007   5.8462450019911756E-007   3.8205288021751735E-007   2.5106650212378121E-007   1.6622389191606038E-007   1.1108667405312787E-007   7.5078738969784310E-008   5.1413059949831527E-008   3.5738214776190917E-008   2.5262549338859016E-008   1.8191274721993962E-008   1.3366461201131196E-008   1.0037516114605263E-008   7.7150692751625841E-009   6.0779548748959266E-009   4.9139168621092709E-009   4.0817219565959147E-009   3.4868793642737212E-009   3.0660374569366091E-009   2.7769471521169933E-009   2.5920328958505075E-009   2.4943226310493783E-009
