# Version 0.32
# Potential name = chengdu_MMWLY_3200  
# L = 1
# S = 0
# J = 1
# Order = 1                   
# K_MAX = 6400 MeV
# For uncoupled channels, e.g., 3P0 (LSJ = 110)
# storage = D(1:N，1:N) (row, column)
# D(i,j)  = <pout(j),L|V|L,pin(i)>
# Normalization
# If V were so weak as to validate the Born approximation, the relation of V
# in 1S0 and the respective scattering length 'a' would have been
# <p|V|p> = 2/pi * a + ... for p->0, in unit of MeV^(-1)
# Momenta are in unit of MeV
# The value of pin and pout, where pin(1:N) = pout(1:N)
  0.91607432498767594        4.8257579532933050        11.855568853999557        22.000201480181204        35.249935222426302        51.591869740617312        71.010052841861580        93.485517556139712        118.99630638139024        147.51749463842634        179.02121556398060        213.47668786214535        250.85024593493108        291.10537285590499        334.20273609367359        380.10022596794124        428.75299680907347        480.11351078530788        534.13158435711739        590.75443731463611        649.92674435099343        711.59068912161456        775.68602073693728        842.15011263353381        910.91802376621945        981.92256206143384        1055.0943500699491        1130.3618927547864        1207.6516473481352        1286.8880952090281        1367.9938156115802        1450.8895613916986        1535.4943363783584        1621.7254745337889        1709.4987207252541        1798.7283130494993        1889.3270666294350        1981.2064588011842        2074.2767156082505        2168.4468995183070        2263.6249982768895        2359.7180148111888        2456.6320580960833        2554.2724348936449        2652.5437422764694        2751.3499608444354        2850.5945485438042        2950.1805349970027        3050.0106162509069        3149.9872498510622        3250.0127501489378        3349.9893837490931        3449.8194650029973        3549.4054514561958        3648.6500391555646        3747.4562577235306        3845.7275651063551        3943.3679419039167        4040.2819851888112        4136.3750017231105        4231.5531004816930        4325.7232843917500        4418.7935411988155        4510.6729333705653        4601.2716869505002        4690.5012792747457        4778.2745254662113        4864.5056636216414        4949.1104386083016        5032.0061843884196        5113.1119047909724        5192.3483526518648        5269.6381072452132        5344.9056499300514        5418.0774379385657        5489.0819762337806        5557.8498873664666        5624.3139792630627        5688.4093108783854        5750.0732556490066        5809.2455626853643        5865.8684156428826        5919.8864892146921        5971.2470031909270        6019.8997740320592        6065.7972639063264        6108.8946271440946        6149.1497540650689        6186.5233121378551        6220.9787844360199        6252.4825053615732        6281.0036936186098        6306.5144824438603        6328.9899471581384        6348.4081302593822        6364.7500647775742        6377.9997985198188        6388.1444311460000        6395.1742420467071        6399.0839256750123     
# Matrix elements start here 
   2.0425280922214677E-007   1.0734448364178585E-006   2.6050227307100263E-006   4.6655702405999275E-006   6.9268935585499720E-006   8.8559342284015574E-006   9.8987989644866865E-006   9.7945093143706037E-006   8.7290740200311329E-006   7.1652250400038707E-006   5.5463976691216617E-006   4.1351019013605214E-006   3.0193913820290538E-006   2.1855974539019129E-006   1.5812547162559910E-006   1.1494747591858056E-006   8.4226483322141683E-007   6.2320203168989370E-007   4.6603874207841990E-007   3.5233456919610521E-007   2.6927451165483549E-007   2.0797437365569938E-007   1.6225853266187374E-007   1.2780938946122086E-007   1.0158538340122817E-007   8.1425324253277754E-008   6.5779467424861638E-008   5.3526099148068328E-008   4.3845719803337503E-008   3.6134118389363188E-008   2.9941836236074784E-008   2.4931652835198814E-008   2.0848470823408940E-008   1.7497799203855616E-008   1.4730247872984278E-008   1.2430259473644856E-008   1.0507852476562171E-008   8.8925213141502150E-009   7.5286936528691602E-009   6.3723202064439688E-009   5.3882943075448297E-009   4.5484837667000635E-009   3.8302178571194436E-009   3.2151152524600869E-009   2.6881695472147643E-009   2.2370313974447391E-009   1.8514424966943308E-009   1.5227884845532510E-009   1.2437464390944865E-009   1.0080087944467924E-009   8.1006980540883530E-010   6.4506363611056339E-010   5.0864500099060881E-010   3.9690446874605706E-010   3.0631123090724042E-010   2.3367664119278244E-010   1.7613229422886010E-010   1.3111703391604465E-010   9.6368061707675061E-011   6.9912326972367941E-011   5.0055507626061861E-011   3.5367068928922358E-011   2.4660968978660943E-011   1.6972475654211664E-011   1.1532184114359734E-011   7.7386522223890614E-012   5.1311236363648187E-012   3.3636417519092243E-012   2.1815486667696238E-012   1.4009958414316101E-012   8.9173321002656994E-013   5.6314228524422704E-013   3.5325922493703826E-013   2.2040139961660504E-013   1.3695496107060633E-013   8.4883229638104569E-014   5.2556031223123154E-014   3.2560390665909115E-014   2.0219143896859230E-014   1.2606867094780854E-014   7.9069423650901449E-015   4.9976767186321075E-015   3.1893136554951154E-015   2.0587878183353355E-015   1.3468703568649426E-015   8.9463793165425952E-016   6.0446420352402547E-016   4.1617038542052572E-016   2.9248246113220337E-016   2.1017294988857045E-016   1.5466296465545200E-016   1.1672694661885300E-016   9.0474769231137826E-017   7.2110824674023262E-017   5.9166996503978089E-017   5.0025864655571066E-017   4.3622705308762199E-017   3.9258551740327624E-017   3.6483064729760135E-017   3.5021829919256269E-017
   1.0734448364178585E-006   5.6414932002098380E-006   1.3691137003157083E-005   2.4522870094948419E-005   3.6415244531136032E-005   4.6569686052030826E-005   5.2072836224422137E-005   5.1544291561497256E-005   4.5953247766309326E-005   3.7730499324167347E-005   2.9211335773327154E-005   2.1780841052446568E-005   1.5905066142769217E-005   1.1513336574016755E-005   8.3299119961983323E-006   6.0553806077646354E-006   4.4370251191691950E-006   3.2830096248597066E-006   2.4550754756893672E-006   1.8560829707764554E-006   1.4185237721459507E-006   1.0955960482413459E-006   8.5476650236852433E-007   6.7328989871056542E-007   5.3514321544440158E-007   4.2894126274224878E-007   3.4651997424253594E-007   2.8197016625779521E-007   2.3097472748985507E-007   1.9035069036292450E-007   1.5773032302979825E-007   1.3133716330023648E-007   1.0982737205481715E-007   9.2176382691612182E-008   7.7597218333830997E-008   6.5481131363167852E-008   5.5354106233294018E-008   4.6844725534822309E-008   3.9660239102923337E-008   3.3568599347208846E-008   2.8384867680462627E-008   2.3960846477588356E-008   2.0177108647344163E-008   1.6936823241875964E-008   1.4160938105383093E-008   1.1784398213500730E-008   9.7531639343000374E-009   8.0218557673708658E-009   6.5518973935685823E-009   5.3100612754098152E-009   4.2673437952552091E-009   3.3981123018347014E-009   2.6794763515783760E-009   2.0908415331389087E-009   1.6136079849082617E-009   1.2309783088024194E-009   9.2784210582123767E-010   6.9070752670019316E-010   5.0765443539469740E-010   3.6828905091280175E-010   2.6368590156049099E-010   1.8630911368957250E-010   1.2991077067765274E-010   8.9408788136290959E-011   6.0750040826636464E-011   4.0766209226619726E-011   2.7030088809937285E-011   1.7719224937312851E-011   1.1492112997268529E-011   7.3802627463384522E-012   4.6975338020284588E-012   2.9665597975715513E-012   1.8609233095747452E-012   1.1610456832131687E-012   7.2146077736527882E-013   4.4715372014645884E-013   2.7685827680977451E-013   1.7152386472462511E-013   1.0651179584539249E-013   6.6411320501546145E-014   4.1652733855516734E-014   2.6327104462154474E-014   1.6800885290108123E-014   1.0845423690361765E-014   7.0951360227838423E-015   4.7128350361780789E-015   3.1842379667002479E-015   2.1923308664192074E-015   1.5407591431706710E-015   1.1071634585707564E-015   8.1474415429861415E-016   6.1490220156551487E-016   4.7660918354366931E-016   3.7987033764269704E-016   3.1168395423519383E-016   2.6352967390841720E-016   2.2979867231667745E-016   2.0680888441311367E-016   1.9218798538748018E-016   1.8449039166757969E-016
   2.6050227307100263E-006   1.3691137003157083E-005   3.3231927883616744E-005   5.9550666859371255E-005   8.8512136074630536E-005   1.1336172350839470E-004   1.2700011198171478E-004   1.2596617935403339E-004   1.1250527276507705E-004   9.2501451023739299E-005   7.1682621492826992E-005   5.3479638172842297E-005   3.9065555646635792E-005   2.8283818369528953E-005   2.0465238506387767E-005   1.4877699803488551E-005   1.0901658921688613E-005   8.0662795067517063E-006   6.0320303013598244E-006   4.5602895249881011E-006   3.4851998305367374E-006   2.6917682205747598E-006   2.1000572532080799E-006   1.6541791632592760E-006   1.3147635517435045E-006   1.0538359265173191E-006   8.5133661471471406E-007   6.9274651255683904E-007   5.6745842394711669E-007   4.6765184291632442E-007   3.8750934445306094E-007   3.2266626997442372E-007   2.6982091643025971E-007   2.2645602584837183E-007   1.9063808723413186E-007   1.6087148700336222E-007   1.3599163675832024E-007   1.1508602127378723E-007   9.7435401546784977E-008   8.2469676899117889E-008   6.9734486778682997E-008   5.8865737569062302E-008   4.9570020202021738E-008   4.1609440490439912E-008   3.4789783593473412E-008   2.8951223061779351E-008   2.3960995192488406E-008   1.9707612570444713E-008   1.6096301864784677E-008   1.3045430643136649E-008   1.0483743799895404E-008   8.3482680118065730E-009   6.5827669944559298E-009   5.1366453343725567E-009   3.9642077957404823E-009   3.0241873961341806E-009   2.2794617244246661E-009   1.6968847603765230E-009   1.2471718067654477E-009   9.0478803946292248E-010   6.4780590324984239E-010   4.5771173031866447E-010   3.1915603231076203E-010   2.1965346830157687E-010   1.4924658143793755E-010   1.0015165062142782E-010   6.6405678972280829E-011   4.3531380423499483E-011   2.8233035660244330E-011   1.8131322623138188E-011   1.1540577743407500E-011   7.2880395508536494E-012   4.5717878390242380E-012   2.8523766959231658E-012   1.7724348395308786E-012   1.0985362271689565E-012   6.8016617439727799E-013   4.2138789605688357E-013   2.6167076019759681E-013   1.6315470081731147E-013   1.0232952884030574E-013   6.4678590693546373E-014   4.1275240043506916E-014   2.6644277859739282E-014   1.7430833222537472E-014   1.1578162799545401E-014   7.8228125211790048E-015   5.3859646325714953E-015   3.7852288897913617E-015   2.7200014161727890E-015   2.0016061857941728E-015   1.5106485017184353E-015   1.1708999257516667E-015   9.3323872502876856E-016   7.6572320881292286E-016   6.4742115756751344E-016   5.6455320394816214E-016   5.0807350906230979E-016   4.7215391233353366E-016   4.5324300543101525E-016
   4.6655702405999275E-006   2.4522870094948419E-005   5.9550666859371255E-005   1.0685168143817806E-004   1.5923706461334693E-004   2.0480587416662823E-004   2.3070783698578924E-004   2.3017628892606435E-004   2.0666333693539505E-004   1.7060693227348596E-004   1.3257400057290213E-004   9.9077296297159917E-005   7.2444722189000062E-005   5.2478563470131544E-005   3.7981969947030430E-005   2.7615282051817356E-005   2.0236020565855473E-005   1.4972939839301436E-005   1.1196704317024844E-005   8.4646396910742987E-006   6.4689253484102986E-006   4.9960963646194388E-006   3.8977487485903474E-006   3.0701238523047817E-006   2.4401288452393021E-006   1.9558290930571815E-006   1.5799849786884595E-006   1.2856435385477654E-006   1.0531144530816219E-006   8.6788084496626486E-007   7.1914438968456229E-007   5.9880360970059149E-007   5.0073018427310221E-007   4.2025190917979297E-007   3.5378012397375475E-007   2.9853896790054445E-007   2.5236699633347876E-007   2.1357062856537901E-007   1.8081501053974285E-007   1.5304208914486199E-007   1.2940862207046398E-007   1.0923889809293896E-007   9.1988391657418843E-008   7.7215608018741718E-008   6.4560116841491526E-008   5.3725308686101020E-008   4.4464799150264849E-008   3.6571689750016786E-008   2.9870100963098802E-008   2.4208540825436301E-008   1.9454776102352800E-008   1.5491943234239129E-008   1.2215681490511073E-008   9.5320986112479645E-009   7.3563961506442599E-009   5.6119936068076969E-009   4.2300018981510886E-009   3.1489111999190910E-009   2.3143773488786785E-009   1.6790149812736224E-009   1.2021328603647755E-009   8.4937498968131495E-010   5.9225720452153530E-010   4.0761038332116525E-010   2.7695643018518719E-010   1.8585107053975168E-010   1.2322876037581124E-010   8.0780996568230944E-011   5.2391913394748171E-011   3.3646205237016586E-011   2.1415789116834493E-011   1.3524374341630396E-011   8.4838399434927748E-012   5.2931380206840057E-012   3.2890960899907632E-012   2.0385464659617759E-012   1.2621797650632300E-012   7.8196658493929227E-013   4.8558056099490101E-013   3.0276498590373626E-013   1.8989214296986999E-013   1.2002356872984264E-013   7.6594143451859877E-014   4.9443576885224350E-014   3.2346258143013932E-014   2.1485503110914267E-014   1.4516729198136846E-014   9.9946900314825299E-015   7.0242176454534444E-015   5.0474837171878472E-015   3.7143636084454944E-015   2.8032975136377489E-015   2.1728289239188240E-015   1.7318030344856275E-015   1.4209459105251324E-015   1.2014137998481938E-015   1.0476364456337192E-015   9.4282755976088839E-016   8.7617187218749892E-016   8.4107906471890985E-016
   6.9268935585499720E-006   3.6415244531136032E-005   8.8512136074630536E-005   1.5923706461334693E-004   2.3859154146915946E-004   3.0956650373179553E-004   3.5276858771327539E-004   3.5641431187546978E-004   3.2370178898892505E-004   2.6963079832636409E-004   2.1081602360988768E-004   1.5815500715168532E-004   1.1589798180691354E-004   8.4056464614896696E-005   6.0873668388943711E-005   4.4271165331857983E-005   3.2444366367318634E-005   2.4006266730095215E-005   1.7951149217282266E-005   1.3570227291100487E-005   1.0370153348950958E-005   8.0086417252125455E-006   6.2476808148832906E-006   4.9208509729475319E-006   3.9109192563221212E-006   3.1345924148958070E-006   2.5321492992800885E-006   2.0603686777387190E-006   1.6876778855967992E-006   1.3908013081951941E-006   1.1524265926100525E-006   9.5956585915163904E-007   8.0239501731304280E-007   6.7342458223583081E-007   5.6690222117135226E-007   4.7837862222674839E-007   4.0438941226068436E-007   3.4222019371873002E-007   2.8973157736847060E-007   2.4522784678657433E-007   2.0735758614410913E-007   1.7503789242763111E-007   1.4739611716755249E-007   1.2372473842432439E-007   1.0344615303563777E-007   8.6085039519145834E-008   7.1246567797146949E-008   5.8599187849276689E-008   4.7861060165049221E-008   3.8789428076719845E-008   3.1172398258489816E-008   2.4822708103813665E-008   1.9573131298758961E-008   1.5273217488778735E-008   1.1787089147694700E-008   8.9920377651217864E-009   6.7776798721911243E-009   5.0454566053275467E-009   3.7082912539415225E-009   2.6902576378451201E-009   1.9261558907105221E-009   1.3609373116509043E-009   9.4896176629526672E-010   6.5310548728280475E-010   4.4376116964215481E-010   2.9778490568644670E-010   1.9744651712677406E-010   1.2943341319323806E-010   8.3946244128870120E-011   5.3910446194962331E-011   3.4313953319160702E-011   2.1669740291669823E-011   1.3593423544303602E-011   8.4810469893691212E-012   5.2700251738763219E-012   3.2663041974594209E-012   2.0223537316196973E-012   1.2529219076301011E-012   7.7803119073496176E-013   4.8511117344345128E-013   3.0425837726710524E-013   1.9231006309543554E-013   1.2272441465879088E-013   7.9221894330142153E-014   5.1827389069170121E-014   3.4425539564413708E-014   2.3259691679514133E-014   1.6014171018651338E-014   1.1254677384331958E-014   8.0874196625629989E-015   5.9514040294428367E-015   4.4916321363621202E-015   3.4814526723080371E-015   2.7748111746143358E-015   2.2767349001435653E-015   1.9249857457984287E-015   1.6785933063790759E-015   1.5106614511873482E-015   1.4038612227084015E-015   1.3476331650935617E-015
   8.8559342284015574E-006   4.6569686052030826E-005   1.1336172350839470E-004   2.0480587416662823E-004   3.0956650373179553E-004   4.0750394142394317E-004   4.7358987147954197E-004   4.8921679414038572E-004   4.5371860133918871E-004   3.8433269505209382E-004   3.0405076743478813E-004   2.2979209321027897E-004   1.6911756906478039E-004   1.2293990803967749E-004   8.9137695629086801E-005   6.4861269574066264E-005   4.7543149620745591E-005   3.5178838693390563E-005   2.6303949318441845E-005   1.9882562811245898E-005   1.5192267838384087E-005   1.1731392326387062E-005   9.1509532459222087E-006   7.2069081287999661E-006   5.7273467771022394E-006   4.5901396102560646E-006   3.7077310753134499E-006   3.0167645211006817E-006   2.4709649781078861E-006   2.0362226679006741E-006   1.6871698986540873E-006   1.4047777138831869E-006   1.1746539632327629E-006   9.8582764121345056E-007   8.2987308961668444E-007   7.0027369649329036E-007   5.9195574435520081E-007   5.0094410857105252E-007   4.2410589666639406E-007   3.5895803444289309E-007   3.0352169252908018E-007   2.5621127110321106E-007   2.1574906817686457E-007   1.8109918424362344E-007   1.5141595935911714E-007   1.2600349984903137E-007   1.0428376896248743E-007   8.5771383855436408E-008   7.0053746057080020E-008   5.6775480079806152E-008   4.5626398342549847E-008   3.6332375386358966E-008   2.8648620676928626E-008   2.2354904675230194E-008   1.7252332737375156E-008   1.3161289266912268E-008   9.9202015242292073E-009   7.3848064407174155E-009   5.4276488084411304E-009   3.9375954341507723E-009   2.8192138587366794E-009   1.9919302405744658E-009   1.3889422134622485E-009   9.5591283437761997E-010   6.4950693275191858E-010   4.3584968873934900E-010   2.8899021242931097E-010   1.8944348984808402E-010   1.2286670238181192E-010   7.8905183349883822E-011   5.0223047264689857E-011   3.1716534440183630E-011   1.9895763326732145E-011   1.2413120767918625E-011   7.7133665756513845E-012   4.7806582282369271E-012   2.9599746323789816E-012   1.8338114729195312E-012   1.1387477113031127E-012   7.1002170605789378E-013   4.4532055609692128E-013   2.8146997148456969E-013   1.7962256716537404E-013   1.1595114268531173E-013   7.5855841453946400E-014   5.0386054671324736E-014   3.4043441551889069E-014   2.3438719444003970E-014   1.6472609037915828E-014   1.1836934637852007E-014   8.7106114329173625E-015   6.5740549513915462E-015   5.0955327243446645E-015   4.0612758676232429E-015   3.3322799753421138E-015   2.8174518661121232E-015   2.4568262806760254E-015   2.2110374066576569E-015   2.0547221750195886E-015   1.9724255196908020E-015
   9.8987989644866865E-006   5.2072836224422137E-005   1.2700011198171478E-004   2.3070783698578924E-004   3.5276858771327539E-004   4.7358987147954197E-004   5.6597619958179937E-004   6.0445327789446050E-004   5.7958137206438486E-004   5.0492573088097123E-004   4.0765910814504294E-004   3.1214011893963411E-004   2.3148117291386391E-004   1.6897445434007553E-004   1.2277262883611423E-004   8.9421747396618997E-005   6.5569175782303124E-005   4.8519118149499997E-005   3.6275016176036429E-005   2.7414926662390985E-005   2.0943893434985156E-005   1.6169849196373347E-005   1.2611019169406417E-005   9.9304225815871610E-006   7.8906869917394467E-006   6.3232027197743127E-006   5.1071180592386695E-006   4.1550031093806492E-006   3.4030149310295686E-006   2.8041046157099842E-006   2.3232887088857207E-006   1.9343301144865222E-006   1.6173882903888945E-006   1.3573412459046650E-006   1.1425769516414284E-006   9.6411544900860823E-007   8.1496584395120085E-007   6.8965146976454398E-007   5.8385639292210328E-007   4.9416013644086762E-007   4.1783700970839869E-007   3.5270309603473755E-007   2.9699865385657844E-007   2.4929703818132481E-007   2.0843365456907529E-007   1.7345019795678468E-007   1.4355069378054598E-007   1.1806678026668266E-007   9.6430339305622838E-008   7.8152062501084942E-008   6.2804874810507184E-008   5.0011365403233936E-008   3.9434522038123592E-008   3.0771155475529337E-008   2.3747455445697805E-008   1.8116158195690501E-008   1.3654842827615281E-008   1.0164920429160702E-008   7.4709420158712659E-009   5.4199287062110109E-009   3.8805156879837437E-009   2.7417923869117973E-009   1.9118055144842577E-009   1.3157609172981996E-009   8.9400860281474080E-010   5.9992080004283646E-010   3.9777697201685735E-010   2.6075674993333884E-010   1.6911786612423183E-010   1.0860761458500490E-010   6.9128525374201833E-011   4.3655552183150091E-011   2.7385074209175932E-011   1.7085743573155182E-011   1.0616869767015094E-011   6.5802115538618486E-012   4.0741762606887259E-012   2.5240979165336046E-012   1.5673960191123836E-012   9.7728802553190787E-013   6.1294773275197342E-013   3.8742044507331751E-013   2.4723568137643221E-013   1.5959713178998777E-013   1.0440923028120279E-013   6.9352168729835963E-014   4.6857918622506465E-014   3.2261404697928409E-014   2.2673139106758530E-014   1.6292524867133776E-014   1.1989406281819635E-014   9.0486183505398879E-015   7.0135589564400053E-015   5.5899931322845658E-015   4.5865930056969086E-015   3.8779765093780413E-015   3.3816065482745825E-015   3.0432994307099287E-015   2.8281450543192135E-015   2.7148708418781292E-015
   9.7945093143706037E-006   5.1544291561497256E-005   1.2596617935403339E-004   2.3017628892606435E-004   3.5641431187546978E-004   4.8921679414038572E-004   6.0445327789446050E-004   6.7378117320809796E-004   6.7686124066192025E-004   6.1526979612323721E-004   5.1325594772035207E-004   4.0164108367418401E-004   3.0174031711775279E-004   2.2182994259321910E-004   1.6175774742545478E-004   1.1801236376402829E-004   8.6587912144248347E-005   6.4079076909641708E-005   4.7901384192080657E-005   3.6192485147123404E-005   2.7641742483392130E-005   2.1334980142424877E-005   1.6635027327381768E-005   1.3096028893051063E-005   1.0403925574903041E-005   8.3356870282992758E-006   6.7315076272537623E-006   5.4758181405028770E-006   4.4842582975579434E-006   3.6946804079473472E-006   3.0608889834443062E-006   2.5482481256817370E-006   2.1305729583871884E-006   1.7879106668413657E-006   1.5049428803492856E-006   1.2698256080620693E-006   1.0733398300899587E-006   9.0826442429364596E-007   7.6890946487417811E-007   6.5076607595491461E-007   5.5024162005635949E-007   4.6445781832850923E-007   3.9109562319033763E-007   3.2827509473031373E-007   2.7446171247533006E-007   2.2839285349665586E-007   1.8901983919662978E-007   1.5546217015229539E-007   1.2697145117606893E-007   1.0290314144992959E-007   8.2694707975432153E-008   6.5849060581938795E-008   5.1922340471263465E-008   4.0515253447960316E-008   3.1267211765602445E-008   2.3852599384240704E-008   1.7978524592646665E-008   1.3383485659064445E-008   9.8364569110500275E-009   7.1360046215335065E-009   5.1091581587981705E-009   3.6098815048020937E-009   2.5171012102789991E-009   1.7323380367052364E-009   1.1770533323982507E-009   7.8985474830606519E-010   5.2371124665805108E-010   3.4331030897722955E-010   2.2265880055016353E-010   1.4299136174518899E-010   9.1013544734315496E-011   5.7476125638759477E-011   3.6054645891512349E-011   2.2494718124938081E-011   1.3977920421968923E-011   8.6633402682349073E-012   5.3639511010007781E-012   3.3231558545610070E-012   2.0635870779726606E-012   1.2866671635406100E-012   8.0698728578426871E-013   5.1006488067555562E-013   3.2550202806132096E-013   2.1011996529300512E-013   1.3746142585435415E-013   9.1306507572026881E-014   6.1691372868901212E-014   4.2474129939049390E-014   2.9850572685651846E-014   2.1450095167717980E-014   1.5784773060510168E-014   1.1913045164089896E-014   9.2337654493062104E-015   7.3595548627977750E-015   6.0385182052362004E-015   5.1055821485359815E-015   4.4520814876104260E-015   4.0066800526606320E-015   3.7234165539306540E-015   3.5742843440475098E-015
   8.7290740200311329E-006   4.5953247766309326E-005   1.1250527276507705E-004   2.0666333693539505E-004   3.2370178898892505E-004   4.5371860133918871E-004   5.7958137206438486E-004   6.7686124066192025E-004   7.1939526201746519E-004   6.9269710712984258E-004   6.0677792551926265E-004   4.9163430197291631E-004   3.7737251352918012E-004   2.8076627591335369E-004   2.0598690164144975E-004   1.5070697872816236E-004   1.1069938417343780E-004   8.1942278686569938E-005   6.1243975002734578E-005   4.6257257561603787E-005   3.5314090066990047E-005   2.7245609235372682E-005   2.1235460125770580E-005   1.6711996390217695E-005   1.3272540288594936E-005   1.0631218595803378E-005   8.5832940775970541E-006   6.9807817843065922E-006   5.7157168590642403E-006   4.7086026068101841E-006   3.9003754987800553E-006   3.2467705568106519E-006   2.7143361960251560E-006   2.2775911909940686E-006   1.9169788682533256E-006   1.6173823686353877E-006   1.3670380264550626E-006   1.1567335240107547E-006   9.7921135149563907E-007   8.2872140918029493E-007   7.0068275667698202E-007   5.9142582356991176E-007   4.9799437424701277E-007   4.1799219657928416E-007   3.4946355660636912E-007   2.9079940448402654E-007   2.4066345535528757E-007   1.9793382532793201E-007   1.6165703143284930E-007   1.3101197325387990E-007   1.0528208066073233E-007   8.3834195619560927E-008   6.6103003790641336E-008   5.1579984173251812E-008   3.9805938247692497E-008   3.0366225267669020E-008   2.2887893217876341E-008   1.7037973742860827E-008   1.2522313568961547E-008   9.0844448640496271E-009   6.5041448427659959E-009   4.5954872898957016E-009   3.2043299637177807E-009   2.2052979463087297E-009   1.4984042279598009E-009   1.0054915493017614E-009   6.6668633136378342E-010   4.3703383534393080E-010   2.8344365981598692E-010   1.8202684429718069E-010   1.1585919536329423E-010   7.3166264612423968E-011   4.5896928689653126E-011   2.8635317679395092E-011   1.7793571872790150E-011   1.1028212554806685E-011   6.8281617940118248E-012   4.2302788164793286E-012   2.6268811271069155E-012   1.6378843082066240E-012   1.0272664958948813E-012   6.4929389815486740E-013   4.1435168041731908E-013   2.6747442897552368E-013   1.7498280369461019E-013   1.1622936600024509E-013   7.8530473299079451E-014   5.4067706056208744E-014   3.7998444802975178E-014   2.7304995418008339E-014   2.0093286838280256E-014   1.5164748529351443E-014   1.1754145756612329E-014   9.3683609152623669E-015   7.6867419844205615E-015   6.4991576672837114E-015   5.6672818700701657E-015   5.1003067816234040E-015   4.7397257201537736E-015   4.5498874757195562E-015
   7.1652250400038707E-006   3.7730499324167347E-005   9.2501451023739299E-005   1.7060693227348596E-004   2.6963079832636409E-004   3.8433269505209382E-004   5.0492573088097123E-004   6.1526979612323721E-004   6.9269710712984258E-004   7.1362479836894273E-004   6.6776092876559784E-004   5.7028922174658472E-004   4.5330068810838561E-004   3.4410030628990193E-004   2.5509308371141830E-004   1.8754993601062111E-004   1.3803533623762070E-004   1.0223080246528894E-004   7.6395073596288965E-005   5.7674010117327295E-005   4.4004996144960363E-005   3.3931337198526497E-005   2.6432132155464364E-005   2.0791597724421124E-005   1.6505444048467974E-005   1.3215800020452847E-005   1.0666529333137013E-005   8.6726318255289885E-006   7.0992384042469174E-006   5.8471133053300766E-006   4.8425764686406362E-006   4.0304420239554422E-006   3.3690280790590244E-006   2.8265995939058969E-006   2.3788107237649030E-006   2.0068499625636604E-006   1.6960835584424197E-006   1.4350550697098250E-006   1.2147414915810123E-006   1.0279956437774427E-006   8.6912478797006860E-007   7.3356961674397917E-007   6.1765774590424321E-007   5.1841294443174024E-007   4.3340642796090898E-007   3.6064021878751944E-007   2.9845524546426601E-007   2.4545879760431243E-007   2.0046735953793535E-007   1.6246185515622331E-007   1.3055304305226809E-007   1.0395527939342350E-007   8.1967175162855923E-008   6.3957864891216269E-008   4.9357720609830437E-008   3.7652426292743946E-008   2.8379406546435922E-008   2.1125701374042107E-008   1.5526508340291393E-008   1.1263774753379720E-008   8.0644059453816602E-009   5.6978447421658040E-009   3.9729524527940589E-009   2.7342657022911420E-009   1.8578041541600371E-009   1.2466571722005100E-009   8.2658592200458521E-010   5.4185053060255003E-010   3.5142229877421022E-010   2.2568165780011049E-010   1.4364473255672980E-010   9.0712798293936164E-011   5.6903619468550791E-011   3.5502337939890438E-011   2.2060576374929043E-011   1.3672807488871141E-011   8.4655524488106134E-012   5.2446860630707293E-012   3.2567918044658424E-012   2.0306353114837339E-012   1.2735940809085723E-012   8.0498628855081348E-013   5.1370710630488794E-013   3.3161036524650135E-013   2.1694048485901012E-013   1.4409886453436063E-013   9.7360412077301556E-014   6.7031922242140906E-014   4.7109569300764847E-014   3.3852055225205751E-014   2.4911138469993815E-014   1.8800850696426190E-014   1.4572467345439586E-014   1.1614630512760611E-014   9.5298022405517837E-015   8.0574661673341923E-015   7.0261286343864057E-015   6.3232081787670909E-015   5.8761695800279157E-015   5.6408133175255773E-015
   5.5463976691216617E-006   2.9211335773327154E-005   7.1682621492826992E-005   1.3257400057290213E-004   2.1081602360988768E-004   3.0405076743478813E-004   4.0765910814504294E-004   5.1325594772035207E-004   6.0677792551926265E-004   6.6776092876559784E-004   6.7455135984915092E-004   6.1924783056365135E-004   5.1974894543422722E-004   4.0806244784126353E-004   3.0801872765362211E-004   2.2842716856512739E-004   1.6873188596991175E-004   1.2510671626217849E-004   9.3485614925469286E-005   7.0537064446341919E-005   5.3779433316163747E-005   4.1436139801377798E-005   3.2254653767336416E-005   2.5354786416950313E-005   2.0116131432661746E-005   1.6098600384436605E-005   1.2987472779733333E-005   1.0555658602018567E-005   8.6377720632705361E-006   7.1122421691349063E-006   5.8888874556888406E-006   4.9002185299962614E-006   4.0952986722956245E-006   3.4353724379365351E-006   2.8907258770477094E-006   2.4384117828931772E-006   2.0605875374534115E-006   1.7432903466471425E-006   1.4755272704145474E-006   1.2485935764814389E-006   1.0555579514619690E-006   8.9087055763833816E-007   7.5006221320699226E-007   6.2951170176081681E-007   5.2626446722944662E-007   4.3789046058578891E-007   3.6237217671939312E-007   2.9801629884367074E-007   2.4338409110300097E-007   1.9723691419853546E-007   1.5849410346835482E-007   1.2620103412076170E-007   9.9505576915575106E-008   7.7641381163187653E-008   5.9916565076525473E-008   4.5706493725772234E-008   3.4449420968323090E-008   2.5643891428317575E-008   1.8846956228218022E-008   1.3672452295538052E-008   9.7888179869082959E-009   6.9161473410024623E-009   4.8223980859305251E-009   3.3188433614776669E-009   2.2549794157646540E-009   1.5131658925875243E-009   1.0032856027676649E-009   6.5767806042663328E-010   4.2654085002746666E-010   2.7392092851372971E-010   1.7434779313571199E-010   1.1010150626392274E-010   6.9065740579961928E-011   4.3090144405908140E-011   2.6775413433577399E-011   1.6594931962696744E-011   1.0274758755719120E-011   6.3655286406933217E-012   3.9527897844293279E-012   2.4645888861341801E-012   1.5457615327940248E-012   9.7700983515454250E-013   6.2348367780285626E-013   4.0247299354427534E-013   2.6329854035213209E-013   1.7489108206194908E-013   1.1816499219246682E-013   8.1355605097425605E-014   5.7176079591218124E-014   4.1085612689634459E-014   3.0234155424497581E-014   2.2818198519962409E-014   1.7686283440333576E-014   1.4096411580771860E-014   1.1566095941675137E-014   9.7791513247209461E-015   8.5274383910178135E-015   7.6743187845698782E-015   7.1317577054155279E-015   6.8461109533036100E-015
   4.1351019013605214E-006   2.1780841052446568E-005   5.3479638172842297E-005   9.9077296297159917E-005   1.5815500715168532E-004   2.2979209321027897E-004   3.1214011893963411E-004   4.0164108367418401E-004   4.9163430197291631E-004   5.7028922174658472E-004   6.1924783056365135E-004   6.1817502831740387E-004   5.6030381745436066E-004   4.6467196266203694E-004   3.6202406474888276E-004   2.7272723270429573E-004   2.0283722948166141E-004   1.5075654741958467E-004   1.1268946427471271E-004   8.4977605343735001E-005   6.4729460969688537E-005   4.9822847954522630E-005   3.8745518539886881E-005   3.0430290066600488E-005   2.4124096271292504E-005   1.9292921200341361E-005   1.5555255792820782E-005   1.2636167253688191E-005   1.0335693568870611E-005   8.5070379154946694E-006   7.0414379037362902E-006   5.8575884942169027E-006   4.8941868153498422E-006   4.1046317591679185E-006   3.4532223476619750E-006   2.9124071322775616E-006   2.4607767983642040E-006   2.0815866620493547E-006   1.7616600381729680E-006   1.4905675263006339E-006   1.2600077155538610E-006   1.0633360333033464E-006   8.9520338370551609E-007   7.5127680376644775E-007   6.2802193270016686E-007   5.2253254436309642E-007   4.3239634534598057E-007   3.5558911229753396E-007   2.9039132037306229E-007   2.3532290226464863E-007   1.8909281923087706E-007   1.5056083113779838E-007   1.1870930925159133E-007   9.2623217855425576E-008   7.1476564159126460E-008   5.4523737407885279E-008   4.1094274155934622E-008   3.0589730439736411E-008   2.2481530351624719E-008   1.6308894955180211E-008   1.1676221744185562E-008   8.2495589221357613E-009   5.7520727679690984E-009   3.9586149972142995E-009   2.6896429591027429E-009   1.8048223119383732E-009   1.1966541060217719E-009   7.8442933216668387E-010   5.0874219914104885E-010   3.2670760120218068E-010   2.0794456834143641E-010   1.3131722160787297E-010   8.2373701004820789E-011   5.1392708471229094E-011   3.1934311044010733E-011   1.9792233162284636E-011   1.2254315315088142E-011   7.5918936934293562E-012   4.7143053228321305E-012   2.9393881164309701E-012   1.8435440201440438E-012   1.1652218575482656E-012   7.4359000290333646E-013   4.8000311520591635E-013   3.1401811959644980E-013   2.0858013770861603E-013   1.4092668064209317E-013   9.7026653933711665E-014   6.8189452599383718E-014   4.8999531052844115E-014   3.6057813666384629E-014   2.7213372177270901E-014   2.1092939615605069E-014   1.6811585881364314E-014   1.3793883253215066E-014   1.1662740821534550E-014   1.0169926374602124E-014   9.1524817487516375E-015   8.5054146363233641E-015   8.1647477866564687E-015
   3.0193913820290538E-006   1.5905066142769217E-005   3.9065555646635792E-005   7.2444722189000062E-005   1.1589798180691354E-004   1.6911756906478039E-004   2.3148117291386391E-004   3.0174031711775279E-004   3.7737251352918012E-004   4.5330068810838561E-004   5.1974894543422722E-004   5.6030381745436066E-004   5.5561797720506438E-004   4.9932850223141970E-004   4.1066041651891097E-004   3.1850149660953453E-004   2.4004925722624564E-004   1.7932719252187375E-004   1.3421634108708570E-004   1.0116971900675053E-004   7.6981350650015385E-005   5.9178739031317332E-005   4.5964037666094455E-005   3.6058278640668677E-005   2.8556623831115043E-005   2.2817403030182018E-005   1.8382700700078148E-005   1.4923039539154800E-005   1.2199195192133413E-005   1.0035842160587251E-005   8.3032856621118817E-006   6.9047124215475824E-006   5.7672214041780918E-006   4.8354591754181458E-006   4.0670634068488981E-006   3.4293718270830775E-006   2.8970242439766755E-006   2.4502001370893974E-006   2.0733122986950727E-006   1.7540303372830415E-006   1.4825446360286514E-006   1.2510069376513423E-006   1.0531016738470981E-006   8.8371486145193763E-007   7.3867645770098070E-007   6.1455859326475841E-007   5.0851682485448707E-007   4.1816497559325010E-007   3.4147660922366322E-007   2.7670795667309033E-007   2.2233835466810174E-007   1.7702509688289798E-007   1.3957014293174949E-007   1.0889646805749407E-007   8.4032044195588757E-008   6.4099588774972982E-008   4.8310356139862532E-008   3.5960417024788938E-008   2.6428094509804865E-008   1.9171501260659220E-008   1.3725436388428455E-008   9.6972227992636097E-009   6.7613647019579445E-009   4.6531503371073912E-009   3.1614966203909840E-009   2.1214227274720093E-009   1.4065541350743120E-009   9.2201298228851463E-010   5.9796626943247581E-010   3.8400260333108680E-010   2.4440989727436937E-010   1.5434388343690215E-010   9.6817325492472313E-011   6.0403623391990963E-011   3.7533254337405669E-011   2.3262203187223175E-011   1.4402658074300726E-011   8.9228057268889138E-012   5.5407289009311042E-012   3.4546507770201193E-012   2.1667005405568176E-012   1.3694692798993774E-012   8.7392795260240959E-013   5.6413712096258940E-013   3.6905744933781853E-013   2.4513818647689236E-013   1.6562660322063620E-013   1.1403203573393459E-013   8.0140504313566048E-014   5.7587194907566370E-014   4.2377234470557503E-014   3.1982682500867078E-014   2.4789571543316209E-014   1.9757867091775937E-014   1.6211285875596623E-014   1.3706644879232032E-014   1.1952205118680133E-014   1.0756447606966999E-014   9.9959787271921472E-015   9.5956084245261668E-015
   2.1855974539019129E-006   1.1513336574016755E-005   2.8283818369528953E-005   5.2478563470131544E-005   8.4056464614896696E-005   1.2293990803967749E-004   1.6897445434007553E-004   2.2182994259321910E-004   2.8076627591335369E-004   3.4410030628990193E-004   4.0806244784126353E-004   4.6467196266203694E-004   4.9932850223141970E-004   4.9355687671862720E-004   4.4102519638177645E-004   3.6058811860090683E-004   2.7901738258624491E-004   2.1072612700549401E-004   1.5826901873835613E-004   1.1932922204111754E-004   9.0702633537043884E-005   6.9622351022416895E-005   5.3991397886745997E-005   4.2293834339202629E-005   3.3451111116093664E-005   2.6697570194541521E-005   2.1487354385655762E-005   1.7428432039434854E-005   1.4236762779623999E-005   1.1704619263485997E-005   9.6786477543801155E-006   8.0445861712551771E-006   6.7165381068635551E-006   5.6293801114694581E-006   4.7333388680809959E-006   3.9900831256518391E-006   3.3698819846723070E-006   2.8495202767108998E-006   2.4107559990771173E-006   2.0391690330210404E-006   1.7232945687365547E-006   1.4539653153745004E-006   1.2238080280712790E-006   1.0268550342154119E-006   8.5824223426972122E-007   7.1397280256740903E-007   5.9073141217497947E-007   4.8573786313203590E-007   3.9663192232054888E-007   3.2138327653500883E-007   2.5822196573563565E-007   2.0558565649053268E-007   1.6208076004227270E-007   1.2645479961787182E-007   9.7577678913833445E-008   7.4429677096661870E-008   5.6094159625467929E-008   4.1753194474287230E-008   3.0684523859929993E-008   2.2258663624995098E-008   1.5935267228943211E-008   1.1258266301727202E-008   7.8496469532811491E-009   5.4020061466058286E-009   3.6702318261750483E-009   2.4627554534629380E-009   1.6328424859984588E-009   1.0703334006099618E-009   6.9415000434500442E-010   4.4576481382642124E-010   2.8371723522526570E-010   1.7916450995874249E-010   1.1238583364443667E-010   7.0116088896830955E-011   4.3567974661486421E-011   2.7002171504483313E-011   1.6718119202497696E-011   1.0357223174411279E-011   6.4314089425582710E-012   4.0099678231367087E-012   2.5149729230700663E-012   1.5895879708531293E-012   1.0143922219184824E-012   6.5480669726670710E-013   4.2837163517572962E-013   2.8453528354341047E-013   1.9224445043183974E-013   1.3235771887828443E-013   9.3019342244363457E-014   6.6841475404339393E-014   4.9187158404357355E-014   3.7122151061001485E-014   2.8773089365450826E-014   2.2932788216466180E-014   1.8816276622497449E-014   1.5909147378230933E-014   1.3872776668860243E-014   1.2484867241597764E-014   1.1602195583396478E-014   1.1137488364006361E-014
