# Version 0.32
# Potential name = chengdu_MMWLY_1600  
# L = 1
# S = 1
# J = 0
# Order = 0                   
# K_MAX = 3200 MeV
# For uncoupled channels, e.g., 3P0 (LSJ = 110)
# storage = D(1:N，1:N) (row, column)
# D(i,j)  = <pout(j),L|V|L,pin(i)>
# Normalization
# If V were so weak as to validate the Born approximation, the relation of V
# in 1S0 and the respective scattering length 'a' would have been
# <p|V|p> = 2/pi * a + ... for p->0, in unit of MeV^(-1)
# Momenta are in unit of MeV
# The value of pin and pout, where pin(1:N) = pout(1:N)
  0.45803716249383797        2.4128789766466525        5.9277844269997786        11.000100740090602        17.624967611213151        25.795934870308656        35.505026420930790        46.742758778069856        59.498153190695120        73.758747319213171        89.510607781990302        106.73834393107268        125.42512296746554        145.55268642795249        167.10136804683680        190.05011298397062        214.37649840453673        240.05675539265394        267.06579217855870        295.37721865731805        324.96337217549672        355.79534456080728        387.84301036846864        421.07505631676690        455.45901188310972        490.96128103071692        527.54717503497454        565.18094637739318        603.82582367406758        643.44404760451403        683.99690780579010        725.44478069584932        767.74716818917921        810.86273726689444        854.74936036262704        899.36415652474966        944.66353331471748        990.60322940059211        1037.1383578041252        1084.2234497591535        1131.8124991384448        1179.8590074055944        1228.3160290480416        1277.1362174468225        1326.2718711382347        1375.6749804222177        1425.2972742719021        1475.0902674985014        1525.0053081254534        1574.9936249255311        1625.0063750744689        1674.9946918745466        1724.9097325014986        1774.7027257280979        1824.3250195777823        1873.7281288617653        1922.8637825531775        1971.6839709519584        2020.1409925944056        2068.1875008615552        2115.7765502408465        2162.8616421958750        2209.3967705994078        2255.3364666852826        2300.6358434752501        2345.2506396373728        2389.1372627331057        2432.2528318108207        2474.5552193041508        2516.0030921942098        2556.5559523954862        2596.1741763259324        2634.8190536226066        2672.4528249650257        2709.0387189692829        2744.5409881168903        2778.9249436832333        2812.1569896315314        2844.2046554391927        2875.0366278245033        2904.6227813426822        2932.9342078214413        2959.9432446073461        2985.6235015954635        3009.9498870160296        3032.8986319531632        3054.4473135720473        3074.5748770325345        3093.2616560689276        3110.4893922180099        3126.2412526807866        3140.5018468093049        3153.2572412219301        3164.4949735790692        3174.2040651296911        3182.3750323887871        3188.9998992599094        3194.0722155730000        3197.5871210233536        3199.5419628375062     
# Matrix elements start here 
  -5.1003337788444600E-008  -2.6857314579232330E-007  -6.5845787372395344E-007  -1.2145922056364889E-006  -1.9207184638613345E-006  -2.7440878316707998E-006  -3.6309939611445373E-006  -4.5081799662138240E-006  -5.2931641533361047E-006  -5.9121479690365321E-006  -6.3183524732954080E-006  -6.5016344877678481E-006  -6.4850987949633971E-006  -6.3122687227079107E-006  -6.0324296025651646E-006  -5.6899879705316918E-006  -5.3194883378940687E-006  -4.9449763963905063E-006  -4.5816200557674829E-006  -4.2379935061778895E-006  -3.9181832624644770E-006  -3.6234223992399563E-006  -3.3532418092429488E-006  -3.1062317728490917E-006  -2.8805228672190032E-006  -2.6740776894503609E-006  -2.4848604973499465E-006  -2.3109306048512887E-006  -2.1504895295811692E-006  -2.0019009776019926E-006  -1.8636955540663841E-006  -1.7345674632161521E-006  -1.6133675313449556E-006  -1.4990950423863588E-006  -1.3908897140914085E-006  -1.2880244044060062E-006  -1.1898986607839921E-006  -1.0960329116579638E-006  -1.0060628925394324E-006  -9.1973376998410581E-007  -8.3689336312340258E-007  -7.5748386373088743E-007  -6.8153152615559801E-007  -6.0913394264940969E-007  -5.4044473813676037E-007  -4.7565580342387549E-007  -4.1497751776515072E-007  -3.5861775818382720E-007  -3.0676080999536281E-007  -2.5954752955422319E-007  -2.1705821610475691E-007  -1.7929958545263125E-007  -1.4619698605371867E-007  -1.1759256983736925E-007  -9.3249570278539009E-008  -7.2862222592620215E-008  -5.6070276850518111E-008  -4.2476596285575696E-008  -3.1666073613554933E-008  -2.3224076618554761E-008  -1.6752845894625063E-008  -1.1884665672936744E-008  -8.2911354873411768E-009  -5.6883957202981137E-009  -3.8386206456031656E-009  -2.5484286210467951E-009  -1.6650428653426010E-009  -1.0710721852698009E-009  -6.7869832544233403E-010  -4.2389795131416409E-010  -2.6113700942035433E-010  -1.5879033244548348E-010  -9.5384585407775991E-011  -5.6649638037232657E-011  -3.3293034527798037E-011  -1.9378148046960251E-011  -1.1179288597268530E-011  -6.3966134706490196E-012  -3.6318476154434959E-012  -2.0465437696526066E-012  -1.1441847621821142E-012  -6.3400102410048845E-013  -3.4738137952388719E-013  -1.8738893330035866E-013  -9.8705953620765608E-014  -4.9965650503042893E-014  -2.3479232887744687E-014  -9.3188905699371256E-015  -1.9367466922255781E-015   1.7543578085427798E-015   3.4644053139776977E-015   4.1352798144772697E-015   4.2819476405018336E-015   4.1830317653498505E-015   3.9870029018563828E-015   3.7712129293835907E-015   3.5746257859589427E-015   3.4158987901248621E-015   3.3033078194764835E-015   3.2401041487566944E-015
  -2.6857314579232330E-007  -1.4142516128513117E-006  -3.4673098954350872E-006  -6.3958283315567795E-006  -1.0114247310568864E-005  -1.4450211638958975E-005  -1.9121042465853911E-005  -2.3741099154353882E-005  -2.7876075429686804E-005  -3.1137240793050840E-005  -3.3278015808962296E-005  -3.4244708053405017E-005  -3.4158783515420235E-005  -3.3249359995168217E-005  -3.1776007803028096E-005  -2.9972663604240200E-005  -2.8021342111745693E-005  -2.6048756605408556E-005  -2.4134846990606960E-005  -2.2324809099724118E-005  -2.0640189990810037E-005  -1.9087498863172799E-005  -1.7664273607668161E-005  -1.6363094092966910E-005  -1.5174116539962638E-005  -1.4086610957087292E-005  -1.3089855229798631E-005  -1.2173627405196656E-005  -1.1328454248605992E-005  -1.0545716645130242E-005  -9.8176744974507589E-006  -9.1374493973670273E-006  -8.4989879093759941E-006  -7.8970185875540939E-006  -7.3270097251546571E-006  -6.7851309454635366E-006  -6.2682192294875206E-006  -5.7737483238893282E-006  -5.2997993831769414E-006  -4.8450300190063781E-006  -4.4086385946981293E-006  -3.9903206095859633E-006  -3.5902143884225657E-006  -3.2088340506203675E-006  -2.8469888851901625E-006  -2.5056897583178732E-006  -2.1860449289880583E-006  -1.8891494732892518E-006  -1.6159741881687887E-006  -1.3672610916621911E-006  -1.1434331942744889E-006  -9.4452587815248370E-007  -7.7014589258160032E-007  -6.1946171820673110E-007  -4.9122610339584834E-007  -3.8382832254622801E-007  -2.9537062926851933E-007  -2.2376096194513496E-007  -1.6681259240252430E-007  -1.2234129481767153E-007  -8.8251726855021487E-008  -6.2606811849071294E-008  -4.3676580725003246E-008  -2.9965699500873933E-008  -2.0221334460237354E-008  -1.3424777281525308E-008  -8.7712205434434186E-009  -5.6422633099287528E-009  -3.5752908799709595E-009  -2.2330369782427770E-009  -1.3756343632999400E-009  -8.3648592680820050E-010  -5.0247304182057461E-010  -2.9842259084669334E-010  -1.7538317306592263E-010  -1.0208144129861021E-010  -5.8890964825537319E-011  -3.3696483683211161E-011  -1.9132074382352152E-011  -1.0780910466231197E-011  -6.0274068904427777E-012  -3.3398290922302762E-012  -1.8299563500897175E-012  -9.8713831839633728E-013  -5.1996874373431198E-013  -2.6321167187726495E-013  -1.2368498044338458E-013  -4.9090333010946896E-014  -1.0202281623333107E-014   9.2418986078862859E-015   1.8250155790404979E-014   2.1784202111004743E-014   2.2556806950916956E-014   2.2035716000426327E-014   2.1003051217334611E-014   1.9866290693987564E-014   1.8830690398648545E-014   1.7994534028926544E-014   1.7401417434814651E-014   1.7068467673393052E-014
  -6.5845787372395344E-007  -3.4673098954350872E-006  -8.5008350517534851E-006  -1.5681019530473817E-005  -2.4798736273663269E-005  -3.5432616921840316E-005  -4.6891254743656435E-005  -5.8230653706923407E-005  -6.8386361471530638E-005  -7.6403773445057736E-005  -8.1675145172462234E-005  -8.4065247711285554E-005  -8.3869323033828344E-005  -8.1648229704617511E-005  -7.8038909627985064E-005  -7.3616193133991054E-005  -6.8827737230785802E-005  -6.3985402839866816E-005  -5.9286059812472406E-005  -5.4841102988834900E-005  -5.0703722220632717E-005  -4.6890082428874592E-005  -4.3394251496774556E-005  -4.0198078283625625E-005  -3.7277431837574674E-005  -3.4605987136651410E-005  -3.2157427326392232E-005  -2.9906656850397853E-005  -2.7830414517690351E-005  -2.5907534044598096E-005  -2.4119006283263332E-005  -2.2447937362705902E-005  -2.0879458970421406E-005  -1.9400623087178608E-005  -1.8000298420756948E-005  -1.6669076208090039E-005  -1.5399186870626106E-005  -1.4184424941527833E-005  -1.3020077002355730E-005  -1.1902845690379208E-005  -1.0830762013153792E-005  -9.8030782216861940E-006  -8.8201344029966754E-006  -7.8831938182528482E-006  -6.9942448401199398E-006  -6.1557710303575289E-006  -5.3704951939957663E-006  -4.6411077303204133E-006  -3.9699937038771897E-006  -3.3589761202878372E-006  -2.8090942616595530E-006  -2.3204351058275466E-006  -1.8920325908757070E-006  -1.5218439436414600E-006  -1.2068050460786507E-006  -9.4295882007242071E-007  -7.2564305229663219E-007  -5.4971814660991600E-007  -4.0981193373665890E-007  -3.0055838883368928E-007  -2.1680984647574089E-007  -1.5380745389406411E-007  -1.0730116244710129E-007  -7.3617355427444530E-008  -4.9678170926088833E-008  -3.2980927359603221E-008  -2.1548437707211762E-008  -1.3861463523703974E-008  -8.7834896030826446E-009  -5.4859468168050541E-009  -3.3795482787391292E-009  -2.0550113778549063E-009  -1.2344352147156327E-009  -7.3314042280340652E-010  -4.3086707912532309E-010  -2.5078530638023584E-010  -1.4467845054965881E-010  -8.2782707015534493E-011  -4.7002064110327846E-011  -2.6485617159414842E-011  -1.4807607689961592E-011  -8.2049943300169876E-012  -4.4956687936188554E-012  -2.4251072077759674E-012  -1.2774067870887802E-012  -6.4662963060274090E-013  -3.0385376275203272E-013  -1.2059710093481674E-013  -2.5061101557142588E-014   2.2707059689592812E-014   4.4837294842662667E-014   5.3519076820658687E-014   5.5416876058505421E-014   5.4136502258188541E-014   5.1599389081817881E-014   4.8806581637241208E-014   4.6262326412805277E-014   4.4208072152532392E-014   4.2750917149653023E-014   4.1932934979605395E-014
  -1.2145922056364889E-006  -6.3958283315567795E-006  -1.5681019530473817E-005  -2.8927563150694730E-005  -4.5753121420085318E-005  -6.5386831888545206E-005  -8.6562104190886525E-005  -1.0754561532798599E-004  -1.2637576643335932E-004  -1.4128344183309420E-004  -1.5113039752532033E-004  -1.5564780125066610E-004  -1.5536635911027490E-004  -1.5131581980854997E-004  -1.4467399912357706E-004  -1.3650816042154701E-004  -1.2765168599421161E-004  -1.1868632856253037E-004  -1.0998001750707519E-004  -1.0174142767542223E-004  -9.4070646525654491E-005  -8.6998614812976933E-005  -8.0514958431369095E-005  -7.4586419202881020E-005  -6.9168503265830457E-005  -6.4212553424792146E-005  -5.9669866826666755E-005  -5.5493966387177291E-005  -5.1641751674047132E-005  -4.8073991085727455E-005  -4.4755443099191562E-005  -4.1654782466124864E-005  -3.8744436354196612E-005  -3.6000390816196680E-005  -3.3401999861756034E-005  -3.0931811541563943E-005  -2.8575413916748614E-005  -2.6321296201597328E-005  -2.4160715367284045E-005  -2.2087555366400163E-005  -2.0098164596924960E-005  -1.8191157243906687E-005  -1.6367165819754027E-005  -1.4628535681956485E-005  -1.2978957551500863E-005  -1.1423040896123943E-005  -9.9658390120189829E-006  -8.6123449574344077E-006  -7.3669851048179078E-006  -6.2331427590297201E-006  -5.2127468311140888E-006  -4.3059590156823249E-006  -3.5109868650950198E-006  -2.8240398679723899E-006  -2.2394321953746640E-006  -1.7498209449514320E-006  -1.3465546861839310E-006  -1.0200960980042837E-006  -7.6047625909302394E-007  -5.5773763308994559E-007  -4.0232787348283683E-007  -2.8541613206048580E-007  -1.9911572645828313E-007  -1.3660963745310724E-007  -9.2186367652803154E-008  -6.1201763368182638E-008  -3.9986815088841477E-008  -2.5722314922886671E-008  -1.6299263441128370E-008  -1.0180108014375367E-008  -6.2713253670385267E-009  -3.8134211550185728E-009  -2.2907024421479019E-009  -1.3604649155510745E-009  -7.9954564117567120E-010  -4.6537361381077535E-010  -2.6847458598261990E-010  -1.5361674155200454E-010  -8.7219854150595846E-011  -4.9148232249569277E-011  -2.7477797491280537E-011  -1.5225595433094455E-011  -8.3423604191852000E-012  -4.5001158239630601E-012  -2.3703866032363870E-012  -1.1998890887811339E-012  -5.6382185914977128E-013  -2.2376612651741654E-013  -4.6488569438031626E-014   4.2149323536642969E-014   8.3212853831569699E-014   9.9321309164599738E-014   1.0284150620603609E-013   1.0046447209619692E-013   9.5755639510208321E-014   9.0572539159322832E-014   8.5850832020729128E-014   8.2038530422993348E-014   7.9334348979173006E-014   7.7816347097698364E-014
  -1.9207184638613345E-006  -1.0114247310568864E-005  -2.4798736273663269E-005  -4.5753121420085318E-005  -7.2384467779548309E-005  -1.0349566967663645E-004  -1.3711404290490389E-004  -1.7052643897519869E-004  -2.0063825637912838E-004  -2.2462443356789172E-004  -2.4062605798715988E-004  -2.4815045056208465E-004  -2.4798754621860862E-004  -2.4174789524456669E-004  -2.3130344844605731E-004  -2.1836580307739756E-004  -2.0427947562778927E-004  -1.8998722739668112E-004  -1.7608774251905415E-004  -1.6292230192876863E-004  -1.5065616831482593E-004  -1.3934225849722786E-004  -1.2896619625085134E-004  -1.1947619761132447E-004  -1.1080198364999366E-004  -1.0286627938544551E-004  -9.5591521240219471E-005  -8.8903568153173419E-005  -8.2733592438684206E-005  -7.7018899187055611E-005  -7.1703140978627306E-005  -6.6736213350166235E-005  -6.2074001567297279E-005  -5.7678076942070912E-005  -5.3515395372122288E-005  -4.9558021819477122E-005  -4.5782885747536003E-005  -4.2171560244288691E-005  -3.8710049457605844E-005  -3.5388563897370314E-005  -3.2201260650200281E-005  -2.9145925557257023E-005  -2.6223577083366942E-005  -2.3437977133560682E-005  -2.0795042467296173E-005  -1.8302161315280424E-005  -1.5967432568524028E-005  -1.3798858236636712E-005  -1.1803532068408363E-005  -9.9868763283694120E-006  -8.3519827947877939E-006  -6.8991115740140129E-006  -5.6253916241930452E-006  -4.5247504007638093E-006  -3.5880784949739597E-006  -2.8036113701701991E-006  -2.1574878253940663E-006  -1.6344271718820586E-006  -1.2184571242767081E-006  -8.9362357806130865E-007  -6.4462158799756118E-007  -4.5730217825457253E-007  -3.1902911676564445E-007  -2.1887999881500277E-007  -1.4770370725612670E-007  -9.8059247118864730E-008  -6.4068024119659441E-008  -4.1213019270137934E-008  -2.6115129892882534E-008  -1.6310842272266938E-008  -1.0048079952607932E-008  -6.1099578804026681E-009  -3.6702171560970636E-009  -2.1797666129143114E-009  -1.2810479753815015E-009  -7.4562982848344531E-010  -4.3015399157457076E-010  -2.4612652782971352E-010  -1.3974430859973588E-010  -7.8745419994912663E-011  -4.4024819531679376E-011  -2.4394263049368819E-011  -1.3365935543057579E-011  -7.2099113981165234E-012  -3.7976878838233996E-012  -1.9223450028814915E-012  -9.0326253667157032E-013  -3.5844510943411439E-013  -7.4426596843865487E-014   6.7577045859844625E-014   1.3335991780361158E-013   1.5916199644697598E-013   1.6479686920911056E-013   1.6098449027514264E-013   1.5343708634593293E-013   1.4513056390663975E-013   1.3756387227111489E-013   1.3145469820088065E-013   1.2712134088878725E-013   1.2468881517262992E-013
  -2.7440878316707998E-006  -1.4450211638958975E-005  -3.5432616921840316E-005  -6.5386831888545206E-005  -1.0349566967663645E-004  -1.4810527773279276E-004  -1.9647612237049062E-004  -2.4480650922802170E-004  -2.8869903128321924E-004  -3.2405132171019310E-004  -3.4805614179284343E-004  -3.5983017405576085E-004  -3.6036638327430291E-004  -3.5191247825163070E-004  -3.3716379388951063E-004  -3.1862751741471864E-004  -2.9829549804558298E-004  -2.7757615043026593E-004  -2.5737061010081658E-004  -2.3819730240666646E-004  -2.2031151480285971E-004  -2.0379985868820884E-004  -1.8864745352533861E-004  -1.7478263498665856E-004  -1.6210531801930179E-004  -1.5050428531736726E-004  -1.3986730597175960E-004  -1.3008676390109983E-004  -1.2106255391593248E-004  -1.1270336553546165E-004  -1.0492705333989134E-004  -9.7660521609970857E-005  -9.0839379253884742E-005  -8.4407512896732633E-005  -7.8316657876454539E-005  -7.2526003588223512E-005  -6.7001841663193233E-005  -6.1717247099922005E-005  -5.6651770361035769E-005  -5.1791110862541125E-005  -4.7126738502256109E-005  -4.2655429807367679E-005  -3.8378689150258436E-005  -3.4302033537787969E-005  -3.0434131740882411E-005  -2.6785804547536823E-005  -2.3368911592796926E-005  -2.0195169716624308E-005  -1.7274965644597667E-005  -1.4616239101752419E-005  -1.2223518426287835E-005  -1.0097187131914660E-005  -8.2330456665541671E-006  -6.6222084932191241E-006  -5.2513450906314655E-006  -4.1032386861117744E-006  -3.1576036381362134E-006  -2.3920765618867422E-006  -1.7832816783230251E-006  -1.3078696515040140E-006  -9.4344109672381204E-007  -6.6928835774523166E-007  -4.6691769373403012E-007  -3.2034359898966985E-007  -2.1617291674671259E-007  -1.4351533302711799E-007  -9.3767186726924425E-008  -6.0317555908899266E-008  -3.8220923429317095E-008  -2.3871789825868723E-008  -1.4705886249975208E-008  -8.9422286021174451E-009  -5.3715377710824126E-009  -3.1901864088678963E-009  -1.8748671259995316E-009  -1.0912574444095005E-009  -6.2954461768374889E-010  -3.6021293140812916E-010  -2.0451866071170667E-010  -1.1524485572084254E-010  -6.4430363432931793E-011  -3.5700680234795755E-011  -1.9560616169273001E-011  -1.0551283194645320E-011  -5.5575465735740516E-012  -2.8130453312980439E-012  -1.3216773442981234E-012  -5.2438730182713010E-013  -1.0876673849122358E-013   9.9023840948196804E-014   1.9527261051945913E-013   2.3301528564143973E-013   2.4124776108533690E-013   2.3565764995047063E-013   2.2460399183685297E-013   2.1244142082401409E-013   2.0136320413470197E-013   1.9241935705579987E-013   1.8607549008310468E-013   1.8251442113392051E-013
  -3.6309939611445373E-006  -1.9121042465853911E-005  -4.6891254743656435E-005  -8.6562104190886525E-005  -1.3711404290490389E-004  -1.9647612237049062E-004  -2.6119035109761741E-004  -3.2639096740283370E-004  -3.8632566783324348E-004  -4.3544494005786646E-004  -4.6972175435438564E-004  -4.8759522125341680E-004  -4.9006529803010226E-004  -4.7996727685025928E-004  -4.6089758904460025E-004  -4.3630312942166167E-004  -4.0897580784050533E-004  -3.8091783231154503E-004  -3.5342615723910992E-004  -3.2725781119546037E-004  -3.0279511973308653E-004  -2.8017849311987286E-004  -2.5940171902045372E-004  -2.4037572127133452E-004  -2.2296917434761230E-004  -2.0703336104032366E-004  -1.9241679877046448E-004  -1.7897344291036468E-004  -1.6656697105366921E-004  -1.5507274600630469E-004  -1.4437845552134549E-004  -1.3438404069705814E-004  -1.2500128019098857E-004  -1.1615324327629009E-004  -1.0777372763536091E-004  -9.9806736054934992E-005  -9.2206006345756770E-005  -8.4934582649878618E-005  -7.7964399063142897E-005  -7.1275835682459780E-005  -6.4857201731554698E-005  -5.8704100157507531E-005  -5.2818633299943325E-005  -4.7208420243045460E-005  -4.1885413281529296E-005  -3.6864522936985277E-005  -3.2162086630782532E-005  -2.7794242935630609E-005  -2.3775297873900223E-005  -2.0116188047768036E-005  -1.6823153577531712E-005  -1.3896728840015644E-005  -1.1331139449796573E-005  -9.1141607231167794E-006  -7.2274494681963337E-006  -5.6473130673536051E-006  -4.3458345393211415E-006  -3.2922367254853797E-006  -2.4543486298879917E-006  -1.8000352680534746E-006  -1.2984687816684575E-006  -9.2114942713779045E-007  -6.4262432970385468E-007  -4.4089261040506435E-007  -2.9752119313336340E-007  -1.9752164621151416E-007  -1.2905265865862771E-007  -8.3015537027304393E-008  -5.2603699504636692E-008  -3.2854846208286509E-008  -2.0239736957096008E-008  -1.2307177827653855E-008  -7.3928212029495719E-009  -4.3906242577450042E-009  -2.5803527943251892E-009  -1.5018753097329147E-009  -8.6642474018915347E-010  -4.9574781050063332E-010  -2.8146926726581975E-010  -1.5860441988536238E-010  -8.8670441000713241E-011  -4.9131239142638573E-011  -2.6918715214665373E-011  -1.4519911168509589E-011  -7.6475526504417936E-012  -3.8706610394445168E-012  -1.8183474385549101E-012  -7.2121707565046523E-013  -1.4932537288172282E-013   1.3656683953565744E-013   2.6896982243292748E-013   3.2086893866744247E-013   3.3216593599608292E-013   3.2444801864802996E-013   3.0921720634580388E-013   2.9246503601421219E-013   2.7720889786884908E-013   2.6489310656778162E-013   2.5615793567251166E-013   2.5125465656452919E-013
  -4.5081799662138240E-006  -2.3741099154353882E-005  -5.8230653706923407E-005  -1.0754561532798599E-004  -1.7052643897519869E-004  -2.4480650922802170E-004  -3.2639096740283370E-004  -4.0955046129219016E-004  -4.8730470916500269E-004  -5.5260172855600860E-004  -5.9991225543691237E-004  -6.2656969076246318E-004  -6.3317925334422547E-004  -6.2293330563148821E-004  -6.0030287490112544E-004  -5.6978977335848382E-004  -5.3515576177746581E-004  -4.9915914767095727E-004  -4.6362028020340072E-004  -4.2962389308445948E-004  -3.9773655653376616E-004  -3.6818660464182207E-004  -3.4099517570729791E-004  -3.1606465476888832E-004  -2.9323536632328673E-004  -2.7232048134125987E-004  -2.5312671162408280E-004  -2.3546604922966802E-004  -2.1916202051778575E-004  -2.0405267364353584E-004  -1.8999168806884697E-004  -1.7684845945495841E-004  -1.6450767379797004E-004  -1.5286867081536936E-004  -1.4184476179534156E-004  -1.3136258145856971E-004  -1.2136149812410016E-004  -1.1179307022059685E-004  -1.0262051331426484E-004  -9.3818126805777117E-005  -8.5370621748096805E-005  -7.7272290544140425E-005  -6.9525965903816507E-005  -6.2141730768559570E-005  -5.5135362942199162E-005  -4.8526527056732658E-005  -4.2336760239007295E-005  -3.6587333107032904E-005  -3.1297100010652356E-005  -2.6480476525200712E-005  -2.2145692976323106E-005  -1.8293466202344398E-005  -1.4916206017461489E-005  -1.1997829123070270E-005  -9.5141960804844508E-006  -7.4341239241976268E-006  -5.7208673855541437E-006  -4.3339148999100590E-006  -3.2309190879142918E-006  -2.3695791938930264E-006  -1.7093145545647888E-006  -1.2126087837949013E-006  -8.4595607351941313E-007  -5.8039461106814774E-007  -3.9165911083806075E-007  -2.6001874874431382E-007  -1.6988554240403490E-007  -1.0928188786704061E-007  -6.9247526753020906E-008  -4.3250028494701998E-008  -2.6643457896375362E-008  -1.6201033458959781E-008  -9.7317888429504000E-009  -5.7797178695143418E-009  -3.3966980494612286E-009  -1.9770093566758114E-009  -1.1405178181065380E-009  -6.5257081586591620E-010  -3.7050361222685920E-010  -2.0877094746168461E-010  -1.1671459808115607E-010  -6.4668540455803044E-011  -3.5430315517781157E-011  -1.9110157757851044E-011  -1.0064513267211342E-011  -5.0933947701397108E-012  -2.3922715971462887E-012  -9.4838705926143572E-013  -1.9581345264655965E-013   1.8034851129885790E-013   3.5451132868840787E-013   4.2273653834549521E-013   4.3753959637974100E-013   4.2733022314172874E-013   4.0724440686861771E-013   3.8516578232998996E-013   3.6506395386989737E-013   3.4883852471734325E-013   3.3733122844847764E-013   3.3087213936633373E-013
  -5.2931641533361047E-006  -2.7876075429686804E-005  -6.8386361471530638E-005  -1.2637576643335932E-004  -2.0063825637912838E-004  -2.8869903128321924E-004  -3.8632566783324348E-004  -4.8730470916500269E-004  -5.8377899995023955E-004  -6.6734623438792690E-004  -7.3078589689723776E-004  -7.6980860707607764E-004  -7.8398330293829612E-004  -7.7635608479004572E-004  -7.5205049631533278E-004  -7.1665487456315318E-004  -6.7507078215164472E-004  -6.3101453845250800E-004  -5.8700504580620554E-004  -5.4458492827412399E-004  -5.0459312921137848E-004  -4.6740179752932556E-004  -4.3309294933014427E-004  -4.0157931243877239E-004  -3.7268250221486696E-004  -3.4618155221923072E-004  -3.2184196603926026E-004  -2.9943243199630399E-004  -2.7873394091082173E-004  -2.5954434847943265E-004  -2.4168029073424880E-004  -2.2497762906845801E-004  -2.0929113653117673E-004  -1.9449384418172020E-004  -1.8047628162597921E-004  -1.6714572852082808E-004  -1.5442551819708848E-004  -1.4225438499608674E-004  -1.3058581430929321E-004  -1.1938733373096479E-004  -1.0863967295845174E-004  -9.8335718537307182E-005  -8.8479197528946451E-005  -7.9083042109587357E-005  -7.0167414937375794E-005  -6.1757411747088436E-005  -5.3880500468653897E-005  -4.6563800974769103E-005  -3.9831350604828548E-005  -3.3701531242567401E-005  -2.8184847406328308E-005  -2.3282236427504234E-005  -1.8984059012745929E-005  -1.5269862832618141E-005  -1.2108939049576735E-005  -9.4616114596865417E-006  -7.2811220437669096E-006  -5.5159171533279990E-006  -4.1121048432651042E-006  -3.0158510480001797E-006  -2.1755097738094941E-006  -1.5433341691043473E-006  -1.0766811553940534E-006  -7.3869052386128824E-007  -4.9847922197355763E-007  -3.3093520068371370E-007  -2.1621906482587206E-007  -1.3908643888567004E-007  -8.8133222578062238E-008  -5.5045305564011627E-008  -3.3909600020486003E-008  -2.0619238621575267E-008  -1.2385683813007790E-008  -7.3558160531409056E-009  -4.3229227719594113E-009  -2.5160823450318802E-009  -1.4514861463334826E-009  -8.3048546042490503E-010  -4.7150786732287211E-010  -2.6567870771165271E-010  -1.4852496157653200E-010  -8.2290791352001209E-011  -4.5082885841403614E-011  -2.4314820128601675E-011  -1.2804290749040122E-011  -6.4788732881071386E-012  -3.0420935829370638E-012  -1.2051281504963038E-012  -2.4780138912532449E-013   2.3060188793386201E-013   4.5201634331851468E-013   5.3867148665892515E-013   5.5738423949402410E-013   5.4429809195615819E-013   5.1866718643308589E-013   4.9051847219808011E-013   4.6489952751611005E-013   4.4422486938219549E-013   4.2956369958321381E-013   4.2133480726206187E-013
  -5.9121479690365321E-006  -3.1137240793050840E-005  -7.6403773445057736E-005  -1.4128344183309420E-004  -2.2462443356789172E-004  -3.2405132171019310E-004  -4.3544494005786646E-004  -5.5260172855600860E-004  -6.6734623438792690E-004  -7.7036450521621917E-004  -8.5282116456104060E-004  -9.0837662267817065E-004  -9.3475526117885914E-004  -9.3401748387939216E-004  -9.1139182526411974E-004  -8.7339054577128107E-004  -8.2616850898349539E-004  -7.7462867971207175E-004  -7.2221991546903561E-004  -6.7112853531328838E-004  -6.2259823111828958E-004  -5.7723278829553172E-004  -5.3523063584553165E-004  -4.9654861240198565E-004  -4.6100930034598362E-004  -4.2836837226777297E-004  -3.9835537954061674E-004  -3.7069759844674032E-004  -3.4513337406844594E-004  -3.2141911482536735E-004  -2.9933255270087381E-004  -2.7867388730124507E-004  -2.5926579793793952E-004  -2.4095290812456812E-004  -2.2360103477221045E-004  -2.0709639422455156E-004  -1.9134483414999222E-004  -1.7627109285324975E-004  -1.6181804323437069E-004  -1.4794585053815951E-004  -1.3463095796850124E-004  -1.2186481118518654E-004  -1.0965224181109510E-004  -9.8009451767059095E-005  -8.6961574374497803E-005  -7.6539833302134144E-005  -6.6778373349984937E-005  -5.7710892479280090E-005  -4.9367255280722007E-005  -4.1770305977770690E-005  -3.4933115975408529E-005  -2.8856890540284123E-005  -2.3529718540658723E-005  -1.8926280169617474E-005  -1.5008537405044218E-005  -1.1727332484079835E-005  -9.0247255992590222E-006  -6.8368291694224744E-006  -5.0968542372284111E-006  -3.7380810459951155E-006  -2.6964998999512939E-006  -1.9129324794135555E-006  -1.3345253697077374E-006  -9.1559212843198913E-007  -6.1785436713426584E-007  -4.1018642775774552E-007  -2.6799782739269371E-007  -1.7239343505618760E-007  -1.0923803550563736E-007  -6.8226394548299824E-008  -4.2029310168531073E-008  -2.5556370265462309E-008  -1.5351220054451302E-008  -9.1169470537307189E-009  -5.3578540458861377E-009  -3.1184017532705564E-009  -1.7989233868266438E-009  -1.0292545104005179E-009  -5.8434404182492491E-010  -3.2924763455479422E-010  -1.8405513434001205E-010  -1.0197111007176174E-010  -5.5860839037748414E-011  -3.0124846220138986E-011  -1.5861617645781695E-011  -8.0240251642310290E-012  -3.7660198519572693E-012  -1.4903930925826168E-012  -3.0467955501402961E-013   2.8767883811171741E-013   5.6168425234155173E-013   6.6878260064752509E-013   6.9175470912349322E-013   6.7537423471006540E-013   6.4348889509429217E-013   6.0851497359882374E-013   5.7670068859947990E-013   5.5103325481885313E-013   5.3283426676652924E-013   5.2262052908702342E-013
  -6.3183524732954080E-006  -3.3278015808962296E-005  -8.1675145172462234E-005  -1.5113039752532033E-004  -2.4062605798715988E-004  -3.4805614179284343E-004  -4.6972175435438564E-004  -5.9991225543691237E-004  -7.3078589689723776E-004  -8.5282116456104060E-004  -9.5605726170189980E-004  -1.0320554340310210E-003  -1.0759852795356514E-003  -1.0878215809781899E-003  -1.0719101104084857E-003  -1.0351546175801900E-003  -9.8489252747125332E-004  -9.2741267469509728E-004  -8.6737276079901714E-004  -8.0785516459661640E-004  -7.5069977693269013E-004  -6.9687446893994590E-004  -6.4678098201478883E-004  -6.0047539690081891E-004  -5.5781535116551715E-004  -5.1855367899372306E-004  -4.8239588608070273E-004  -4.4903432331692571E-004  -4.1816779917749008E-004  -3.8951230814845690E-004  -3.6280646698680190E-004  -3.3781389114521129E-004  -3.1432387712249115E-004  -2.9215120948804306E-004  -2.7113556632458915E-004  -2.5114077778774904E-004  -2.3205405161284858E-004  -2.1378518744581725E-004  -1.9626574152412093E-004  -1.7944806485459518E-004  -1.6330411689650500E-004  -1.4782395113273697E-004  -1.3301377866585897E-004  -1.1889354140186324E-004  -1.0549396717180816E-004  -9.2853133479595839E-005  -8.1012630471832269E-005  -7.0013480754803258E-005  -5.9892035155196505E-005  -5.0676109408847969E-005  -4.2381647209996723E-005  -3.5010182350175329E-005  -2.8547323301287214E-005  -2.2962399834358969E-005  -1.8209301825493521E-005  -1.4228419671650557E-005  -1.0949481570507524E-005  -8.2949932828162935E-006  -6.1839352552280499E-006  -4.5353677203461007E-006  -3.2716356972462883E-006  -2.3209435479855815E-006  -1.6191677404942983E-006  -1.1108790804972269E-006  -7.4963565290458305E-007  -4.9767336680286830E-007  -3.2515691028601179E-007  -2.0916095038472444E-007  -1.3253526684635339E-007  -8.2776518889579676E-008  -5.0992177806071325E-008  -3.1006042895414450E-008  -1.8624522292422603E-008  -1.1060781334783574E-008  -6.5001031909424733E-009  -3.7831456475554902E-009  -2.1823458870965089E-009  -1.2485946505458788E-009  -7.0884669786507979E-010  -3.9938129648671653E-010  -2.2324893339190851E-010  -1.2367673572492761E-010  -6.7745032478017827E-011  -3.6529015283797689E-011  -1.9229889697524060E-011  -9.7249445347065607E-012  -4.5617283442185173E-012  -1.8027942378079574E-012  -3.6561492260066137E-013   3.5208096903520788E-013   6.8381717590259157E-013   8.1325101608128712E-013   8.4075820952302860E-013   8.2062035160040828E-013   7.8174305351666063E-013   7.3917129106179519E-013   7.0047257258767195E-013   6.6926217127753776E-013   6.4713755306232543E-013   6.3472201297569539E-013
  -6.5016344877678481E-006  -3.4244708053405017E-005  -8.4065247711285554E-005  -1.5564780125066610E-004  -2.4815045056208465E-004  -3.5983017405576085E-004  -4.8759522125341680E-004  -6.2656969076246318E-004  -7.6980860707607764E-004  -9.0837662267817065E-004  -1.0320554340310210E-003  -1.1308673005772862E-003  -1.1972452690791882E-003  -1.2280699699057742E-003  -1.2254321014747351E-003  -1.1955427392251585E-003  -1.1464469561267439E-003  -1.0858510274917264E-003  -1.0198957598111715E-003  -9.5287430172829115E-004  -8.8748592661664857E-004  -8.2525431270044007E-004  -7.6691462463350632E-004  -7.1270716328117366E-004  -6.6257891023027585E-004  -6.1631401923864819E-004  -5.7361512297664512E-004  -5.3415250393628016E-004  -4.9759298366398993E-004  -4.6361631684290302E-004  -4.3192404764324962E-004  -4.0224392490274889E-004  -3.7433178205403833E-004  -3.4797203510137249E-004  -3.2297747719253864E-004  -2.9918874712847479E-004  -2.7647365577913754E-004  -2.5472642846163172E-004  -2.3386683884760184E-004  -2.1383915731390773E-004  -1.9461080688192654E-004  -1.7617061012480435E-004  -1.5852651997844570E-004  -1.4170275628744468E-004  -1.2573631756561016E-004  -1.1067290155278105E-004  -9.6562343865925414E-005  -8.3453763622434032E-005  -7.1390677967055291E-005  -6.0406401976945942E-005  -5.0520074680388634E-005  -4.1733636693337791E-005  -3.4030026046462280E-005  -2.7372758857049693E-005  -2.1706930975989708E-005  -1.6961532760868837E-005  -1.3052832971766196E-005  -9.8884808839747855E-006  -7.3719151867703531E-006  -5.4066631326626702E-006  -3.9001626315579042E-006  -2.7668326498305904E-006  -1.9302352966330295E-006  -1.3242953200867158E-006  -8.9365001635856765E-007  -5.9328083623536064E-007  -3.8762079611344042E-007  -2.4934018574615309E-007  -1.5799381790223703E-007  -9.8676119490919105E-008  -6.0786052567189411E-008  -3.6960794325232544E-008  -2.2201055042450693E-008  -1.3184587739270510E-008  -7.7480388237934765E-009  -4.5093461841136774E-009  -2.6011825948405088E-009  -1.4881703193385426E-009  -8.4481917583531772E-010  -4.7596457735826493E-010  -2.6603895722992636E-010  -1.4736813675202101E-010  -8.0712208089817811E-011  -4.3513582194357252E-011  -2.2900936886944015E-011  -1.1576741471347753E-011  -5.4262689970870696E-012  -2.1405361241108037E-012  -4.2950440136518754E-013   4.2449266460395516E-013   8.1884394027598464E-013   9.7234804153449232E-013   1.0045679755497399E-012   9.8014800833578426E-013   9.3350210700085847E-013   8.8253490460466312E-013   8.3624673543920303E-013   7.9893317294646468E-013   7.7248915256304820E-013   7.5765185030410274E-013
  -6.4850987949633971E-006  -3.4158783515420235E-005  -8.3869323033828344E-005  -1.5536635911027490E-004  -2.4798754621860862E-004  -3.6036638327430291E-004  -4.9006529803010226E-004  -6.3317925334422547E-004  -7.8398330293829612E-004  -9.3475526117885914E-004  -1.0759852795356514E-003  -1.1972452690791882E-003  -1.2889011329392296E-003  -1.3444208785994892E-003  -1.3623215706508149E-003  -1.3465013481545676E-003  -1.3045782212493271E-003  -1.2452838500810941E-003  -1.1763713597732416E-003  -1.1036766903072968E-003  -1.0310938795026559E-003  -9.6096732647649055E-004  -8.9455312531836568E-004  -8.3240154593465347E-004  -7.7463103579205532E-004  -7.2111000705867327E-004  -6.7157209948880104E-004  -6.2568706908692562E-004  -5.8310331654081175E-004  -5.4347276082856717E-004  -5.0646493487766181E-004  -4.7177462399057536E-004  -4.3912572216838418E-004  -4.0827293903246626E-004  -3.7900233233464968E-004  -3.5113122420106404E-004  -3.2450779220932752E-004  -2.9901045303004430E-004  -2.7454704304386972E-004  -2.5105372778132034E-004  -2.2849352999049064E-004  -2.0685434994086090E-004  -1.8614635960535162E-004  -1.6639868412764196E-004  -1.4765533845444156E-004  -1.2997046127341660E-004  -1.1340297661745173E-004  -9.8010906473103819E-005  -8.3845643193413333E-005  -7.0946554337959319E-005  -5.9336320884352302E-005  -4.9017391730943211E-005  -3.9969868079851609E-005  -3.2151013827501506E-005  -2.5496434683804221E-005  -1.9922799534681016E-005  -1.5331817553177642E-005  -1.1615058924886371E-005  -8.6591359039219184E-006  -6.3507548820938977E-006  -4.5812079622159317E-006  -3.2499813730225475E-006  -2.2672967082982909E-006  -1.5555446985239033E-006  -1.0496972619587937E-006  -6.9687555571786180E-007  -4.5530206388113595E-007  -2.9287461845740380E-007  -1.8557764283280276E-007  -1.1590250663745030E-007  -7.1396825076144915E-008  -4.3411948932011278E-008  -2.6075537977814374E-008  -1.5485181462324543E-008  -9.0997550451996104E-009  -5.2958702313726461E-009  -3.0547632809041622E-009  -1.7475865553286957E-009  -9.9202924377647020E-010  -5.5886102235824836E-010  -3.1234495872555492E-010  -1.7299800646214764E-010  -9.4734366717042334E-011  -5.1061883477403734E-011  -2.6864772110627432E-011  -1.3573379225443788E-011  -6.3559565361967320E-012  -2.5013434982013163E-012  -4.9492548968165172E-013   5.0581570290413248E-013   9.6734496979751281E-013   1.1464535372632541E-012   1.1834372295722785E-012   1.1541295538030418E-012   1.0988862347946753E-012   1.0386921108225645E-012   9.8408747840931967E-013   9.4009651672768862E-013   9.0893083598883344E-013   8.9144749428364557E-013
  -6.3122687227079107E-006  -3.3249359995168217E-005  -8.1648229704617511E-005  -1.5131581980854997E-004  -2.4174789524456669E-004  -3.5191247825163070E-004  -4.7996727685025928E-004  -6.2293330563148821E-004  -7.7635608479004572E-004  -9.3401748387939216E-004  -1.0878215809781899E-003  -1.2280699699057742E-003  -1.3444208785994892E-003  -1.4277319684842631E-003  -1.4724782383338365E-003  -1.4786083268050170E-003  -1.4514757860421286E-003  -1.3996929435285482E-003  -1.3323288172329810E-003  -1.2569763444082605E-003  -1.1790958215255444E-003  -1.1021953412235325E-003  -1.0283115778295260E-003  -9.5848484104548858E-004  -8.9312500112429210E-004  -8.3226328916132636E-004  -7.7571550414939807E-004  -7.2318414374582555E-004  -6.7432081621860611E-004  -6.2876363564939787E-004  -5.8615917322279055E-004  -5.4617502358031997E-004  -5.0850675960873240E-004  -4.7288159588746407E-004  -4.3906016375055680E-004  -4.0683722033057178E-004  -3.7604174297556169E-004  -3.4653662042350938E-004  -3.1821799568671150E-004  -2.9101421519238808E-004  -2.6488427928078134E-004  -2.3981566326563701E-004  -2.1582138279413018E-004  -1.9293621083204870E-004  -1.7121201455032835E-004  -1.5071226498371485E-004  -1.3150587359164035E-004  -1.1366061695499988E-004  -9.7236509454696422E-005  -8.2279557443611307E-005  -6.8816361012780596E-005  -5.6850008348909684E-005  -4.6357627103184915E-005  -3.7289820805575392E-005  -2.9572040290498132E-005  -2.3107743710754365E-005  -1.7783013004112932E-005  -1.3472148844683694E-005  -1.0043683503400239E-005  -7.3662439885892179E-006  -5.3137648630175886E-006  -3.7696763849447369E-006  -2.6298544559370057E-006  -1.8042855989162829E-006  -1.2175464191741033E-006  -8.0830371459799010E-007  -5.2809978784443864E-007  -3.3969896171584019E-007  -2.1524508079023554E-007  -1.3442943631182654E-007  -8.2808161039484690E-008  -5.0349452380981214E-008  -3.0241844076103545E-008  -1.7958861736774537E-008  -1.0553033539270708E-008  -6.1413964191568206E-009  -3.5423046804331409E-009  -2.0263806379794188E-009  -1.1502040523056411E-009  -6.4790978564472842E-010  -3.6207199033128640E-010  -2.0051012882875457E-010  -1.0977806877088043E-010  -5.9153901608090034E-011  -3.1109316343338066E-011  -1.5707498333403864E-011  -7.3462560210412416E-012  -2.8823854367597848E-012  -5.6008491612459657E-013   5.9720481920796612E-013   1.1300775298034432E-012   1.3360743177838379E-012   1.3777129859690821E-012   1.3428087941009596E-012   1.2780718715108717E-012   1.2077750570955083E-012   1.1440978598817168E-012   1.0928364878098834E-012   1.0565354447849131E-012   1.0361759285694481E-012
