# Version 0.32
# Potential name = chengdu_MMWLY_400   
# L = 1
# S = 0
# J = 1
# Order = 1                   
# K_MAX = 0800 MeV
# For uncoupled channels, e.g., 3P0 (LSJ = 110)
# storage = D(1:N，1:N) (row, column)
# D(i,j)  = <pout(j),L|V|L,pin(i)>
# Normalization
# If V were so weak as to validate the Born approximation, the relation of V
# in 1S0 and the respective scattering length 'a' would have been
# <p|V|p> = 2/pi * a + ... for p->0, in unit of MeV^(-1)
# Momenta are in unit of MeV
# The value of pin and pout, where pin(1:N) = pout(1:N)
  0.11450929062345949       0.60321974416166313        1.4819461067499446        2.7500251850226505        4.4062419028032878        6.4489837175771640        8.8762566052326974        11.685689694517464        14.874538297673780        18.439686829803293        22.377651945497576        26.684585982768169        31.356280741866385        36.388171606988124        41.775342011709199        47.512528245992655        53.594124601134183        60.014188848163485        66.766448044639674        73.844304664329513        81.240843043874179        88.948836140201820        96.960752592117160        105.26876407919173        113.86475297077743        122.74032025767923        131.88679375874364        141.29523659434830        150.95645591851689        160.86101190112851        170.99922695144753        181.36119517396233        191.93679204729480        202.71568431672361        213.68734009065676        224.84103913118742        236.16588332867937        247.65080735014803        259.28458945103131        271.05586243978837        282.95312478461119        294.96475185139860        307.07900726201041        319.28405436170561        331.56796778455868        343.91874510555442        356.32431856797552        368.77256687462534        381.25132703136336        393.74840623138277        406.25159376861723        418.74867296863664        431.22743312537466        443.67568143202448        456.08125489444558        468.43203221544132        480.71594563829439        492.92099273798959        505.03524814860140        517.04687521538881        528.94413756021163        540.71541054896875        552.34919264985194        563.83411667132066        575.15896086881253        586.31265990934321        597.28431568327642        608.06320795270517        618.63880482603770        629.00077304855245        639.13898809887155        649.04354408148311        658.70476340565165        668.11320624125642        677.25967974232071        686.13524702922257        694.73123592080833        703.03924740788284        711.05116385979818        718.75915695612582        726.15569533567054        733.23355195536033        739.98581115183651        746.40587539886587        752.48747175400740        758.22465798829080        763.61182839301182        768.64371925813361        773.31541401723189        777.62234805450248        781.56031317019665        785.12546170232622        788.31431030548254        791.12374339476730        793.55101628242278        795.59375809719677        797.24997481497735        798.51805389325000        799.39678025583839        799.88549070937654     
# Matrix elements start here 
   3.1920039001145208E-009   1.6814433473137880E-008   4.1300521637503145E-008   7.6597588570959310E-008   1.2257631490680303E-007   1.7898627690882006E-007   2.4539570881779057E-007   3.2112293219830619E-007   4.0516593861605495E-007   4.9613908894924168E-007   5.9222845964986625E-007   6.9117904068753562E-007   7.9032671288272500E-007   8.8668469155230293E-007   9.7708736705688329E-007   1.0583846004985985E-006   1.1276682210235689E-006   1.1825025489787699E-006   1.2211254788135429E-006   1.2425884420321038E-006   1.2468128997025865E-006   1.2345558652024681E-006   1.2072933814174480E-006   1.1670444436304487E-006   1.1161653087636215E-006   1.0571444171946207E-006   9.9242246947169518E-007   9.2425314459535929E-007   8.5461036283323758E-007   7.8514005170090529E-007   7.1714915475492107E-007   6.5162221549773948E-007   5.8925571201760260E-007   5.3050159988319418E-007   4.7561347304076124E-007   4.2469080220306199E-007   3.7771851387416974E-007   3.3460058012706334E-007   2.9518728057477635E-007   2.5929642742849391E-007   2.2672919468269639E-007   1.9728134699119585E-007   1.7075069392818483E-007   1.4694155495875423E-007   1.2566694635114759E-007   1.0674911611036132E-007   9.0018968532078341E-008   7.5314840365654063E-008   6.2481015581357943E-008   5.1366292764533340E-008   4.1822845434008714E-008   3.3705539549418074E-008   2.6871794558851051E-008   2.1181997431925578E-008   1.6500408132457725E-008   1.2696436022787999E-008   9.6461256319999828E-009   7.2336714693243974E-009   5.3527866780626596E-009   3.9077774380635724E-009   2.8142190403871781E-009   1.9991828561420127E-009   1.4010175036347009E-009   9.6873448788811067E-010   6.6108263068629241E-010   4.4541384746696250E-010   2.9644541443097185E-010   1.9501349202534102E-010   1.2689355869092343E-010   8.1740232071335098E-011   5.2175876177852251E-011   3.3037441104324160E-011   2.0775838454592689E-011   1.2992259182462143E-011   8.0907090224168840E-012   5.0246601975284072E-012   3.1169136975990929E-012   1.9344354635669028E-012   1.2032007835233020E-012   7.5135380908159322E-013   4.7191292098782459E-013   2.9867160153117159E-013   1.9083333988307919E-013   1.2332772164152586E-013   8.0766219577471021E-014   5.3699541513163613E-014   3.6314426988221843E-014   2.5022607630275694E-014   1.7598787161701449E-014   1.2654678904255711E-014   9.3180054055053697E-015   7.0362604952517456E-015   5.4563858960186974E-015   4.3506909132981915E-015   3.5710131761262345E-015   3.0201964985390106E-015   2.6342488575718250E-015   2.3711409938093016E-015   2.2037832678804316E-015   2.1156635908759794E-015
   1.6814433473137880E-008   8.8572941102742072E-008   2.1755765395674029E-007   4.0349107923517972E-007   6.4569202506451415E-007   9.4284138444902782E-007   1.2926648350037885E-006   1.6915716433860613E-006   2.1342837396174544E-006   2.6135022733489646E-006   3.1196723856527546E-006   3.6409157505048163E-006   4.1631989826834651E-006   4.6707889410838120E-006   5.1470103714177004E-006   5.5752693332494277E-006   5.9402462727379034E-006   6.2291103347009882E-006   6.4325786337316187E-006   6.5456536044229326E-006   6.5679206830900735E-006   6.5033667969159786E-006   6.3597666488946750E-006   6.1477552585466047E-006   5.8797444689058354E-006   5.5688426443183472E-006   5.2279068499272734E-006   4.8688091044743841E-006   4.5019478134732167E-006   4.1359936380943805E-006   3.7778315593541490E-006   3.4326482123213672E-006   3.1041127372761548E-006   2.7946061462758121E-006   2.5054644868315489E-006   2.2372118821669608E-006   1.9897690291569020E-006   1.7626301471464792E-006   1.5550065932668815E-006   1.3659386762294629E-006   1.1943790451569091E-006   1.0392518442230472E-006   8.9949198276671110E-007   7.7406865781084330E-007   6.6199687574026843E-007   5.6234027131364018E-007   4.7420807706448046E-007   3.9674867691251915E-007   3.2914178262172446E-007   2.7059088736176002E-007   2.2031726227974049E-007   1.7755636142615116E-007   1.4155708991929090E-007   1.1158398511626001E-007   8.6921986620259613E-008   6.6883160263128498E-008   5.0814524978726416E-008   3.8106032680289212E-008   2.8197778160094876E-008   2.0585658924595655E-008   1.4824936671822992E-008   1.0531432937986949E-008   7.3803763202361545E-009   5.1031661061355893E-009   3.4824964932577245E-009   2.3463816502531504E-009   1.5616355017087562E-009   1.0273054535851766E-009   6.6845859162732535E-010   4.3059679868482207E-010   2.7485565647614485E-010   1.7403689573667806E-010   1.0944438474506797E-010   6.8441512475883409E-011   4.2620790772100156E-011   2.6469248809970528E-011   1.6419491196440070E-011   1.0190351428918512E-011   6.3383033523152136E-012   3.9580329543958780E-012   2.4859751355009160E-012   1.5733626692190112E-012   1.0052849038784810E-012   6.4967419510164058E-013   4.2546580670021163E-013   2.8288211110657292E-013   1.9129961746525425E-013   1.3181580038625302E-013   9.2708092054051670E-014   6.6663181057627329E-014   4.9086024645133211E-014   3.7066093076528201E-014   2.8743521846931433E-014   2.2918866365094871E-014   1.8811626782141601E-014   1.5909997107013127E-014   1.3876875792329308E-014   1.2490858238077389E-014   1.1609239792080129E-014   1.1145036945727112E-014
   4.1300521637503145E-008   2.1755765395674029E-007   5.3437691164967206E-007   9.9107679538990422E-007   1.5859843851393635E-006   2.3158601758349968E-006   3.1751188613386595E-006   4.1549423031666237E-006   5.2423685680822963E-006   6.4194729518533509E-006   7.6627901104594286E-006   8.9431480894814233E-006   1.0226081486132815E-005   1.1472949102813973E-005   1.2642794110878526E-005   1.3694857087810143E-005   1.4591505980516359E-005   1.5301218653721622E-005   1.5801185140645284E-005   1.6079119674754345E-005   1.6133993124310416E-005   1.5975588490831128E-005   1.5622994610621020E-005   1.5102328815926038E-005   1.4444075840775271E-005   1.3680434101976584E-005   1.2842987053779931E-005   1.1960900192129540E-005   1.1059720270272636E-005   1.0160750446238540E-005   9.2809074934775380E-006   8.4329360026366157E-006   7.6258524377974208E-006   6.8655084780042964E-006   6.1551883295726395E-006   5.4961812205432514E-006   4.8882936345688147E-006   4.3302840553510292E-006   3.8202158275282252E-006   3.3557318909574943E-006   2.9342596799491453E-006   2.5531564812355992E-006   2.2098059360593896E-006   1.9016758498418659E-006   1.6263465147358429E-006   1.3815176484220921E-006   1.1650009589849068E-006   9.7470431572210093E-007   8.0861253479297405E-007   6.6476884415073865E-007   5.4126013815455317E-007   4.3620814798183233E-007   3.4776764561034037E-007   2.7413180378504513E-007   2.1354391569083968E-007   1.6431391472829743E-007   1.2483760358916638E-007   9.3616259059831770E-008   6.9274345073131153E-008   5.0573417582761351E-008   3.6420874270792580E-008   2.5872891998176128E-008   1.8131594780828137E-008   1.2537102915370561E-008   8.5555545047815978E-009   5.7644266399758712E-009   3.8365169824913829E-009   2.5238121900490876E-009   1.6422222746816875E-009   1.0578600460324178E-009   6.7524610316856436E-010   4.2756163142932927E-010   2.6887527747265456E-010   1.6814229710680383E-010   1.0470776077106558E-010   6.5027787297244655E-011   4.0338249428407021E-011   2.5034937156089101E-011   1.5571496672169481E-011   9.7238160661388857E-012   6.1073681971607387E-012   3.8653262662379774E-012   2.4697129064925762E-012   1.5960736283336873E-012   1.0452542994451438E-012   6.9496475370001222E-013   4.6997135886295414E-013   3.2383572457790253E-013   2.2775867393845386E-013   1.6377338007873013E-013   1.2059106668340887E-013   9.1061350048346611E-014   7.0615046585795110E-014   5.6305445674489959E-014   4.6215070516697540E-014   3.9086552377983210E-014   3.4091724043098016E-014   3.0686654368681032E-014   2.8520756671944453E-014   2.7380336029416139E-014
   7.6597588570959310E-008   4.0349107923517972E-007   9.9107679538990422E-007   1.8380913089431693E-006   2.9414333691016225E-006   4.2950978845749839E-006   5.8887315948326470E-006   7.7059887982274502E-006   9.7228425255466517E-006   1.1906065886045888E-005   1.4212159849192302E-005   1.6587043935184909E-005   1.8966819819518967E-005   2.1279840448171704E-005   2.3450155631846864E-005   2.5402168698269840E-005   2.7066067656263233E-005   2.8383356143014449E-005   2.9311681891334509E-005   2.9828202344813200E-005   2.9930949859807077E-005   2.9638014567257804E-005   2.8984756935578963E-005   2.8019588134937321E-005   2.6799035975772598E-005   2.5382822013837351E-005   2.3829539728232917E-005   2.2193306670792495E-005   2.0521533423144213E-005   1.8853761232127071E-005   1.7221394554532383E-005   1.5648096620993555E-005   1.4150612128739268E-005   1.2739811813182735E-005   1.1421800466425329E-005   1.0198979187909271E-005   9.0709959907930068E-006   8.0355527111728539E-006   7.0890600092076558E-006   6.2271473977887773E-006   5.4450436647488580E-006   4.7378467809023523E-006   4.1007031196085825E-006   3.5289148489504814E-006   3.0179925815053744E-006   2.5636683225819914E-006   2.1618817286093862E-006   1.8087507756844475E-006   1.5005361360949095E-006   1.2336068074597745E-006   1.0044127682946953E-006   8.0946860686133497E-007   6.4535019866789148E-007   5.0870466062134521E-007   3.9627210483280078E-007   3.0491629843026470E-007   2.3166034983695926E-007   1.7372309141627099E-007   1.2855195094819259E-007   9.3848755807698597E-008   6.7585970374703690E-008   4.8012147423243025E-008   3.3646672959921599E-008   2.3265011929985084E-008   1.5876479864386485E-008   1.0697003477813599E-008   7.1193953658846283E-009   4.6834187137123971E-009   3.0474589137108754E-009   1.9630623942572444E-009   1.2530486831736307E-009   7.9342257561766810E-010   4.9894959071625409E-010   3.1202022646510007E-010   1.9430528659649657E-010   1.2067149573804389E-010   7.4855332224396517E-011   4.6457108696931782E-011   2.8895885474014242E-011   1.8044396622709011E-011   1.1333386844360950E-011   7.1728500019238251E-012   4.5830230864541256E-012   2.9618187570324970E-012   1.9396684627016522E-012   1.2896394417840716E-012   8.7212132593009339E-013   6.0093881945593089E-013   4.2264955568897587E-013   3.0391266114290851E-013   2.2377965935049640E-013   1.6898165066669303E-013   1.3103964442625389E-013   1.0448545781032901E-013   8.5760847484779270E-014   7.2532526378799326E-014   6.3263672585402578E-014   5.6944918347259580E-014   5.2925683360005903E-014   5.0809416032885716E-014
   1.2257631490680303E-007   6.4569202506451415E-007   1.5859843851393635E-006   2.9414333691016225E-006   4.7070811466410822E-006   6.8733286615827515E-006   9.4236272776303336E-006   1.2331850517012946E-005   1.5559593898083494E-005   1.9053745582559151E-005   2.2744768857150494E-005   2.6546201893336386E-005   3.0355870328445912E-005   3.4059185236630356E-005   3.7534641667573869E-005   4.0661255935923776E-005   4.3327246780513471E-005   4.5438884158112773E-005   4.6928223891323594E-005   4.7758510979355310E-005   4.7926388278135909E-005   4.7460614486814794E-005   4.6417625461050370E-005   4.4874795888850441E-005   4.2922548169147972E-005   4.0656470276827576E-005   3.8170389050756409E-005   3.5550998826823595E-005   3.2874276969610553E-005   3.0203611442619947E-005   2.7589363490050603E-005   2.5069494608008125E-005   2.2670879976317784E-005   2.0410979247202934E-005   1.8299610436152258E-005   1.6340651495046987E-005   1.4533563641881072E-005   1.2874684801613116E-005   1.1358279800637526E-005   9.9773582996737198E-006   8.7242850126852919E-006   7.5912127678813679E-006   6.5703701659660943E-006   5.6542340590459024E-006   4.8356142347259052E-006   4.1076744173966777E-006   3.4639104475684056E-006   2.8981034359962870E-006   2.4042628001157066E-006   1.9765712795053398E-006   1.6093411881034459E-006   1.2969882322496904E-006   1.0340262237886356E-006   8.1508305657502439E-007   6.3493558211202705E-007   4.8855874962739438E-007   3.7118279583432771E-007   2.7835154736732955E-007   2.0597509504668498E-007   1.5037114268874166E-007   1.0829102608758571E-007   7.6928448970890733E-008   5.3911063534306202E-008   3.7276830389015911E-008   2.5438402792937104E-008   1.7139481690924663E-008   1.1407187609586837E-008   7.5040960813405935E-009   4.8828477856122099E-009   3.1453527625851297E-009   2.0077199427401188E-009   1.2712754957190316E-009   7.9945077788097485E-010   4.9993983807773435E-010   3.1132898493439116E-010   1.9334795299561078E-010   1.1993821226438047E-010   7.4436673296975097E-011   4.6298906817841672E-011   2.8911927623948405E-011   1.8159101368972562E-011   1.1492813207257843E-011   7.3432211146787163E-012   4.7456204814364038E-012   3.1078639253420807E-012   2.0663446793901029E-012   1.3973697470951147E-012   9.6286336445598157E-013   6.7719664103404209E-013   4.8694863114538243E-013   3.5855430721204178E-013   2.7075336651119292E-013   2.0996021404702519E-013   1.6741336915778673E-013   1.3741158162523255E-013   1.1621630646276697E-013   1.0136514730885667E-013   9.1240829325075361E-014   8.4800950356645702E-014   8.1410129621009643E-014
   1.7898627690882006E-007   9.4284138444902782E-007   2.3158601758349968E-006   4.2950978845749839E-006   6.8733286615827515E-006   1.0036565012232879E-005   1.3760695176184249E-005   1.8007653530504062E-005   2.2721484369618248E-005   2.7824797015803748E-005   3.3216253334939589E-005   3.8769822990533145E-005   4.4336528529127870E-005   4.9749225264004946E-005   5.4830588498955373E-005   5.9403933663579928E-005   6.3305864788696563E-005   6.6399189381234123E-005   6.8584233685449375E-005   6.9806779979225605E-005   7.0061357062252248E-005   6.9389438209306728E-005   6.7873019851730440E-005   6.5624821281954872E-005   6.2776775051561216E-005   5.9468506194277901E-005   5.5837188857878108E-005   5.2009665044062094E-005   4.8097171719712821E-005   4.4192572915188015E-005   4.0369695607867598E-005   3.6684228656797018E-005   3.3175632159871847E-005   2.9869574905722873E-005   2.6780526684431800E-005   2.3914247536038079E-005   2.1270017877322047E-005   1.8842533127112735E-005   1.6623442727396037E-005   1.4602549286319945E-005   1.2768703571382993E-005   1.1110439979260394E-005   9.6163989296220371E-006   8.2755804262917122E-006   7.0774688932304795E-006   6.0120646102899747E-006   5.0698523158438281E-006   4.2417330556444037E-006   3.5189411240745058E-006   2.8929638252467399E-006   2.3554776216942889E-006   1.8983099481085568E-006   1.5134315736919932E-006   1.1929800605093117E-006   9.2931086366433806E-007   7.1506929455895793E-007   5.4327425470923661E-007   4.0740358964440938E-007   3.0147119887559587E-007   2.2008756485698853E-007   1.5849784129850455E-007   1.1259464306084437E-007   7.8905725182213026E-008   5.4559383499892540E-008   3.7232326592929856E-008   2.5085795601908698E-008   1.6695854042134621E-008   1.0983185115690117E-008   7.1466574895505833E-009   4.6036151559731564E-009   2.9385471001463169E-009   1.8606688010430348E-009   1.1700946941100777E-009   7.3172334530894797E-010   4.5566808517920981E-010   2.8298833214934386E-010   1.7554417456389253E-010   1.0894710911448476E-010   6.7764057368888202E-011   4.2316099215074216E-011   2.6578033862943390E-011   1.6821114575575974E-011   1.0747685619145919E-011   6.9457841825802956E-012   4.5487305695394832E-012   3.0243421730115205E-012   2.0452172227891200E-012   1.4092651653841093E-012   9.9115780065953713E-013   7.1270714901156538E-013   5.2478676230894791E-013   3.9627963882652567E-013   3.0730163404250616E-013   2.4502927365155086E-013   2.0111809726330692E-013   1.7009629842180211E-013   1.4835986666954242E-013   1.3354172775012087E-013   1.2411620210312444E-013   1.1915333440604523E-013
   2.4539570881779057E-007   1.2926648350037885E-006   3.1751188613386595E-006   5.8887315948326470E-006   9.4236272776303336E-006   1.3760695176184249E-005   1.8866997750064455E-005   2.4690538945797410E-005   3.1154882596909755E-005   3.8154297992468857E-005   4.5550304892496066E-005   5.3170619924650860E-005   6.0811490898532664E-005   6.8244168279258549E-005   7.5225760251641791E-005   8.1513975957838800E-005   8.6884402691399544E-005   9.1148197602053713E-005   9.4167648694049277E-005   9.5867164933379544E-005   9.6237937181571219E-005   9.5335628232853117E-005   9.3271707559336407E-005   9.0200105433750892E-005   8.6301463933183915E-005   8.1767316622445783E-005   7.6786115689468794E-005   7.1532339415660636E-005   6.6159173510265103E-005   6.0794638303775999E-005   5.5540619140339312E-005   5.0474060400092959E-005   4.5649563413692284E-005   4.1102722933382070E-005   3.6853685904631684E-005   3.2910574830954119E-005   2.9272558563479185E-005   2.5932463556665758E-005   2.2878896640397201E-005   2.0097900138549521E-005   1.7574188045614370E-005   1.5292024461755492E-005   1.3235808145776466E-005   1.1390424100060316E-005   9.7414174532784935E-006   8.2750383411545069E-006   6.9781999380835487E-006   5.8383856085913122E-006   4.8435353107738187E-006   3.9819357037409111E-006   3.2421326753714844E-006   2.6128790924761854E-006   2.0831245202230505E-006   1.6420476833319549E-006   1.2791269290919940E-006   9.8423937267868041E-007   7.4777621788949935E-007   5.6076028822454053E-007   4.1495219610957951E-007   3.0293367866889776E-007   2.1816003763918619E-007   1.5497775223522433E-007   1.0860752489607295E-007   7.5096659946835737E-008   5.1247313817760295E-008   3.4528568520603018E-008   2.2980480198368825E-008   1.5117449708328093E-008   9.8367802915700652E-009   6.3364905756620978E-009   4.0446618994976315E-009   2.5610522340508467E-009   1.6105350128059823E-009   1.0071539951088182E-009   6.2718750280024265E-010   3.8950867767349636E-010   2.4162110254413731E-010   1.4995604941263301E-010   9.3271192398596489E-011   5.8244324121743020E-011   3.6582273927049487E-011   2.3152744940665521E-011   1.4793214413259255E-011   9.5602394325955009E-012   6.2609118866723554E-012   4.1627296382756274E-012   2.8150533467031260E-012   1.9397234699525493E-012   1.3642370165478260E-012   9.8097529514492563E-013   7.2232020359186148E-013   5.4544201947845844E-013   4.2297203213428523E-013   3.3725990249106912E-013   2.7682024625329260E-013   2.3412162490107245E-013   2.0420345004541221E-013   1.8380766240523159E-013   1.7083430505190232E-013   1.6400338051314458E-013
   3.2112293219830619E-007   1.6915716433860613E-006   4.1549423031666237E-006   7.7059887982274502E-006   1.2331850517012946E-005   1.8007653530504062E-005   2.4690538945797410E-005   3.2312854708500073E-005   4.0775143862556398E-005   4.9939803921242948E-005   5.9626545411413659E-005   6.9610948120010690E-005   7.9627398876370791E-005   8.9377395253772740E-005   9.8543557235320408E-005   1.0680873440779498E-004   1.1387848301979969E-004   1.1950418411669132E-004   1.2350349931327469E-004   1.2577496787915100E-004   1.2630440743640025E-004   1.2516221706779519E-004   1.2249232096986088E-004   1.1849489113104842E-004   1.1340580473511291E-004   1.0747589407635443E-004   1.0095252970775008E-004   9.4065190477565498E-005   8.7015704628143681E-005   7.9973022714523840E-005   7.3071827631023887E-005   6.6414017889268874E-005   6.0072065935671768E-005   5.4093372696066200E-005   4.8504933553101843E-005   4.3317839309840953E-005   3.8531321384440898E-005   3.4136196667543775E-005   3.0117671296505034E-005   2.6457529089917529E-005   2.3135767812582351E-005   2.0131763379408942E-005   1.7425045922541743E-005   1.4995767950176941E-005   1.2824937481499497E-005   1.0894480434086553E-005   9.1871879232190718E-006   7.6865959775315339E-006   6.3768374699723158E-006   5.2424985624924047E-006   4.2685043904013800E-006   3.4400509075826996E-006   2.7425918265201998E-006   2.1618817092175101E-006   1.6840689981120102E-006   1.2958267394996701E-006   9.8450455013827034E-007   7.3828345388048386E-007   5.4631572943032075E-007   3.9883467372151779E-007   2.8722367218567654E-007   2.0403940491669146E-007   1.4298953461421876E-007   9.8870013777213866E-008   6.7470621819718832E-008   4.5459202572268252E-008   3.0255335614311644E-008   1.9903114854994064E-008   1.2950756464324463E-008   8.3423924406971841E-009   5.3250502949890772E-009   3.3717829046536919E-009   2.1203669610693583E-009   1.3259783683389748E-009   8.2572925054130345E-010   5.1281076920348683E-010   3.1810800635734802E-010   1.9742560602853488E-010   1.2279672436466966E-010   7.6681860108590773E-011   4.8162554666323890E-011   3.0481834825500305E-011   1.9476054547161034E-011   1.2586559215982712E-011   8.2428174429503645E-012   5.4804490123449468E-012   3.7061622119780160E-012   2.5537447316277478E-012   1.7960870096427160E-012   1.2915032480962389E-012   9.5097061021151788E-013   7.1810150217307910E-013   5.5686358086039092E-013   4.4401925580816129E-013   3.6444742449081177E-013   3.0823256084954618E-013   2.6884379656502928E-013   2.4199173072725134E-013   2.2491166353500270E-013   2.1591841358797292E-013
   4.0516593861605495E-007   2.1342837396174544E-006   5.2423685680822963E-006   9.7228425255466517E-006   1.5559593898083494E-005   2.2721484369618248E-005   3.1154882596909755E-005   4.0775143862556398E-005   5.1457819638518995E-005   6.3030679999446425E-005   7.5267947755865456E-005   8.7888359567822249E-005   1.0055866046140044E-004   1.1290378026426407E-004   1.2452415838031346E-004   1.3501950891642588E-004   1.4401693354110877E-004   1.5120002163111814E-004   1.5633482137169372E-004   1.5928864581431633E-004   1.6003869926888765E-004   1.5866927547582074E-004   1.5535833455987424E-004   1.5035605753173126E-004   1.4395905953899652E-004   1.3648412923499825E-004   1.2824475338163473E-004   1.1953258713137632E-004   1.1060480456414320E-004   1.0167720702474523E-004   9.2922242265601124E-005   8.4470726383810614E-005   7.6416002143321919E-005   6.8819409978573842E-005   6.1716190592163786E-005   5.5121202437950202E-005   4.9034074932988252E-005   4.3443606334722411E-005   3.8331349463042803E-005   3.3674414864202897E-005   2.9447570005870298E-005   2.5624735588561122E-005   2.2179985510657980E-005   1.9088152664351017E-005   1.6325133566859942E-005   1.3867973942728025E-005   1.1694806411472395E-005   9.7847010292338623E-006   8.1174795858467896E-006   6.6735349693529068E-006   5.4336872313486762E-006   4.3790980173505853E-006   3.4912548305488669E-006   2.7520265463398911E-006   2.1437823266656609E-006   1.6495583852413677E-006   1.2532516957523549E-006   9.3981727860177846E-007   6.9544635083252067E-007   5.0770613744382552E-007   3.6562785073163928E-007   2.5973626392934837E-007   1.8202132629257212E-007   1.2585836471311917E-007   8.5887836878558979E-008   5.7867967335383945E-008   3.8513931674376065E-008   2.5335903966537595E-008   1.6485798090829396E-008   1.0619521623449303E-008   6.7785618635074764E-009   4.2921311369755955E-009   2.6991309277920905E-009   1.6879085947992185E-009   1.0511137931119588E-009   6.5278294818835783E-010   4.0493552699675999E-010   2.5131267710566963E-010   1.5631381128620939E-010   9.7611925818450102E-011   6.1308324381504973E-011   3.8801699179591764E-011   2.4791930510129578E-011   1.6021977924094063E-011   1.0492634522053544E-011   6.9762941070743777E-012   4.7177275315754551E-012   3.2507661028068606E-012   2.2863116740144627E-012   1.6440060200247363E-012   1.2105280294911620E-012   9.1409947321811989E-013   7.0885323023628693E-013   5.6520918363646848E-013   4.6391904648966112E-013   3.9236093328772989E-013   3.4222143265560680E-013   3.0804039086344359E-013   2.8629850929475671E-013   2.7485065248505767E-013
   4.9613908894924168E-007   2.6135022733489646E-006   6.4194729518533509E-006   1.1906065886045888E-005   1.9053745582559151E-005   2.7824797015803748E-005   3.8154297992468857E-005   4.9939803921242948E-005   6.3030679999446425E-005   7.7218372360264372E-005   9.2229290060009663E-005   1.0772223661424122E-004   1.2329233471858921E-004   1.3848298236625168E-004   1.5280646817468724E-004   1.6577248625177201E-004   1.7692213042111286E-004   1.8586339393131016E-004   1.9230322582229498E-004   1.9607120258462738E-004   1.9713101911948314E-004   1.9557808409214380E-004   1.9162399573222216E-004   1.8557090653815596E-004   1.7778019612974406E-004   1.6864019769299865E-004   1.5853705632980079E-004   1.4783149036890904E-004   1.3684272345594451E-004   1.2583953114185295E-004   1.1503741803288591E-004   1.0460046219822522E-004   9.4646265395494713E-005   8.5252608053496283E-005   7.6464700784004561E-005   6.8302250235381201E-005   6.0765853495273769E-005   5.3842471854554653E-005   4.7509904777010267E-005   4.1740295160648835E-005   3.6502760082182263E-005   3.1765270750772522E-005   2.7495913207063917E-005   2.3663656510436536E-005   2.0238744098963234E-005   1.7192810633086096E-005   1.4498813060547890E-005   1.2130851698497961E-005   1.0063944854587476E-005   8.2738085483005260E-006   6.7366808266677389E-006   5.4292177495497984E-006   4.3284754297857466E-006   3.4119800128219621E-006   2.6578759586617430E-006   2.0451334214963796E-006   1.5537888605605582E-006   1.1651899570263795E-006   8.6221670673034316E-007   6.2945490744942740E-007   4.5330533126521367E-007   3.2202044727589706E-007   2.2566926095660613E-007   1.5603839387024282E-007   1.0648300489350970E-007   7.1744085957472849E-008   4.7749077642369175E-008   3.1411074895046526E-008   2.0438811974436871E-008   1.3165880872959279E-008   8.4039188037757876E-009   5.3212860403722070E-009   3.3463158898464238E-009   2.0926244493706044E-009   1.3031413247860982E-009   8.0930089484757392E-010   5.0202640849970582E-010   3.1156923438550292E-010   1.9379253202735618E-010   1.2101580821222911E-010   7.6007812851827371E-011   4.8104878613959557E-011   3.0736070147372374E-011   1.9863407843549711E-011   1.3008338763813838E-011   8.6489175836231980E-012   5.8488372929415002E-012   4.0301586027123025E-012   2.8344682794299665E-012   2.0381650237839055E-012   1.5007577196642594E-012   1.1332585668733862E-012   8.7880336585251594E-013   7.0071990701981284E-013   5.7514497054985732E-013   4.8643047908263973E-013   4.2426982282127858E-013   3.8189374053499159E-013   3.5493916010205856E-013   3.4074663724294869E-013
   5.9222845964986625E-007   3.1196723856527546E-006   7.6627901104594286E-006   1.4212159849192302E-005   2.2744768857150494E-005   3.3216253334939589E-005   4.5550304892496066E-005   5.9626545411413659E-005   7.5267947755865456E-005   9.2229290060009663E-005   1.1018857476373472E-004   1.2874366424850574E-004   1.4741641432789170E-004   1.6566615307499481E-004   1.8291333915292042E-004   1.9857265777887786E-004   2.1209288837407340E-004   2.2299902663957654E-004   2.3093090810287985E-004   2.3567244935358261E-004   2.3716682297853948E-004   2.3551523102146983E-004   2.3095986422485399E-004   2.2385435113033225E-004   2.1462681634068105E-004   2.0374121428833253E-004   1.9166193790979281E-004   1.7882520886178341E-004   1.6561896361718404E-004   1.5237132442972500E-004   1.3934657225261299E-004   1.2674690525384862E-004   1.1471810471399956E-004   1.0335739668603015E-004   9.2722139284825506E-005   8.2838357722030880E-005   7.3708511655684394E-005   6.5318172019939255E-005   5.7641496734385672E-005   5.0645533605981301E-005   4.4293459256629231E-005   3.8546901501799284E-005   3.3367503848653223E-005   2.8717885999150778E-005   2.4562141357777812E-005   2.0865996532014271E-005   1.7596741374575346E-005   1.4723022346678108E-005   1.2214576979179561E-005   1.0041972575379176E-005   8.1763975427273251E-006   6.5895385707198096E-006   5.2535613895356683E-006   4.1411976067942766E-006   3.2259260848084062E-006   2.4822256696817001E-006   1.8858679687946783E-006   1.4142151391257117E-006   1.0464885976650895E-006   7.6397983162672371E-007   5.5018306030000414E-007   3.9083990061695480E-007   2.7389674343584761E-007   1.8938471539743744E-007   1.2923874539208174E-007   8.7075809856676193E-008   5.7952928978604560E-008   3.8123450808281621E-008   2.4806419146743153E-008   1.5979287015136683E-008   1.0199723496661793E-008   6.4583601571928512E-009   4.0613622502587094E-009   2.5397750759590644E-009   1.5815928125240523E-009   9.8222825790298479E-010   6.0929587787078882E-010   3.7814255266367355E-010   2.3520002527358418E-010   1.4687294713915539E-010   9.2248083136302618E-011   5.8383171400127591E-011   3.7303224633499151E-011   2.4107451778170675E-011   1.5787702254998069E-011   1.0496836223375654E-011   7.0984872543886399E-012   4.8912294832892440E-012   3.4400691073499216E-012   2.4736292309450482E-012   1.8214009903188038E-012   1.3753832916936842E-012   1.0665622888656943E-012   8.5043039675216476E-013   6.9802580681131243E-013   5.9035710349508635E-013   5.1491559375176793E-013   4.6348571779745410E-013   4.3077220572816187E-013   4.1354740729191598E-013
   6.9117904068753562E-007   3.6409157505048163E-006   8.9431480894814233E-006   1.6587043935184909E-005   2.6546201893336386E-005   3.8769822990533145E-005   5.3170619924650860E-005   6.9610948120010690E-005   8.7888359567822249E-005   1.0772223661424122E-004   1.2874366424850574E-004   1.5049107552029634E-004   1.7241427146604053E-004   1.9388898206397972E-004   2.1424305875148943E-004   2.3279366920417780E-004   2.4889271088700157E-004   2.6197551407846546E-004   2.7160636773696087E-004   2.7751404907449818E-004   2.7961168764178691E-004   2.7799782238602775E-004   2.7293882596795481E-004   2.6483610133292757E-004   2.5418376115609519E-004   2.4152337786838166E-004   2.2740181909303685E-004   2.1233655711091627E-004   1.9679076384046171E-004   1.8115854419294985E-004   1.6575919580634016E-004   1.5083854817787861E-004   1.3657517332073995E-004   1.2308941300253804E-004   1.1045355131128579E-004   9.8701922355718891E-005   8.7840178655124182E-005   7.7853302869989682E-005   6.8712207731739730E-005   6.0378942752692485E-005   5.2810628574788686E-005   4.5962290242334911E-005   3.9788776939038894E-005   3.4245951707364048E-005   2.9291320182011686E-005   2.4884248645211169E-005   2.0985902177148312E-005   1.7559014778921341E-005   1.4567585292927564E-005   1.1976575313565180E-005   9.7516675093909522E-006   7.8591245335197595E-006   6.2657701066709034E-006   4.9390955823044788E-006   3.8474784843084423E-006   2.9604855506750350E-006   2.2492230923356177E-006   1.6866929885411084E-006   1.2481137464983059E-006   9.1117231523340353E-007   6.5618255546833976E-007   4.6613866017113425E-007   3.2666439998479646E-007   2.2586999454065682E-007   1.5413632878830315E-007   1.0385046852641211E-007   6.9117018993434911E-008   4.5467440039724397E-008   2.9584967161320948E-008   1.9057378479721875E-008   1.2164463066047597E-008   7.7023922010884781E-009   4.8436634693349941E-009   3.0289799528100227E-009   1.8862305643937547E-009   1.1714169881339079E-009   7.2665184046865851E-010   4.5097532423805321E-010   2.8050055668895759E-010   1.7516097488843168E-010   1.1001505499860207E-010   6.9627647450058245E-011   4.4487676896371591E-011   2.8750408184825275E-011   1.8828296704083190E-011   1.2518432921873973E-011   8.4655822202310445E-012   5.8332230611812211E-012   4.1025820059343916E-012   2.9500155511083568E-012   2.1721754684963744E-012   1.6402602225217330E-012   1.2719643587289477E-012   1.0142084828878761E-012   8.3245300411363176E-013   7.0404895149864913E-013   6.1407859501721297E-013   5.5274415463720137E-013   5.1373055709297711E-013   4.9318854828080538E-013
   7.9032671288272500E-007   4.1631989826834651E-006   1.0226081486132815E-005   1.8966819819518967E-005   3.0355870328445912E-005   4.4336528529127870E-005   6.0811490898532664E-005   7.9627398876370791E-005   1.0055866046140044E-004   1.2329233471858921E-004   1.4741641432789170E-004   1.7241427146604053E-004   1.9766814990426767E-004   2.2247418380535541E-004   2.4607033887826175E-004   2.6767687341960905E-004   2.8654659062021695E-004   3.0201973805691945E-004   3.1357653981979632E-004   3.2087967798706459E-004   3.2380000218483999E-004   3.2242131478592246E-004   3.1702370268084265E-004   3.0804863165693542E-004   2.9605190179118592E-004   2.8165190635882253E-004   2.6548029409010417E-004   2.4814046730282149E-004   2.3017701689860022E-004   2.1205687955708685E-004   1.9416118973617945E-004   1.7678570128682464E-004   1.6014724334174614E-004   1.4439378263427036E-004   1.2961607638252169E-004   1.1585942896376443E-004   1.0313458135147673E-004   9.1427193453515743E-005   8.0705701113131995E-005   7.0927545887855542E-005   6.2043905505648465E-005   5.4003118979262224E-005   4.6753023913029479E-005   4.0242421464861843E-005   3.4421868813928510E-005   2.9243977593374108E-005   2.4663373930388278E-005   2.0636453414164603E-005   1.7121042864925613E-005   1.4076059788272681E-005   1.1461239254372169E-005   9.2369762705900291E-006   7.3643096729642321E-006   5.8050519285784793E-006   4.5220493520878843E-006   3.4795407428509357E-006   2.6435709500350755E-006   1.9824105465090327E-006   1.4669340541097187E-006   1.0709164943596863E-006   7.7122001914004981E-007   5.4785692445666277E-007   3.8393012180127643E-007   2.6546497284189922E-007   1.8115569014917049E-007   1.2205447647106615E-007   8.1232261903788141E-008   5.3437037080855409E-008   3.4770530086244904E-008   2.2397614883311430E-008   1.4296508856204728E-008   9.0523465685055037E-009   5.6925656616418108E-009   3.5598285827290024E-009   2.2167980021089154E-009   1.3767071765653026E-009   8.5399476744689537E-010   5.3000558184527345E-010   3.2965546672196803E-010   2.0585568107286971E-010   1.2929348135182903E-010   8.1828632512817589E-011   5.2283230981528608E-011   3.3788263973810383E-011   2.2127488526518396E-011   1.4711953297448410E-011   9.9489336696817741E-012   6.8553190345227675E-012   4.8214291742981061E-012   3.4669079367564691E-012   2.5527744255988614E-012   1.9276574827473212E-012   1.4948295851781141E-012   1.1919105248614963E-012   9.7830857602442389E-013   8.2740617379566352E-013   7.2167169338438118E-013   6.4959059073291334E-013   6.0374127246478123E-013   5.7960002485113807E-013
   8.8668469155230293E-007   4.6707889410838120E-006   1.1472949102813973E-005   2.1279840448171704E-005   3.4059185236630356E-005   4.9749225264004946E-005   6.8244168279258549E-005   8.9377395253772740E-005   1.1290378026426407E-004   1.3848298236625168E-004   1.6566615307499481E-004   1.9388898206397972E-004   2.2247418380535541E-004   2.5064619402621007E-004   2.7755981442559091E-004   3.0234275121801627E-004   3.2414957908333633E-004   3.4222203072850415E-004   3.5594829907498036E-004   3.6491296232961113E-004   3.6892975330767757E-004   3.6805181581796900E-004   3.6255787412763362E-004   3.5291695153168390E-004   3.3973780113580023E-004   3.2371117921640080E-004   3.0555316143747441E-004   2.8595613924791401E-004   2.6555161929199924E-004   2.4488627158154614E-004   2.2441045532615569E-004   2.0447701499971493E-004   1.8534751095842825E-004   1.6720306281742039E-004   1.5015739897831845E-004   1.3427029625775395E-004   1.1956019436118073E-004   1.0601528556835264E-004   9.3602772399930192E-005   8.2276254961192481E-005   7.1981374553512880E-005   6.2659927118938747E-005   5.4252694203265403E-005   4.6701240816751522E-005   3.9948913668291745E-005   3.3941249419909570E-005   2.8625976393961442E-005   2.3952767127380130E-005   1.9872873956718107E-005   1.6338755077109733E-005   1.3303773603079497E-005   1.0722026672804880E-005   8.5483357709848180E-006   6.7384041078195056E-006   5.2491236274045824E-006   4.0389949331729403E-006   3.0686099672671067E-006   2.3011410211452580E-006   1.7027810625890004E-006   1.2430888322057525E-006   8.9520603702410106E-007   6.3593083147881560E-007   4.4564890220244613E-007   3.0813835065907078E-007   2.1027534556168767E-007   1.4167327447880222E-007   9.4288912154139777E-008   6.2025794776435288E-008   4.0358889739977259E-008   2.5997264517147687E-008   1.6594108180103587E-008   1.0507107950642342E-008   6.6073641083746101E-009   4.1318782521682929E-009   2.5730182296666893E-009   1.5979261441670305E-009   9.9121711840487381E-010   6.1516633284569274E-010   3.8262293863704022E-010   2.3893086514505217E-010   1.5006685406486203E-010   9.4975647627075495E-011   6.0683172805232706E-011   3.9216668805131083E-011   2.5682421803342909E-011   1.7075494231763933E-011   1.1547251926446472E-011   7.9566270358371368E-012   5.5959832982005906E-012   4.0238545827076325E-012   2.9628647006933454E-012   2.2373231662601638E-012   1.7349623977109510E-012   1.3833804255745371E-012   1.1354642882647630E-012   9.6032023721000052E-013   8.3760016966743335E-013   7.5393972940265130E-013   7.0072505107210832E-013   6.7270569410367546E-013
