# Version 0.32
# Potential name = chengdu_MMWLY_3200  
# L = 0
# S = 0
# J = 0
# Order = 0                   
# K_MAX = 6400 MeV
# For uncoupled channels, e.g., 3P0 (LSJ = 110)
# storage = D(1:N，1:N) (row, column)
# D(i,j)  = <pout(j),L|V|L,pin(i)>
# Normalization
# If V were so weak as to validate the Born approximation, the relation of V
# in 1S0 and the respective scattering length 'a' would have been
# <p|V|p> = 2/pi * a + ... for p->0, in unit of MeV^(-1)
# Momenta are in unit of MeV
# The value of pin and pout, where pin(1:N) = pout(1:N)
  0.91607432498767594        4.8257579532933050        11.855568853999557        22.000201480181204        35.249935222426302        51.591869740617312        71.010052841861580        93.485517556139712        118.99630638139024        147.51749463842634        179.02121556398060        213.47668786214535        250.85024593493108        291.10537285590499        334.20273609367359        380.10022596794124        428.75299680907347        480.11351078530788        534.13158435711739        590.75443731463611        649.92674435099343        711.59068912161456        775.68602073693728        842.15011263353381        910.91802376621945        981.92256206143384        1055.0943500699491        1130.3618927547864        1207.6516473481352        1286.8880952090281        1367.9938156115802        1450.8895613916986        1535.4943363783584        1621.7254745337889        1709.4987207252541        1798.7283130494993        1889.3270666294350        1981.2064588011842        2074.2767156082505        2168.4468995183070        2263.6249982768895        2359.7180148111888        2456.6320580960833        2554.2724348936449        2652.5437422764694        2751.3499608444354        2850.5945485438042        2950.1805349970027        3050.0106162509069        3149.9872498510622        3250.0127501489378        3349.9893837490931        3449.8194650029973        3549.4054514561958        3648.6500391555646        3747.4562577235306        3845.7275651063551        3943.3679419039167        4040.2819851888112        4136.3750017231105        4231.5531004816930        4325.7232843917500        4418.7935411988155        4510.6729333705653        4601.2716869505002        4690.5012792747457        4778.2745254662113        4864.5056636216414        4949.1104386083016        5032.0061843884196        5113.1119047909724        5192.3483526518648        5269.6381072452132        5344.9056499300514        5418.0774379385657        5489.0819762337806        5557.8498873664666        5624.3139792630627        5688.4093108783854        5750.0732556490066        5809.2455626853643        5865.8684156428826        5919.8864892146921        5971.2470031909270        6019.8997740320592        6065.7972639063264        6108.8946271440946        6149.1497540650689        6186.5233121378551        6220.9787844360199        6252.4825053615732        6281.0036936186098        6306.5144824438603        6328.9899471581384        6348.4081302593822        6364.7500647775742        6377.9997985198188        6388.1444311460000        6395.1742420467071        6399.0839256750123     
# Matrix elements start here 
  -2.6720829560369520E-003  -2.6693544074344430E-003  -2.6552049455734832E-003  -2.6147410817278943E-003  -2.5302269920050853E-003  -2.3879718233045947E-003  -2.1869760532850970E-003  -1.9431154638505513E-003  -1.6837475644946836E-003  -1.4360973748119810E-003  -1.2182797663909785E-003  -1.0374452144171025E-003  -8.9280161863875386E-004  -7.7957854564968706E-004  -6.9187363145653937E-004  -6.2413359755412231E-004  -5.7170733311302660E-004  -5.3092084215892532E-004  -4.9895834971952144E-004  -4.7369252011612113E-004  -4.5352358690676402E-004  -4.3724647866671875E-004  -4.2394776876905627E-004  -4.1292823707221463E-004  -4.0364557432863305E-004  -3.9567227145708653E-004  -3.8866472601039887E-004  -3.8234057348126346E-004  -3.7646205878957275E-004  -3.7082388433181063E-004  -3.6524443091254070E-004  -3.5955958126473791E-004  -3.5361861357814401E-004  -3.4728179842136164E-004  -3.4041944385357738E-004  -3.3291220214316363E-004  -3.2465248521511541E-004  -3.1554684017232396E-004  -3.0551911530952731E-004  -2.9451420540206543E-004  -2.8250210831058079E-004  -2.6948196070346753E-004  -2.5548565903330401E-004  -2.4058062526785052E-004  -2.2487125929657507E-004  -2.0849864534499456E-004  -1.9163815949621165E-004  -1.7449476530483001E-004  -1.5729598160413804E-004  -1.4028274713184937E-004  -1.2369866517352194E-004  -1.0777835300249453E-004  -9.2735805430133218E-005  -7.8753771358044478E-005  -6.5975109481175391E-005  -5.4496925143542789E-005  -4.4368008798627875E-005  -3.5589734662976139E-005  -2.8120190557327535E-005  -2.1880958274346593E-005  -1.6765703977783761E-005  -1.2649608208758470E-005  -9.3986774859672497E-006  -6.8781194892145409E-006  -4.9591945274584227E-006  -3.5242283328738135E-006  -2.4697356883225918E-006  -1.7078213711364321E-006  -1.1661710119678257E-006  -7.8701403561261957E-007  -5.2544297260430052E-007  -3.4742646896927985E-007  -2.2777876515354242E-007  -1.4826580444275827E-007  -9.5951961852985394E-008  -6.1830095280086895E-008  -3.9734197300299680E-008  -2.5507400736236313E-008  -1.6385260756855994E-008  -1.0551130349990448E-008  -6.8233290437060695E-009  -4.4396995010732244E-009  -2.9119819119207073E-009  -1.9289616588113649E-009  -1.2929409408237353E-009  -8.7855064829690525E-010  -6.0629977649294664E-010  -4.2571669019956517E-010  -3.0466436068669065E-010  -2.2259454678811264E-010  -1.6629800385102156E-010  -1.2722873237865268E-010  -9.9817845689326298E-011  -8.0408811200304941E-011  -6.6582985559226829E-011  -5.6730802650721434E-011  -4.9778194965082878E-011  -4.5011760880168371E-011  -4.1967414915915978E-011  -4.0360255492717837E-011
  -2.6693544074344430E-003  -2.6666365383347969E-003  -2.6525420159336376E-003  -2.6122312173444181E-003  -2.5280179000104807E-003  -2.3862136748984721E-003  -2.1857452431859794E-003  -1.9423701883270099E-003  -1.6833597371521173E-003  -1.4359253363256043E-003  -1.2182175991024067E-003  -1.0374310409572928E-003  -8.9280508539729296E-004  -7.7958670039676259E-004  -6.9188169509913980E-004  -6.2414019476863527E-004  -5.7171234376288257E-004  -5.3092452539502295E-004  -4.9896102137305829E-004  -4.7369445186466351E-004  -4.5352498709306686E-004  -4.3724749930152415E-004  -4.2394851827699245E-004  -4.1292879208812590E-004  -4.0364598892870737E-004  -3.9567258390116973E-004  -3.8866496350991458E-004  -3.8234075552083264E-004  -3.7646219942797602E-004  -3.7082399379546665E-004  -3.6524451670232484E-004  -3.5955964892858639E-004  -3.5361866725372101E-004  -3.4728184121986120E-004  -3.4041947813317694E-004  -3.3291222970532408E-004  -3.2465250744656213E-004  -3.1554685814851611E-004  -3.0551912987062139E-004  -2.9451421720907262E-004  -2.8250211788718115E-004  -2.6948196846733434E-004  -2.5548566531973416E-004  -2.4058063034767250E-004  -2.2487126338981557E-004  -2.0849864863134297E-004  -1.9163816212309712E-004  -1.7449476739366974E-004  -1.5729598325520296E-004  -1.4028274842808181E-004  -1.2369866618355515E-004  -1.0777835378305699E-004  -9.2735806027990052E-005  -7.8753771811590858E-005  -6.5975109821754736E-005  -5.4496925396558659E-005  -4.4368008984492328E-005  -3.5589734797928627E-005  -2.8120190654144621E-005  -2.1880958342957455E-005  -1.6765704025804674E-005  -1.2649608241949978E-005  -9.3986775086236598E-006  -6.8781195044894113E-006  -4.9591945376323523E-006  -3.5242283395706966E-006  -2.4697356926810438E-006  -1.7078213739426303E-006  -1.1661710137565162E-006  -7.8701403674225575E-007  -5.2544297331180681E-007  -3.4742646940919445E-007  -2.2777876542540802E-007  -1.4826580460995961E-007  -9.5951961955460499E-008  -6.1830095342766327E-008  -3.9734197338620456E-008  -2.5507400759692190E-008  -1.6385260771254350E-008  -1.0551130358869829E-008  -6.8233290492172960E-009  -4.4396995045223392E-009  -2.9119819141012547E-009  -1.9289616602065787E-009  -1.2929409417289340E-009  -8.7855064889350348E-010  -6.0629977689312008E-010  -4.2571669047322795E-010  -3.0466436087782314E-010  -2.2259454692467603E-010  -1.6629800395099399E-010  -1.2722873245375075E-010  -9.9817845747291807E-011  -8.0408811246335784E-011  -6.6582985596876006E-011  -5.6730802682469505E-011  -4.9778194992707711E-011  -4.5011760904989269E-011  -4.1967414938955595E-011  -4.0360255514820620E-011
  -2.6552049455734832E-003  -2.6525420159336376E-003  -2.6387301699069355E-003  -2.5992073439487415E-003  -2.5165442094877634E-003  -2.3770688583742879E-003  -2.1793314973497986E-003  -1.9384790701215929E-003  -1.6813313987336326E-003  -1.4350242803221258E-003  -1.2178914968154608E-003  -1.0373563865845564E-003  -8.9282295157524366E-004  -7.7962921264186787E-004  -6.9192379091823205E-004  -6.2417465085834586E-004  -5.7173851828516524E-004  -5.3094376725355700E-004  -4.9897497893471379E-004  -4.7370454397861706E-004  -4.5353230210052426E-004  -4.3725283135409186E-004  -4.2395243384033563E-004  -4.1293169154603578E-004  -4.0364815480506975E-004  -3.9567421608480580E-004  -3.8866620416555791E-004  -3.8234170644372992E-004  -3.7646293406582831E-004  -3.7082456557390115E-004  -3.6524496480760168E-004  -3.5956000234414363E-004  -3.5361894759532598E-004  -3.4728206474077695E-004  -3.4041965715276949E-004  -3.3291237363459146E-004  -3.2465262352988607E-004  -3.1554695200421449E-004  -3.0551920588777902E-004  -2.9451427884093066E-004  -2.8250216786956050E-004  -2.6948200898229834E-004  -2.5548569811897968E-004  -2.4058065684612437E-004  -2.2487128473697312E-004  -2.0849866576600124E-004  -1.9163817581547833E-004  -1.7449477827807618E-004  -1.5729599185544370E-004  -1.4028275517741077E-004  -1.2369867144042701E-004  -1.0777835784370334E-004  -9.2735809136573104E-005  -7.8753774168512699E-005  -6.5975111590557559E-005  -5.4496926709741132E-005  -4.4368009948473393E-005  -3.5589735497329396E-005  -2.8120191155501227E-005  -2.1880958697946984E-005  -1.6765704274035377E-005  -1.2649608413358275E-005  -9.3986776255070237E-006  -6.8781195832071443E-006  -4.9591945900036405E-006  -3.5242283740029721E-006  -2.4697357150626765E-006  -1.7078213883347331E-006  -1.1661710229180245E-006  -7.8701404252023848E-007  -5.2544297692555938E-007  -3.4742647165292078E-007  -2.2777876680998311E-007  -1.4826580546021637E-007  -9.5951962475775262E-008  -6.1830095660529202E-008  -3.9734197532590842E-008  -2.5507400878234398E-008  -1.6385260843907979E-008  -1.0551130403605384E-008  -6.8233290769405851E-009  -4.4396995218459332E-009  -2.9119819250368735E-009  -1.9289616671933862E-009  -1.2929409462554119E-009  -8.7855065187269703E-010  -6.0629977888878182E-010  -4.2571669183625741E-010  -3.0466436182865774E-010  -2.2259454760326502E-010  -1.6629800444724404E-010  -1.2722873282616577E-010  -9.9817846034493879E-011  -8.0408811474225801E-011  -6.6582985783141984E-011  -5.6730802839449464E-011  -4.9778195129235940E-011  -4.5011761027612023E-011  -4.1967415052751090E-011  -4.0360255623973616E-011
  -2.6147410817278943E-003  -2.6122312173444181E-003  -2.5992073439487415E-003  -2.5618847400290527E-003  -2.4835664559351182E-003  -2.3506611211508398E-003  -2.1606987940697622E-003  -1.9271032789133858E-003  -1.6753678822690071E-003  -1.4323624696400484E-003  -1.2169232904263548E-003  -1.0371317678275305E-003  -8.9287291760095124E-004  -7.7975288790457721E-004  -6.9204682396313772E-004  -6.2427550768286762E-004  -5.7181518045945059E-004  -5.3100013854129107E-004  -4.9901587298881384E-004  -4.7373411320098023E-004  -4.5355373416404920E-004  -4.3726845302549970E-004  -4.2396390500349995E-004  -4.1294018546488009E-004  -4.0365449936604790E-004  -3.9567899701035145E-004  -3.8866983801742099E-004  -3.8234449148420334E-004  -3.7646508549023846E-004  -3.7082623990923819E-004  -3.6524627685866149E-004  -3.5956103702203127E-004  -3.5361976822508414E-004  -3.4728271893676686E-004  -3.4042018100447716E-004  -3.3291279471129535E-004  -3.2465296305385057E-004  -3.1554722643434069E-004  -3.0551942808212506E-004  -2.9451445891622236E-004  -2.8250231384099726E-004  -2.6948212724296045E-004  -2.5548579380127228E-004  -2.4058073409584618E-004  -2.2487134692231810E-004  -2.0849871563773017E-004  -1.9163821563033720E-004  -1.7449480989437127E-004  -1.5729601680749259E-004  -1.4028277473392549E-004  -1.2369868665066210E-004  -1.0777836957430941E-004  -9.2735818101363277E-005  -7.8753780952851848E-005  -6.5975116671634611E-005  -5.4496930473671380E-005  -4.4368012704913381E-005  -3.5589737492087704E-005  -2.8120192581481437E-005  -2.1880959704649166E-005  -1.6765704975772643E-005  -1.2649608896303068E-005  -9.3986779536607605E-006  -6.8781198033820019E-006  -4.9591947359087248E-006  -3.5242284695324355E-006  -2.4697357768886108E-006  -1.7078214279101114E-006  -1.1661710479910570E-006  -7.8701405825552126E-007  -5.2544298671682064E-007  -3.4742647770020451E-007  -2.2777877052148328E-007  -1.4826580772675901E-007  -9.5951963854908801E-008  -6.1830096497906503E-008  -3.9734198040741418E-008  -2.5507401186935953E-008  -1.6385261031973606E-008  -1.0551130518706944E-008  -6.8233291478413787E-009  -4.4396995658844863E-009  -2.9119819526714029E-009  -1.9289616847458644E-009  -1.2929409575617284E-009  -8.7855065927253567E-010  -6.0629978381885106E-010  -4.2571669518594019E-010  -3.0466436415375449E-010  -2.2259454925484919E-010  -1.6629800564973408E-010  -1.2722873372492077E-010  -9.9817846725035111E-011  -8.0408812020341711E-011  -6.6582986228211114E-011  -5.6730803213609880E-011  -4.9778195453988599E-011  -4.5011761318831297E-011  -4.1967415322709496E-011  -4.0360255882760999E-011
  -2.5302269920050853E-003  -2.5280179000104807E-003  -2.5165442094877634E-003  -2.4835664559351182E-003  -2.4139008650712911E-003  -2.2942737408245461E-003  -2.1203557886744356E-003  -1.9021035591302278E-003  -1.6620840625249799E-003  -1.4263651197841225E-003  -1.2147155768316073E-003  -1.0366038709744238E-003  -8.9297064767407787E-004  -7.8002155707864894E-004  -6.9231716478504500E-004  -6.2449793791614612E-004  -5.7198450035442563E-004  -5.3112471844484052E-004  -4.9910626843550129E-004  -4.7379947801317115E-004  -4.5360110902513710E-004  -4.3730298114935283E-004  -4.2398925660833923E-004  -4.1295895500935475E-004  -4.0366851753445131E-004  -3.9568955890871517E-004  -3.8867786463619774E-004  -3.8235064220097821E-004  -3.7646983600144032E-004  -3.7082993619438898E-004  -3.6524917265781795E-004  -3.5956331999255830E-004  -3.5362157831075403E-004  -3.4728416135751308E-004  -3.4042133550991329E-004  -3.3291372222247735E-004  -3.2465371046670006E-004  -3.1554783011969543E-004  -3.0551991645485772E-004  -2.9451485433450446E-004  -2.8250263401998345E-004  -2.6948238631390245E-004  -2.5548600310989480E-004  -2.4058090280767172E-004  -2.2487148248411968E-004  -2.0849882413115166E-004  -1.9163830204427940E-004  -1.7449487833591970E-004  -1.5729607066621216E-004  -1.4028281681073801E-004  -1.2369871925977912E-004  -1.0777839462470487E-004  -9.2735837162707035E-005  -7.8753795309629551E-005  -6.5975127368250676E-005  -5.4496938352590252E-005  -4.4368018439328982E-005  -3.5589741614156927E-005  -2.8120195506841017E-005  -2.1880961753693260E-005  -1.6765706392024457E-005  -1.2649609862125936E-005  -9.3986786035166214E-006  -6.8781202348418082E-006  -4.9591950186289629E-006  -3.5242286524292647E-006  -2.4697358937521508E-006  -1.7078215017036929E-006  -1.1661710940719524E-006  -7.8701408673519993E-007  -5.2544300415346566E-007  -3.4742648828684157E-007  -2.2777877690302421E-007  -1.4826581155077416E-007  -9.5951966135995104E-008  -6.1830097854465608E-008  -3.9734198846304109E-008  -2.5507401665402180E-008  -1.6385261316720076E-008  -1.0551130688811290E-008  -6.8233292500400728E-009  -4.4396996277564679E-009  -2.9119819904917945E-009  -1.9289617081352515E-009  -1.2929409722259433E-009  -8.7855066861229897E-010  -6.0629978987416635E-010  -4.2571669919036289E-010  -3.0466436686026506E-010  -2.2259455112807413E-010  -1.6629800697987152E-010  -1.2722873469567615E-010  -9.9817847454441734E-011  -8.0408812585493116E-011  -6.6582986680406663E-011  -5.6730803587736330E-011  -4.9778195774417689E-011  -4.5011761603194795E-011  -4.1967415584385446E-011  -4.0360256132576058E-011
  -2.3879718233045947E-003  -2.3862136748984721E-003  -2.3770688583742879E-003  -2.3506611211508398E-003  -2.2942737408245461E-003  -2.1955618256943163E-003  -2.0478900003393355E-003  -1.8559034471165230E-003  -1.6368741360952733E-003  -1.4147211091982196E-003  -1.2103283611875505E-003  -1.0354965771672210E-003  -8.9310565370804423E-004  -7.8050717161095759E-004  -6.9281763768369630E-004  -6.2491283696808776E-004  -5.7230127916824700E-004  -5.3135808074681375E-004  -4.9927567323534159E-004  -4.7392198499282036E-004  -4.5368989126619297E-004  -4.3736767687750774E-004  -4.2403674795281560E-004  -4.1299410776080014E-004  -4.0369476493868619E-004  -3.9570932947426011E-004  -3.8869288505593517E-004  -3.8236214846610640E-004  -3.7647871963893695E-004  -3.7083684551615734E-004  -3.6525458306373940E-004  -3.5956758302737321E-004  -3.5362495610812830E-004  -3.4728685099255857E-004  -3.4042348634394067E-004  -3.3291544835015044E-004  -3.2465509971653242E-004  -3.1554895061124957E-004  -3.0552082141110980E-004  -2.9451558563880760E-004  -2.8250322486308966E-004  -2.6948286317662190E-004  -2.5548638725719167E-004  -2.4058121142108281E-004  -2.2487172952469019E-004  -2.0849902100043859E-004  -1.9163845809328341E-004  -1.7449500125909026E-004  -1.5729616680835870E-004  -1.4028289140786726E-004  -1.2369877662983292E-004  -1.0777843832032480E-004  -9.2735870095249904E-005  -7.8753819851383163E-005  -6.5975145438023893E-005  -5.4496951488445231E-005  -4.4368027861141975E-005  -3.5589748277854624E-005  -2.8120200151554532E-005  -2.1880964942650686E-005  -1.6765708547752432E-005  -1.2649611296391877E-005  -9.3986795424089907E-006  -6.8781208393951554E-006  -4.9591954014421288E-006  -3.5242288907627841E-006  -2.4697360396149072E-006  -1.7078215894376325E-006  -1.1661711459190949E-006  -7.8701411682513906E-007  -5.2544302129107205E-007  -3.4742649785473600E-007  -2.2777878212954741E-007  -1.4826581433565057E-007  -9.5951967575901351E-008  -6.1830098570258053E-008  -3.9734199182417476E-008  -2.5507401808827384E-008  -1.6385261366554267E-008  -1.0551130696100723E-008  -6.8233292401483823E-009  -4.4396996126667414E-009  -2.9119819754282698E-009  -1.9289616950440909E-009  -1.2929409615555864E-009  -8.7855066019330102E-010  -6.0629978333406614E-010  -4.2571669413541088E-010  -3.0466436294471919E-010  -2.2259454807231096E-010  -1.6629800456722700E-010  -1.2722873276212658E-010  -9.9817845877214584E-011  -8.0408811272990439E-011  -6.6582985564054203E-011  -5.6730802615692300E-011  -4.9778194906820670E-011  -4.5011760808601428E-011  -4.1967414837069949E-011  -4.0360255410436837E-011
  -2.1869760532850970E-003  -2.1857452431859794E-003  -2.1793314973497986E-003  -2.1606987940697622E-003  -2.1203557886744356E-003  -2.0478900003393355E-003  -1.9350796672050370E-003  -1.7805715166162455E-003  -1.5938508844157925E-003  -1.3940340403531628E-003  -1.2022181416857431E-003  -1.0332784697293835E-003  -8.9318592288316974E-004  -7.8126935009853395E-004  -6.9364073458195487E-004  -6.2560489415938074E-004  -5.7283259012956512E-004  -5.3175036728891683E-004  -4.9956068367700912E-004  -4.7412812870629940E-004  -4.5383926411345175E-004  -4.3747649244231740E-004  -4.2411659653875198E-004  -4.1305318659338444E-004  -4.0373885758755897E-004  -3.9574252602931140E-004  -3.8871809274722757E-004  -3.8238144767285603E-004  -3.7649361048805365E-004  -3.7084841857768554E-004  -3.6526363783610013E-004  -3.5957471058603368E-004  -3.5363059711469250E-004  -3.4729133669412311E-004  -3.4042706776492380E-004  -3.3291831723500972E-004  -3.2465740366894843E-004  -3.1555080412052358E-004  -3.0552231394213609E-004  -2.9451678760976418E-004  -2.8250419209234034E-004  -2.6948364021206375E-004  -2.5548700988394955E-004  -2.4058170856099364E-004  -2.2487212468273320E-004  -2.0849933337186767E-004  -1.9163870341546763E-004  -1.7449519247065464E-004  -1.5729631456263822E-004  -1.4028300447616027E-004  -1.2369886222143649E-004  -1.0777850233979031E-004  -9.2735917352371297E-005  -7.8753854235485391E-005  -6.5975170065076460E-005  -5.4496968827093544E-005  -4.4368039841878094E-005  -3.5589756388135137E-005  -2.8120205518666262E-005  -2.1880968405487799E-005  -1.6765710718293550E-005  -1.2649612611540157E-005  -9.3986803068675555E-006  -6.8781212603436081E-006  -4.9591956158984908E-006  -3.5242289866049043E-006  -2.4697360712803327E-006  -1.7078215893047619E-006  -1.1661711323034282E-006  -7.8701409941500956E-007  -5.2544300471513829E-007  -3.4742648393570743E-007  -2.2777877124847514E-007  -1.4826580621748267E-007  -9.5951961714187822E-008  -6.1830094437267460E-008  -3.9734196318574994E-008  -2.5507399849009746E-008  -1.6385260036655934E-008  -1.0551129798116799E-008  -6.8233286349254215E-009  -4.4396992043513626E-009  -2.9119816989483480E-009  -1.9289615066753819E-009  -1.2929408321158214E-009  -8.7855057027883626E-010  -6.0629972005809771E-010  -4.2571664892942751E-010  -3.0466433009314397E-010  -2.2259452374310500E-010  -1.6629798617351612E-010  -1.2722871854257825E-010  -9.9817834620122417E-011  -8.0408802134385575E-011  -6.6582977947242309E-011  -5.6730796090903054E-011  -4.9778189157042478E-011  -4.5011755592487029E-011  -4.1967409962900538E-011  -4.0360250717150164E-011
  -1.9431154638505513E-003  -1.9423701883270099E-003  -1.9384790701215929E-003  -1.9271032789133858E-003  -1.9021035591302278E-003  -1.8559034471165230E-003  -1.7805715166162455E-003  -1.6704355708891459E-003  -1.5264282840331456E-003  -1.3594490728634947E-003  -1.1877906275369944E-003  -1.0289009249385263E-003  -8.9292207260385477E-004  -7.8231167918087490E-004  -6.9487403858035056E-004  -6.2666845810858875E-004  -5.7365702136651575E-004  -5.3236146177183027E-004  -5.0000531416245038E-004  -4.7444982828914566E-004  -4.5407232017544976E-004  -4.3764619020032628E-004  -4.2424104630083091E-004  -4.1314520427500941E-004  -4.0380748497431890E-004  -3.9579415516307215E-004  -3.8875726494784360E-004  -3.8241141101916102E-004  -3.7651670596418113E-004  -3.7086634726713266E-004  -3.6527764629488112E-004  -3.5958572007557029E-004  -3.5363929425578575E-004  -3.4729823750386793E-004  -3.4043256322800015E-004  -3.3292270598144153E-004  -3.2466091558552325E-004  -3.1555361754005912E-004  -3.0552456824927353E-004  -2.9451859255075663E-004  -2.8250563469680700E-004  -2.6948478997173468E-004  -2.5548792265016177E-004  -2.4058242949399227E-004  -2.2487269049503798E-004  -2.0849977404328694E-004  -1.9163904351118051E-004  -1.7449545216033694E-004  -1.5729651041433137E-004  -1.4028315008062951E-004  -1.2369896868930227E-004  -1.0777857870351815E-004  -9.2735970897186255E-005  -7.8753890777036426E-005  -6.5975194186673270E-005  -5.4496984085411373E-005  -4.4368048946980671E-005  -3.5589761361451032E-005  -2.8120207831036176E-005  -2.1880969096510884E-005  -1.6765710497829630E-005  -1.2649611944212582E-005  -9.3986794806388488E-006  -6.8781204405594397E-006  -4.9591948864969053E-006  -3.5242283804019130E-006  -2.4697355913184982E-006  -1.7078212231926733E-006  -1.1661708612987113E-006  -7.8701390375194712E-007  -5.2544286639027333E-007  -3.4742638787839980E-007  -2.2777870554488370E-007  -1.4826576184136409E-007  -9.5951932051376813E-008  -6.1830074770352559E-008  -3.9734183357105682E-008  -2.5507391339867001E-008  -1.6385254460390815E-008  -1.0551126142707827E-008  -6.8233262329426357E-009  -4.4396976189164509E-009  -2.9119806456054718E-009  -1.9289608008064856E-009  -1.2929403540476665E-009  -8.7855024238766580E-010  -6.0629949187364956E-010  -4.2571648750256258E-010  -3.0466421379150807E-010  -2.2259443826248301E-010  -1.6629792197385619E-010  -1.2722866919710764E-010  -9.9817795748921337E-011  -8.0408770712145468E-011  -6.6582951850935426E-011  -5.6730773801627163E-011  -4.9778169561159720E-011  -4.5011737846734073E-011  -4.1967393400528813E-011  -4.0360234780071148E-011
  -1.6837475644946836E-003  -1.6833597371521173E-003  -1.6813313987336326E-003  -1.6753678822690071E-003  -1.6620840625249799E-003  -1.6368741360952733E-003  -1.5938508844157925E-003  -1.5264282840331456E-003  -1.4296812886773599E-003  -1.3048903135750637E-003  -1.1628531857106991E-003  -1.0203376290481823E-003  -8.9159654389722644E-004  -7.8349013556314770E-004  -6.9656888925862361E-004  -6.2819835619159397E-004  -5.7486276638298896E-004  -5.3326114649942125E-004  -5.0066155787448089E-004  -4.7492492970085086E-004  -4.5441641936920085E-004  -4.3789657314907433E-004  -4.2442450569818565E-004  -4.1328071939842042E-004  -4.0390844564486229E-004  -3.9587002255550867E-004  -3.8881475623568380E-004  -3.8245532690655637E-004  -3.7655050390824913E-004  -3.7089253791677866E-004  -3.6529806832375075E-004  -3.5960173162069130E-004  -3.5365190709340773E-004  -3.4730821175216371E-004  -3.4044047468932649E-004  -3.3292899439626902E-004  -3.2466591947439855E-004  -3.1555759955159560E-004  -3.0552773373631529E-004  -2.9452110327923809E-004  -2.8250761902944422E-004  -2.6948635047964768E-004  -2.5548914183427785E-004  -2.4058337410822026E-004  -2.2487341482906389E-004  -2.0850032242768820E-004  -1.9163945223941883E-004  -1.7449575097311376E-004  -1.5729672365585585E-004  -1.4028329760986823E-004  -1.2369906660921804E-004  -1.0777863995586369E-004  -9.2736005758296456E-005  -7.8753907280325938E-005  -6.5975198489777855E-005  -5.4496980793735034E-005  -4.4368041400710855E-005  -3.5589751889755441E-005  -2.8120197975040192E-005  -2.1880959801623190E-005  -1.6765702275822124E-005  -1.2649605005907372E-005  -9.3986738408372619E-006  -6.8781159977004291E-006  -4.9591914802582217E-006  -3.5242258309129863E-006  -2.4697337237913218E-006  -1.7078198816106493E-006  -1.1661699143991557E-006  -7.8701324598857885E-007  -5.2544241595886067E-007  -3.4742608330959320E-007  -2.2777850186526301E-007  -1.4826562690343788E-007  -9.5951843339846265E-008  -6.1830016795442894E-008  -3.9734145626957271E-008  -2.5507366842498987E-008  -1.6385238562301552E-008  -1.0551115810509833E-008  -6.8233194953797217E-009  -4.4396932019528148E-009  -2.9119777287936221E-009  -1.9289588567503625E-009  -1.2929390437453201E-009  -8.7854934757471165E-010  -6.0629887156136337E-010  -4.2571605017847335E-010  -3.0466389968170386E-010  -2.2259420802182351E-010  -1.6629774946785366E-010  -1.2722853688365380E-010  -9.9817691711599767E-011  -8.0408686743981249E-011  -6.6582882207780106E-011  -5.6730714383689025E-011  -4.9778117369050379E-011  -4.5011690613713486E-011  -4.1967349337388825E-011  -4.0360192391192696E-011
  -1.4360973748119810E-003  -1.4359253363256043E-003  -1.4350242803221258E-003  -1.4323624696400484E-003  -1.4263651197841225E-003  -1.4147211091982196E-003  -1.3940340403531628E-003  -1.3594490728634947E-003  -1.3048903135750637E-003  -1.2253058489243756E-003  -1.1215763123667869E-003  -1.0039431053310659E-003  -8.8763066297205522E-004  -7.8432182366155187E-004  -6.9867162937239198E-004  -6.3026874713800231E-004  -5.7654252864925695E-004  -5.3452876087343526E-004  -5.0159013852998664E-004  -4.7559799343550391E-004  -4.5490377839941783E-004  -4.3825087536118485E-004  -4.2468378799972485E-004  -4.1347197383506543E-004  -4.0405071709993757E-004  -3.9597675935718795E-004  -3.8889549713279781E-004  -3.8251688191840924E-004  -3.7659777244755579E-004  -3.7092907422565241E-004  -3.6532647305467878E-004  -3.5962392427359201E-004  -3.5366931673123112E-004  -3.4732191145277463E-004  -3.4045127704748854E-004  -3.3293751988429637E-004  -3.2467264575348044E-004  -3.1556289731180876E-004  -3.0553189293587471E-004  -2.9452435248792492E-004  -2.8251013978057571E-004  -2.6948828798163964E-004  -2.5549061300819535E-004  -2.4058447364831183E-004  -2.2487421979365953E-004  -2.0850089573335676E-004  -1.9163984533519048E-004  -1.7449600590223649E-004  -1.5729687466191009E-004  -1.4028337240630366E-004  -1.2369908740265890E-004  -1.0777862429107174E-004  -9.2735967234662954E-005  -7.8753856175190840E-005  -6.5975142311944202E-005  -5.4496924781146803E-005  -4.4367988969141081E-005  -3.5589705034485370E-005  -2.8120157624753549E-005  -2.1880926122837328E-005  -1.6765674926733039E-005  -1.2649583340067975E-005  -9.3986570630787581E-006  -6.8781032766834064E-006  -4.9591820236012270E-006  -3.5242189297850018E-006  -2.4697287740940738E-006  -1.7078163884836276E-006  -1.1661674859194039E-006  -7.8701158080403535E-007  -5.2544128838595261E-007  -3.4742532829440094E-007  -2.2777800125406213E-007  -1.4826529773646183E-007  -9.5951628372794749E-008  -6.1829877136766329E-008  -3.9734055213231854E-008  -2.5507308413499062E-008  -1.6385200802342412E-008  -1.0551091362396243E-008  -6.8233036066888654E-009  -4.4396828173536836E-009  -2.9119708898809330E-009  -1.9289543098165483E-009  -1.2929359858733150E-009  -8.7854726349349994E-010  -6.0629742939533738E-010  -4.2571503507309791E-010  -3.0466317162389401E-010  -2.2259367504151029E-010  -1.6629735058868099E-010  -1.2722823124508824E-010  -9.9817451598603654E-011  -8.0408493094747916E-011  -6.6582721697140174E-011  -5.6730577511664288E-011  -4.9777997192600174E-011  -4.5011581890589574E-011  -4.1967247933048750E-011  -4.0360094851721891E-011
  -1.2182797663909785E-003  -1.2182175991024067E-003  -1.2178914968154608E-003  -1.2169232904263548E-003  -1.2147155768316073E-003  -1.2103283611875505E-003  -1.2022181416857431E-003  -1.1877906275369944E-003  -1.1628531857106991E-003  -1.1215763123667869E-003  -1.0585776934852178E-003  -9.7415731579165760E-004  -8.7789949571525109E-004  -7.8359697645069494E-004  -7.0087029428292803E-004  -6.3288305222393036E-004  -5.7877996408403371E-004  -5.3625092541022008E-004  -5.0286116178509038E-004  -4.7652137738487003E-004  -4.5557235749858283E-004  -4.3873637134288169E-004  -4.2503849545549258E-004  -4.1373311843804182E-004  -4.0424457607260694E-004  -3.9612187403379514E-004  -3.8900500201139018E-004  -3.8260014065970727E-004  -3.7666151198130667E-004  -3.7097816796695555E-004  -3.6536448255879497E-004  -3.5965347548035272E-004  -3.5369236291548376E-004  -3.4733991830404208E-004  -3.4046535393371206E-004  -3.3294851367666502E-004  -3.2468120841417682E-004  -3.1556953495228898E-004  -3.0553700168491895E-004  -2.9452824489475103E-004  -2.8251306437220816E-004  -2.6949044383073632E-004  -2.5549216063801045E-004  -2.4058554323166058E-004  -2.2487491734290012E-004  -2.0850130779447658E-004  -1.9164004256800584E-004  -1.7449604583404761E-004  -1.5729680383266657E-004  -1.4028322807131384E-004  -1.2369889891879898E-004  -1.0777841428052904E-004  -9.2735752594130826E-005  -7.8753648976769117E-005  -6.5974950624145864E-005  -5.4496753424174084E-005  -4.4367840208013316E-005  -3.5589579206715590E-005  -2.8120053695913433E-005  -2.1880842163129408E-005  -1.6765608503909498E-005  -1.2649531827813376E-005  -9.3986178683525581E-006  -6.8780739936109524E-006  -4.9591605246519861E-006  -3.5242034067953224E-006  -2.4697177420998199E-006  -1.7078086645056322E-006  -1.1661621531269747E-006  -7.8700794627849773E-007  -5.2543884039435901E-007  -3.4742369686047010E-007  -2.2777692406093841E-007  -1.4826459208892767E-007  -9.5951169074020424E-008  -6.1829579631620690E-008  -3.9733863126671060E-008  -2.5507184578235985E-008  -1.6385120946903435E-008  -1.0551039760240574E-008  -6.8232701299871395E-009  -4.4396609724362904E-009  -2.9119565243869298E-009  -1.9289447712018336E-009  -1.2929295785899546E-009  -8.7854290127745952E-010  -6.0629441367248917E-010  -4.2571291420830878E-010  -3.0466165166357536E-010  -2.2259256310977929E-010  -1.6629651893504667E-010  -1.2722759433966732E-010  -9.9816951474493626E-011  -8.0408089912555435E-011  -6.6582387625504938E-011  -5.6730292720602276E-011  -4.9777747197391589E-011  -4.5011355760198494E-011  -4.1967037049958426E-011  -4.0359892019505454E-011
  -1.0374452144171025E-003  -1.0374310409572928E-003  -1.0373563865845564E-003  -1.0371317678275305E-003  -1.0366038709744238E-003  -1.0354965771672210E-003  -1.0332784697293835E-003  -1.0289009249385263E-003  -1.0203376290481823E-003  -1.0039431053310659E-003  -9.7415731579165760E-004  -9.2533380275551633E-004  -8.5720461673483299E-004  -7.7868848835611145E-004  -7.0225773894036806E-004  -6.3585368158014218E-004  -5.8161405298654684E-004  -5.3851337982803969E-004  -5.0455368096560338E-004  -4.7775645965149761E-004  -4.5646708729982569E-004  -4.3938527256868771E-004  -4.2551160150220346E-004  -4.1408056326141607E-004  -4.0450179155226583E-004  -3.9631384254614930E-004  -3.8914939297906084E-004  -3.8270952716973035E-004  -3.7674490947586315E-004  -3.7104209605657700E-004  -3.6541369809583741E-004  -3.5969148070757757E-004  -3.5372175983087832E-004  -3.4736265755326090E-004  -3.4048291097512218E-004  -3.3296201446096716E-004  -3.2469151975518355E-004  -3.1557733000634044E-004  -3.0554280773877583E-004  -2.9453247847509106E-004  -2.8251605719475893E-004  -2.6949246207863629E-004  -2.5549341934710790E-004  -2.4058621706468187E-004  -2.2487514868706768E-004  -2.0850121287211689E-004  -1.9163971607522793E-004  -1.7449556449685398E-004  -1.5729622917731614E-004  -1.4028260863583480E-004  -1.2369827207768394E-004  -1.0777780781002686E-004  -9.2735186068129477E-005  -7.8753135051485819E-005  -6.5974496243265720E-005  -5.4496360954791516E-005  -4.4367508502141182E-005  -3.5589304573541044E-005  -2.8119830766227383E-005  -2.1880664628823467E-005  -1.6765469720915680E-005  -1.2649425278794541E-005  -9.3985374901334764E-006  -6.8780143822340216E-006  -4.9591170368747911E-006  -3.5241721802001873E-006  -2.4696956566768045E-006  -1.7077932669722878E-006  -1.1661515620294803E-006  -7.8700075184574897E-007  -5.2543400889635715E-007  -3.4742048539400578E-007  -2.2777480857363406E-007  -1.4826320918067062E-007  -9.5950270647874890E-008  -6.1828998673221452E-008  -3.9733488599338225E-008  -2.5506943459296174E-008  -1.6384965654761686E-008  -1.0550939524563669E-008  -6.8232051689486591E-009  -4.4396186219612147E-009  -2.9119286975500055E-009  -1.9289263083688559E-009  -1.2929171852588942E-009  -8.7853446888024821E-010  -6.0628858739140747E-010  -4.2570881883567989E-010  -3.0465871796389342E-010  -2.2259041782251235E-010  -1.6629491497573851E-010  -1.2722636636972230E-010  -9.9815987490325539E-011  -8.0407312969356968E-011  -6.6581743991332042E-011  -5.6729744124735452E-011  -4.9777265694220505E-011  -4.5010920266489879E-011  -4.1966630948936679E-011  -4.0359501437432643E-011
  -8.9280161863875386E-004  -8.9280508539729296E-004  -8.9282295157524366E-004  -8.9287291760095124E-004  -8.9297064767407787E-004  -8.9310565370804423E-004  -8.9318592288316974E-004  -8.9292207260385477E-004  -8.9159654389722644E-004  -8.8763066297205522E-004  -8.7789949571525109E-004  -8.5720461673483299E-004  -8.1977155736483957E-004  -7.6483472701175488E-004  -7.0066532085362237E-004  -6.3851637072374770E-004  -5.8494626462694300E-004  -5.4137620772718364E-004  -5.0675127214488101E-004  -4.7937435358394497E-004  -4.5764137794445520E-004  -4.4023597597637153E-004  -4.2613029972919311E-004  -4.1453350216897559E-004  -4.0483592250318157E-004  -3.9656225589805713E-004  -3.8933545024923697E-004  -3.8284981296815698E-004  -3.7685128669277639E-004  -3.7112312344146896E-004  -3.6547560701840221E-004  -3.5973885046982181E-004  -3.5375798730045548E-004  -3.4739028611184899E-004  -3.4050386273703093E-004  -3.3297775553273483E-004  -3.2470317878716256E-004  -3.1558578389412600E-004  -3.0554874402393978E-004  -2.9453644107618336E-004  -2.8251848011092416E-004  -2.6949369434468330E-004  -2.5549374357834937E-004  -2.4058586327725998E-004  -2.2487430462391563E-004  -2.0850003174456132E-004  -1.9163832240293990E-004  -1.7449405856507149E-004  -1.5729469050932278E-004  -1.4028109878616330E-004  -1.2369683697759429E-004  -1.0777647983508678E-004  -9.2733985944557559E-005  -7.8752073671671595E-005  -6.5973576421600108E-005  -5.4495579123321400E-005  -4.4366856322816857E-005  -3.5588770430583044E-005  -2.8119401098454017E-005  -2.1880325066577579E-005  -1.6765206003523016E-005  -1.2649223943600677E-005  -9.3983863401913182E-006  -6.8779027540009092E-006  -4.9590358998890231E-006  -3.5241141066107963E-006  -2.4696546996373850E-006  -1.7077647840051281E-006  -1.1661320137343290E-006  -7.8698749914487812E-007  -5.2542512462605323E-007  -3.4741458941426363E-007  -2.2777093023039293E-007  -1.4826067711734085E-007  -9.5948627548350923E-008  -6.1827937281922263E-008  -3.9732804992565072E-008  -2.5506503730172353E-008  -1.6384682666030657E-008  -1.0550756992595759E-008  -6.8230869479438951E-009  -4.4395415936258569E-009  -2.9118781116215062E-009  -1.9288927609629704E-009  -1.2928946759256907E-009  -8.7851915951160151E-010  -6.0627801323875509E-010  -4.2570138846416556E-010  -3.0465339676262521E-010  -2.2258652764489065E-010  -1.6629200707581470E-010  -1.2722414056301029E-010  -9.9814240485706142E-011  -8.0405905146003780E-011  -6.6580577873119440E-011  -5.6728750299400901E-011  -4.9776393486600305E-011  -4.5010131452330108E-011  -4.1965895406578581E-011  -4.0358794020783448E-011
  -7.7957854564968706E-004  -7.7958670039676259E-004  -7.7962921264186787E-004  -7.7975288790457721E-004  -7.8002155707864894E-004  -7.8050717161095759E-004  -7.8126935009853395E-004  -7.8231167918087490E-004  -7.8349013556314770E-004  -7.8432182366155187E-004  -7.8359697645069494E-004  -7.7868848835611145E-004  -7.6483472701175488E-004  -7.3626695623449302E-004  -6.9180676682009884E-004  -6.3910834322527523E-004  -5.8830269092433572E-004  -5.4480315488726313E-004  -5.0952528104143474E-004  -4.8145402017324207E-004  -4.5915851151243949E-004  -4.4133467451523472E-004  -4.2692719799995726E-004  -4.1511467953771024E-004  -4.0526276632656122E-004  -3.9687805352136337E-004  -3.8957070547569273E-004  -3.8302612051550585E-004  -3.7698404629879370E-004  -3.7122341274576157E-004  -3.6555146939396162E-004  -3.5979618265438197E-004  -3.5380115456424980E-004  -3.4742255165753043E-004  -3.4052768982539665E-004  -3.3299502181639070E-004  -3.2471532960665203E-004  -3.1559394277429903E-004  -3.0555379289157842E-004  -2.9453907886336323E-004  -2.8251926579161372E-004  -2.6949307866526505E-004  -2.5549209251553729E-004  -2.4058347540915253E-004  -2.2487142401102418E-004  -2.0849685750556359E-004  -1.9163501587850132E-004  -1.7449074875319358E-004  -1.5729147829990223E-004  -1.4027806040176082E-004  -1.2369402692877815E-004  -1.0777393361399907E-004  -9.2731722605251003E-005  -7.8750098378953899E-005  -6.5971882992384894E-005  -5.4494152537986566E-005  -4.4365675150971195E-005  -3.5587809097592700E-005  -2.8118631916195170E-005  -2.1879719962573837E-005  -1.6764737903623476E-005  -1.2648867790223677E-005  -9.3981197560809814E-006  -6.8777063860551676E-006  -4.9588934957262815E-006  -3.5240123865167141E-006  -2.4695830883677195E-006  -1.7077150619028635E-006  -1.1660979368603397E-006  -7.8696442597178339E-007  -5.2540967442992155E-007  -3.4740434640040490E-007  -2.2776419857577097E-007  -1.4825628581758230E-007  -9.5945780072563884E-008  -6.1826099134927957E-008  -3.9731621822419179E-008  -2.5505743076589948E-008  -1.6384193390086024E-008  -1.0550441545376718E-008  -6.8228827254642274E-009  -4.4394085797506836E-009  -2.9117907886277085E-009  -1.9288348682487472E-009  -1.2928558424602569E-009  -8.7849275422958166E-010  -6.0625977933379306E-010  -4.2568857829081561E-010  -3.0464422456032414E-010  -2.2257982322326859E-010  -1.6628699627377853E-010  -1.2722030562251030E-010  -9.9811230837627272E-011  -8.0403480060539327E-011  -6.6578569311646175E-011  -5.6727038619794416E-011  -4.9774891354433644E-011  -4.5008772999208198E-011  -4.1964628732028979E-011  -4.0357575800976726E-011
