# Version 0.32
# Potential name = chengdu_MMWLY_600   
# L = 1
# S = 1
# J = 0
# Order = 0                   
# K_MAX = 1200 MeV
# For uncoupled channels, e.g., 3P0 (LSJ = 110)
# storage = D(1:N，1:N) (row, column)
# D(i,j)  = <pout(j),L|V|L,pin(i)>
# Normalization
# If V were so weak as to validate the Born approximation, the relation of V
# in 1S0 and the respective scattering length 'a' would have been
# <p|V|p> = 2/pi * a + ... for p->0, in unit of MeV^(-1)
# Momenta are in unit of MeV
# The value of pin and pout, where pin(1:N) = pout(1:N)
  0.17176393593524608       0.90482961624252312        2.2229191601248885        4.1250377775339757        6.6093628542049601        9.6734755763658313        13.314384907848989        17.528534541776253        22.311807446510670        27.659530244704911        33.566477918246392        40.026878974152282        47.034421112799578        54.582257410482157        62.663013017563799        71.268792368988898        80.391186901701303        90.021283272245228        100.14967206695951        110.76645699649430        121.86126456581133        133.42325421030273        145.44112888817568        157.90314611878756        170.79712945616615        184.11048038651882        197.83019063811543        211.94285489152242        226.43468387777534        241.29151785169273        256.49884042717133        272.04179276094351        287.90518807094219        304.07352647508543        320.53101013598518        337.26155869678109        354.24882499301907        371.47621102522203        388.92688417654699        406.58379365968250        424.42968717691679        442.44712777709788        460.61851089301558        478.92608154255839        497.35195167683804        515.87811765833158        534.48647785196329        553.15885031193807        571.87699054704501        590.62260934707410        609.37739065292590        628.12300945295499        646.84114968806193        665.51352214803671        684.12188234166842        702.64804832316190        721.07391845744155        739.38148910698442        757.55287222290212        775.57031282308321        793.41620634031756        811.07311582345301        828.52378897477797        845.75117500698093        862.73844130321891        879.46898986401482        895.92647352491463        912.09481192905787        927.95820723905649        943.50115957282867        958.70848214830721        973.56531612222466        988.05714510847758        1002.1698093618845        1015.8895196134812        1029.2028705438338        1042.0968538812124        1054.5588711118244        1066.5767457896973        1078.1387354341887        1089.2335430035057        1099.8503279330405        1109.9787167277548        1119.6088130982987        1128.7312076310111        1137.3369869824362        1145.4177425895177        1152.9655788872005        1159.9731210258478        1166.4335220817536        1172.3404697552951        1177.6881925534894        1182.4714654582237        1186.6856150921510        1190.3265244236341        1193.3906371457952        1195.8749622224659        1197.7770808398750        1199.0951703837575        1199.8282360640646     
# Matrix elements start here 
  -5.7806235059428416E-009  -3.0449466959738569E-008  -7.4779203058542529E-008  -1.3862104439696226E-007  -2.2159233586811749E-007  -3.2292267732157114E-007  -4.4125940458634826E-007  -5.7446016434736184E-007  -7.1940660427723512E-007  -8.7188462342722434E-007  -1.0265828190508801E-006  -1.1772547874453171E-006  -1.3170674666080737E-006  -1.4391169460098400E-006  -1.5370441778700899E-006  -1.6056430071880224E-006  -1.6413404919762045E-006  -1.6424542696791135E-006  -1.6091872039767400E-006  -1.5433849045701739E-006  -1.4481326508625457E-006  -1.3272893797768828E-006  -1.1850470830380804E-006  -1.0255751689243005E-006  -8.5277558773462085E-007  -6.7014682819576285E-007  -4.8073803840476828E-007  -2.8716803861978891E-007  -9.1684736082313191E-008   1.0375510772880457E-007   2.9740036681052980E-007   4.8762402916232923E-007   6.7285171339495157E-007   8.5150383507354476E-007   1.0219536085340655E-006   1.1825023320193897E-006   1.3313730394880837E-006   1.4667233450672899E-006   1.5866779470656886E-006   1.6893806462575041E-006   1.7730647741969804E-006   1.8361395920107765E-006   1.8772885525841243E-006   1.8955734477486484E-006   1.8905366039911277E-006   1.8622917424531296E-006   1.8115932312831837E-006   1.7398735825932514E-006   1.6492404659908572E-006   1.5424273593160575E-006   1.4226961425101130E-006   1.2936950974461241E-006   1.1592812718787022E-006   1.0233211695658310E-006   8.8948735262014573E-007   7.6107002294819335E-007   6.4082153759902070E-007   5.3084811344045894E-007   4.3255719681426976E-007   3.4666204752305250E-007   2.7323818685977144E-007   2.1182064274695894E-007   1.6152727525765975E-007   1.2119231025401603E-007   8.9495456168671955E-008   6.5075089001961501E-008   4.6618147529429730E-008   3.2923709975926726E-008   2.2940988622626040E-008   1.5785209097453899E-008   1.0736368973889258E-008   7.2262899808326977E-009   4.8189545823537448E-009   3.1881828934799450E-009   2.0955719182698458E-009   1.3705240461858673E-009   8.9328056023281376E-010   5.8120798764239861E-010   3.7815684699989470E-010   2.4648345453030984E-010   1.6124171027106607E-010   1.0606055105049845E-010   7.0281262655504569E-011   4.7006780090286224E-011   3.1793682706004605E-011   2.1786971818845081E-011   1.5154138649740947E-011   1.0718328830084382E-011   7.7222175353615584E-012   5.6767885071932563E-012   4.2648038760680501E-012   3.2792840495439255E-012   2.5843037289266853E-012   2.0899783199699997E-012   1.7364679459168663E-012   1.4837185631767600E-012   1.3048648257235236E-012   1.1819840362565974E-012   1.1033749021885466E-012   1.0618340022288919E-012
  -3.0449466959738569E-008  -1.6039273999438397E-007  -3.9389988722702681E-007  -7.3018721642881193E-007  -1.1672392178147071E-006  -1.7009980752908163E-006  -2.3243391022595357E-006  -3.0259781795613576E-006  -3.7894903747591346E-006  -4.5926790908705155E-006  -5.4075677117404169E-006  -6.2012542447258029E-006  -6.9377458777739831E-006  -7.5806756986873764E-006  -8.0965457893867505E-006  -8.4579300949920696E-006  -8.6460048360816998E-006  -8.6519046905733159E-006  -8.4766951354956078E-006  -8.1300956086090104E-006  -7.6283565224208713E-006  -6.9918045431795945E-006  -6.2425215478814312E-006  -5.4024710484399095E-006  -4.4922080569829118E-006  -3.5301624720631928E-006  -2.5323972598785239E-006  -1.5127085165557128E-006  -4.8293839901877038E-007   5.4660470249597198E-007   1.5666957196118831E-006   2.5687634622327457E-006   3.5445140482771321E-006   4.4856262359032932E-006   5.3835301744354636E-006   6.2292772020712227E-006   7.0135063977988377E-006   7.7265122387108362E-006   8.3584158223399434E-006   8.8994388884748140E-006   9.3402748233541496E-006   9.6725437948083553E-006   9.8893103826829136E-006   9.9856322110550442E-006   9.9590983005903128E-006   9.8103077061486684E-006   9.5432343283220762E-006   9.1654244419238491E-006   8.6879809632738459E-006   8.1253034845179398E-006   7.4945751508196188E-006   6.8150146221357318E-006   6.1069403099455458E-006   5.3907204391653951E-006   4.6857015762682406E-006   4.0092160652664645E-006   3.3757629551701163E-006   2.7964375145803920E-006   2.2786539819982077E-006   1.8261697136468690E-006   1.4393825441843118E-006   1.1158430611705355E-006   8.5090426752443081E-007   6.3842501898450969E-007   4.7145019415147979E-007   3.4280693800542556E-007   2.4557821790285326E-007   1.7343773703412452E-007   1.2085008494985273E-007   8.3154387537194336E-008   5.6557767468234213E-008   3.8067136948060310E-008   2.5385613417402043E-008   1.6794924500740178E-008   1.1039194835303090E-008   7.2197388369464122E-009   4.7056834702899026E-009   3.0617265624744044E-009   1.9920800941851495E-009   1.2984421332775161E-009   8.4939993471546941E-010   5.5871290969876870E-010   3.7023236590436242E-010   2.4762548002653412E-010   1.6748490164496020E-010   1.1477087650398593E-010   7.9829991502561890E-011   5.6462733980340514E-011   4.0679617250299245E-011   2.9904568550993577E-011   2.2466420880621181E-011   1.7274833210890786E-011   1.3613769104723544E-011   1.1009728446838895E-011   9.1474827069685601E-012   7.8160324985008991E-012   6.8738547435178348E-012   6.2265350509366138E-012   5.8124325641443094E-012   5.5936006156628752E-012
  -7.4779203058542529E-008  -3.9389988722702681E-007  -9.6735764565126249E-007  -1.7932284441978295E-006  -2.8665641444684369E-006  -4.1774028506523619E-006  -5.7082535790850314E-006  -7.4314137476009459E-006  -9.3065591529929048E-006  -1.1279193806428019E-005  -1.3280627194576462E-005  -1.5230069587031771E-005  -1.7039133067751216E-005  -1.8618499381559498E-005  -1.9885882312599677E-005  -2.0773894299604923E-005  -2.1236264875011537E-005  -2.1251177686833146E-005  -2.0821209498524068E-005  -1.9970199957021102E-005  -1.8738040701648607E-005  -1.7174646960533853E-005  -1.5334255302691527E-005  -1.3270819226132373E-005  -1.1034837492110543E-005  -8.6715914845314405E-006  -6.2205494076911740E-006  -3.7156108978408832E-006  -1.1858750575812725E-006   1.3433276904388984E-006   3.8493291381041683E-006   6.3110682754871259E-006   8.7081660933411904E-006   1.1020176998303207E-005   1.3226045158836450E-005   1.5303784535417526E-005   1.7230396622264616E-005   1.8982036591653795E-005   2.0534433882658795E-005   2.1863565351826647E-005   2.2946566692791604E-005   2.3762850550507166E-005   2.4295378175520362E-005   2.4532007246068767E-005   2.4466814439165854E-005   2.4101271301802596E-005   2.3445140484908886E-005   2.2516961010353929E-005   2.1344009614865339E-005   1.9961662081399851E-005   1.8412132633531341E-005   1.6742636207575923E-005   1.5003089536158930E-005   1.3243531735933949E-005   1.1511491993020883E-005   9.8495511037922975E-006   8.2933292370111859E-006   6.8700844067771138E-006   5.5980313455764196E-006   4.4864008287050287E-006   3.5361702081054984E-006   2.7413219305555347E-006   2.0904395805735175E-006   1.5684360337851659E-006   1.1582244485776086E-006   8.4218307320179551E-007   6.0331864316382261E-007   4.2608917179453992E-007   2.9689566514530301E-007   2.0428762689678269E-007   1.3894699227581826E-007   9.3520561317592386E-008   6.2365520425978054E-008   4.1260543366883088E-008   2.7120287189347892E-008   1.7736926745628388E-008   1.1560579221385881E-008   7.5218260257388682E-009   4.8939967563337489E-009   3.1899177119786673E-009   2.0867436615373159E-009   1.3726050278569465E-009   9.0955980674404370E-010   6.0834817320220132E-010   4.1146465953681279E-010   2.8196069681538162E-010   1.9612048539006227E-010   1.3871351576509582E-010   9.9938708710414605E-011   7.3467357005882726E-011   5.5193859748091015E-011   4.2439546821641243E-011   3.3445312264474005E-011   2.7047895616761245E-011   2.2472866476197249E-011   1.9201856979307616E-011   1.6887183577506906E-011   1.5296895899204346E-011   1.4279559195666779E-011   1.3741948869303726E-011
  -1.3862104439696226E-007  -7.3018721642881193E-007  -1.7932284441978295E-006  -3.3241812896219980E-006  -5.3138821109818075E-006  -7.7438830102281793E-006  -1.0581793633424189E-005  -1.3776312046057713E-005  -1.7252757717678196E-005  -2.0910193102248294E-005  -2.4621369454365288E-005  -2.8236591665625062E-005  -3.1592038358882170E-005  -3.4522100622728620E-005  -3.6874130402772456E-005  -3.8523027761099643E-005  -3.9382790620277299E-005  -3.9412735689282262E-005  -3.8617422974225414E-005  -3.7040882971641005E-005  -3.4756972493446209E-005  -3.1858199712307780E-005  -2.8445142193952958E-005  -2.4617894173998630E-005  -2.0470169235051630E-005  -1.6086017902643392E-005  -1.1538712675638098E-005  -6.8911953448225107E-006  -2.1974981350487190E-006   2.4953436520554773E-006   7.1452392289873823E-006   1.1713084596132164E-005   1.6161045302239265E-005   2.0451166767668086E-005   2.4544364860500320E-005   2.8399831598976289E-005   3.1974882041584373E-005   3.5225262211558146E-005   3.8105929263146550E-005   4.0572300386905918E-005   4.2581943919974455E-005   4.4096654059144104E-005   4.5084810529710525E-005   4.5523879624324433E-005   4.5402868404547304E-005   4.4724506689680631E-005   4.3506910139449361E-005   4.1784480721238625E-005   3.9607834948837990E-005   3.7042618693047541E-005   3.4167167878082888E-005   3.1069098224844860E-005   2.7841039176724290E-005   2.4575847316050169E-005   2.1361721612600990E-005   1.8277678408105335E-005   1.5389817334414241E-005   1.2748720519265542E-005   1.0388188628105002E-005   8.3253509505453741E-006   6.5620210400205652E-006   5.0870321259267524E-006   3.8791988651266294E-006   2.9105242486764500E-006   2.1493004342988159E-006   1.5628269652277504E-006   1.1195696676058738E-006   7.9068748901431088E-007   5.5094496499687598E-007   3.7909357019404961E-007   2.5784190371282397E-007   1.7354473720196107E-007   1.1573078236706168E-007   7.6566584912941719E-008   5.0326718532718490E-008   3.2914154123021380E-008   2.1452796687091787E-008   1.3958141736174577E-008   9.0817176197218577E-009   5.9194832295164935E-009   3.8723394017736792E-009   2.5471228715316080E-009   1.6878566884295138E-009   1.1289027081227934E-009   7.6354888083553740E-010   5.2323029162833048E-010   3.6393788080111300E-010   2.5740861661652074E-010   1.8545478105320323E-010   1.3633228561134035E-010   1.0242242737196452E-010   7.8754437807464448E-011   6.2063970003300032E-011   5.0192378736039855E-011   4.1702564970250026E-011   3.5632601135943165E-011   3.1337296020535290E-011   2.8386222754876027E-011   2.6498366118990699E-011   2.5500730608261887E-011
  -2.2159233586811749E-007  -1.1672392178147071E-006  -2.8665641444684369E-006  -5.3138821109818075E-006  -8.4945759554113413E-006  -1.2379222159366056E-005  -1.6916160566693166E-005  -2.2023563512440922E-005  -2.7582297024234307E-005  -3.3431302651777892E-005  -3.9367468605061768E-005  -4.5151739962622841E-005  -5.0522335485809423E-005  -5.5214395039078228E-005  -5.8983513744413223E-005  -6.1629076177309146E-005  -6.3012797641476427E-005  -6.3068791660124269E-005  -6.1803581971038883E-005  -5.9286980004841161E-005  -5.5636723234499382E-005  -5.1000612374576950E-005  -4.5539555320628158E-005  -3.9413834071064165E-005  -3.2773614394073248E-005  -2.5753645921618257E-005  -1.8471442583410614E-005  -1.1027975918501679E-005  -3.5099376020170727E-006   4.0072036636739966E-006   1.1455916669453185E-005   1.8773471120994204E-005   2.5899184902745015E-005   3.2772195558602776E-005   3.9329840911800170E-005   4.5506704959029385E-005   5.1234370906337515E-005   5.6441913173410028E-005   6.1057146307998765E-005   6.5008625164903947E-005   6.8228353797252493E-005   7.0655109128364392E-005   7.2238221315201024E-005   7.2941580716412666E-005   7.2747569888135109E-005   7.1660559482344285E-005   6.9709572769408677E-005   6.6949728290787539E-005   6.3462124781002652E-005   5.9351942115471473E-005   5.4744693090484076E-005   4.9780759277207664E-005   4.4608555649234053E-005   3.9376861230517630E-005   3.4226992460412762E-005   2.9285552952957821E-005   2.4658450537515112E-005   2.0426730117713006E-005   1.6644548484102492E-005   1.3339350697267135E-005   1.0514042164682549E-005   8.1507305624621592E-006   6.2154713118398279E-006   4.6634058562235212E-006   3.4437299798040775E-006   2.5040490813726722E-006   1.7938372726276753E-006   1.2668837573225351E-006   8.8275483030859230E-007   6.0740489492332316E-007   4.1312868866553157E-007   2.7806305591616201E-007   1.8543030870578609E-007   1.2267924628295596E-007   8.0636269425071247E-008   5.2736888625969076E-008   3.4372863608264715E-008   2.2364510406540618E-008   1.4551232479595973E-008   9.4845247506031289E-009   6.2044771566792125E-009   4.0811416219070860E-009   2.7043776311922825E-009   1.8087905367201388E-009   1.2234003597162989E-009   8.3834858322222892E-010   5.8312144706376028E-010   4.1243435229518010E-010   2.9714592741081655E-010   2.1843914201886117E-010   1.6410688756668710E-010   1.2618472296828325E-010   9.9442330544277187E-011   8.0421009211938329E-011   6.6818159215940099E-011   5.7092526876277567E-011   5.0210351068225058E-011   4.5481978005188418E-011   4.2457149527427830E-011   4.0858682650356123E-011
  -3.2292267732157114E-007  -1.7009980752908163E-006  -4.1774028506523619E-006  -7.7438830102281793E-006  -1.2379222159366056E-005  -1.8040721607844472E-005  -2.4653415951912090E-005  -3.2098549600452486E-005  -4.0203179075688727E-005  -4.8733397759892402E-005  -5.7394034168839890E-005  -6.5837372551556865E-005  -7.3682187644536184E-005  -8.0542167584167560E-005  -8.6060094176428387E-005  -8.9941887567341304E-005  -9.1983836911571122E-005  -9.2087604916622572E-005  -9.0260606786993596E-005  -8.6603005556526224E-005  -8.1285478358567484E-005  -7.4523190156685826E-005  -6.6550975772275634E-005  -5.7603160822593819E-005  -4.7899559180371992E-005  -3.7637604869717755E-005  -2.6989598206928568E-005  -1.6103656227908430E-005  -5.1069841908049185E-006   5.8896714766833896E-006   1.6787222893101261E-005   2.7493650646477887E-005   3.7919971429290037E-005   4.7976971192300263E-005   5.7572829485985443E-005   6.6611717863179277E-005   7.4993433926659760E-005   8.2614117679308578E-005   8.9368076395656554E-005   9.5150709661375924E-005   9.9862472197501112E-005   1.0341373689225507E-004   1.0573032657532996E-004   1.0675937770799221E-004   1.0647509454373613E-004   1.0488386517148249E-004   1.0202816087682404E-004   9.7988647267246119E-005   9.2884015574768011E-005   8.6868202990524897E-005   8.0124906601944336E-005   7.2859585936398103E-005   6.5289458606708915E-005   5.7632275367715710E-005   5.0094864992972694E-005   4.2862522777930893E-005   3.6090253848902024E-005   2.9896674113692222E-005   2.4361046183118991E-005   1.9523537516108584E-005   1.5388399465128790E-005   1.1929443947801978E-005   9.0969889210832848E-006   6.8253787573155543E-006   5.0402558676250916E-006   3.6649350714497556E-006   2.6254663223626916E-006   1.8542152173935525E-006   1.2920027674554488E-006   8.8899967139880265E-007   6.0465638334336902E-007   4.0697389821127951E-007   2.7139632683823621E-007   1.7955368585349935E-007   1.1801946350400136E-007   7.7185851097809981E-008   5.0308213422815257E-008   3.2732755208888314E-008   2.1297220894653407E-008   1.3881574237607581E-008   9.0808881487828057E-009   5.9731688792352884E-009   3.9581336582752399E-009   2.6473501726731906E-009   1.7905716778767835E-009   1.2270089652490396E-009   8.5345791612938349E-010   6.0363987781749830E-010   4.3490346665372915E-010   3.1970803073824364E-010   2.4018721629091024E-010   1.8468424812315716E-010   1.4554402075721415E-010   1.1770437106463841E-010   9.7795208602296726E-011   8.3560750861843061E-011   7.3487982643077888E-011   6.6567525057278065E-011   6.2140379216329286E-011   5.9800859461970731E-011
  -4.4125940458634826E-007  -2.3243391022595357E-006  -5.7082535790850314E-006  -1.0581793633424189E-005  -1.6916160566693166E-005  -2.4653415951912090E-005  -3.3691844294373103E-005  -4.3870284506023638E-005  -5.4953935663800136E-005  -6.6624998087353493E-005  -7.8482004767276090E-005  -9.0051322400740879E-005  -1.0081264816213312E-004  -1.1023736952164337E-004  -1.1783499895661148E-004  -1.2319977530853785E-004  -1.2604834402279996E-004  -1.2624101582565733E-004  -1.2378311195411289E-004  -1.1880786336730501E-004  -1.1154638901879719E-004  -1.0229215307622597E-004  -9.1366810823786699E-005  -7.9092256710469675E-005  -6.5771094547516210E-005  -5.1675552103546565E-005  -3.7043480841532584E-005  -2.2079514752862395E-005  -6.9594801147387496E-006   8.1635250406505197E-006   2.3152543692318459E-005   3.7880443912078655E-005   5.2224361018588918E-005   6.6061189306463358E-005   7.9264299528177426E-005   9.1701597865701873E-005   1.0323501187576485E-004   1.1372146781127244E-004   1.2301539531648140E-004   1.3097274779179483E-004   1.3745645232708577E-004   1.4234309961815353E-004   1.4553055508444992E-004   1.4694602742269686E-004   1.4655398686854183E-004   1.4436320552513261E-004   1.4043212335430866E-004   1.3487175309382323E-004   1.2784544744426693E-004   1.1956507270837045E-004   1.1028345750853900E-004   1.0028338496094027E-004   8.9863822666561612E-005   7.9324472765442193E-005   6.8950005221258900E-005   5.8995452291209849E-005   4.9674155938709237E-005   4.1149373187843219E-005   3.3530196398913658E-005   2.6871908552276542E-005   2.1180358801037970E-005   1.6419500427908832E-005   1.2520950428782848E-005   9.3943403760218457E-006   6.9373249007217116E-006   5.0443552112990744E-006   3.6136472921341463E-006   2.5521100108003820E-006   1.7782902240484489E-006   1.2236036112585810E-006   8.3223839720348770E-007   5.6015165670632714E-007   3.7354506194985384E-007   2.4713447184974995E-007   1.6243986166076123E-007   1.0623720754979888E-007   6.9243310151964004E-008   4.5052766887468042E-008   2.9313104877488605E-008   1.9106343844107490E-008   1.2498767225822392E-008   8.2213593817321579E-009   5.4479019387168267E-009   3.6437637012408427E-009   2.4645096035582267E-009   1.6888323147324773E-009   1.1746835760396598E-009   8.3083866714469264E-010   5.9859300881678644E-010   4.4004015593508361E-010   3.3058918945755631E-010   2.5419593989606984E-010   2.0032406206497190E-010   1.6200608866341809E-010   1.3460348988226719E-010   1.1501144867573875E-010   1.0114747911856111E-010   9.1622290933889425E-011   8.5528850350822804E-011   8.2308779204243014E-011
  -5.7446016434736184E-007  -3.0259781795613576E-006  -7.4314137476009459E-006  -1.3776312046057713E-005  -2.2023563512440922E-005  -3.2098549600452486E-005  -4.3870284506023638E-005  -5.7131173255824095E-005  -7.1578563711929266E-005  -8.6802367868534544E-005  -1.0228368884329199E-004  -1.1740897265948916E-004  -1.3150217802993495E-004  -1.4387374851224235E-004  -1.5388049760686821E-004  -1.6098640546526518E-004  -1.6481258524494140E-004  -1.6516645870691475E-004  -1.6204517565992122E-004  -1.5561472331008738E-004  -1.4617160108526544E-004  -1.3409662271688275E-004  -1.1980998570275026E-004  -1.0373412575972633E-004  -8.6267489288257350E-005  -6.7769418728383558E-005  -4.8554455839996388E-005  -2.8893559352399545E-005  -9.0197173529388264E-006   1.0864152497365318E-005   3.0576572904702343E-005   4.9949196681252399E-005   6.8819474545106762E-005   8.7024696093617127E-005   1.0439764255922932E-004   1.2076400720623589E-004   1.3594169742898700E-004   1.4974210374111419E-004   1.6197338287917107E-004   1.7244573919784648E-004   1.8097859052118611E-004   1.8740936839671660E-004   1.9160353266929535E-004   1.9346518948820345E-004   1.9294751239911791E-004   1.9006200836339170E-004   1.8488558006752470E-004   1.7756434865162765E-004   1.6831334593723718E-004   1.5741147599423186E-004   1.4519157303606361E-004   1.3202590892272628E-004   1.1830806436904191E-004   1.0443258861717701E-004   9.0774242171543217E-005   7.7668768316393989E-005   6.5397025659087130E-005   5.4173936423891707E-005   4.4143115401583777E-005   3.5377337639228334E-005   2.7884298853158816E-005   2.1616539172574573E-005   1.6484028366730121E-005   1.2367792791923410E-005   9.1330915847498061E-006   6.6409670107929101E-006   4.7574180924893084E-006   3.3598884403466874E-006   2.3411434497642824E-006   1.6108906490847780E-006   1.0956529020110495E-006   7.3744699379893167E-007   4.9177690663229080E-007   3.2535569314514464E-007   2.1385413402618524E-007   1.3986261574232429E-007   9.1159678466762098E-008   5.9312523147765698E-008   3.8591061407376043E-008   2.5153734010090230E-008   1.6454778120327584E-008   1.0823518443656366E-008   7.1722280526406661E-009   4.7970582865051342E-009   3.2445561061638271E-009   2.2233676843514849E-009   1.5464847505681627E-009   1.0938088512266127E-009   7.8805469787199002E-010   5.7931799938787467E-010   4.3522451628624385E-010   3.3465190802111815E-010   2.6372895090722099E-010   2.1328289168764704E-010   1.7720705106706324E-010   1.5141390081661966E-010   1.3316182372944776E-010   1.2062180285119931E-010   1.1259971759363015E-010   1.0836045656675372E-010
  -7.1940660427723512E-007  -3.7894903747591346E-006  -9.3065591529929048E-006  -1.7252757717678196E-005  -2.7582297024234307E-005  -4.0203179075688727E-005  -5.4953935663800136E-005  -7.1578563711929266E-005  -8.9703487650500362E-005  -1.0882172423173461E-004  -1.2829028146393647E-004  -1.4734642366583299E-004  -1.6514611851015906E-004  -1.8082359450771767E-004  -1.9356524833754281E-004  -2.0268592267382566E-004  -2.0769304527978706E-004  -2.0832584073338068E-004  -2.0456265881181826E-004  -1.9659738010400273E-004  -1.8479290026220414E-004  -1.6962349857423931E-004  -1.5161777515531143E-004  -1.3131077071582746E-004  -1.0920964436673581E-004  -8.5773470790839561E-005  -6.1405182991221404E-005  -3.6452540150003443E-005  -1.1214903373560342E-005   1.4046907798970036E-005   3.9099713560342337E-005   6.3727407690617941E-005   8.7721597955210922E-005   1.1087397754332612E-004   1.3297074401515994E-004   1.5378927086435711E-004   1.7309717984700078E-004   1.9065392334169704E-004   2.0621493658051112E-004   2.1953833886010705E-004   2.3039403794485858E-004   2.3857491851688101E-004   2.4390957920532633E-004   2.4627583998402999E-004   2.4561400068659272E-004   2.4193863062289470E-004   2.3534755420046838E-004   2.2602671377509707E-004   2.1424977551704019E-004   2.0037171422422547E-004   1.8481615675633420E-004   1.6805693369212311E-004   1.5059500268399219E-004   1.3293255700672776E-004   1.1554660356684473E-004   9.8864487005199223E-005   8.3243692086742898E-005   6.8957776039517760E-005   5.6189531738676501E-005   4.5031582936773881E-005   3.5493716509015741E-005   2.7515514119426376E-005   2.0982371628601590E-005   1.5742844474122492E-005   1.1625419283636349E-005   8.4532159735261676E-006   6.0556645620948095E-006   4.2767632858519262E-006   2.9800136962578762E-006   2.0504830675574893E-006   1.3946429093928753E-006   9.3868688928235143E-007   6.2597644988512712E-007   4.1414097680566563E-007   2.7221207052654693E-007   1.7802923151103923E-007   1.1603590747035859E-007   7.5498090916240186E-008   4.9122023781762698E-008   3.2017834272558847E-008   2.0945053938121253E-008   1.3777102251673933E-008   9.1294261726216754E-009   6.1061062835568474E-009   4.1299484265439261E-009   2.8300923471330958E-009   1.9684978281249234E-009   1.3922932370543101E-009   1.0031032245547053E-009   7.3740532932465772E-010   5.5399084554625530E-010   4.2597344987413376E-010   3.3569666212644597E-010   2.7148461773572344E-010   2.2556421350250497E-010   1.9273249440811749E-010   1.6949969602959444E-010   1.5353768950799803E-010   1.4332649628839311E-010   1.3793040389558366E-010
  -8.7188462342722434E-007  -4.5926790908705155E-006  -1.1279193806428019E-005  -2.0910193102248294E-005  -3.3431302651777892E-005  -4.8733397759892402E-005  -6.6624998087353493E-005  -8.6802367868534544E-005  -1.0882172423173461E-004  -1.3207953478797319E-004  -1.5580796206452743E-004  -1.7909221632045089E-004  -2.0091412123411444E-004  -2.2022130229332326E-004  -2.3601480694630789E-004  -2.4744157297135378E-004  -2.5387456325916600E-004  -2.5496463706691148E-004  -2.5065455519783085E-004  -2.4115485052117957E-004  -2.2689016847891058E-004  -2.0843001129760286E-004  -1.8641838194151278E-004  -1.6151350913288617E-004  -1.3434373611480069E-004  -1.0548082246218199E-004  -7.5428548992846351E-005  -4.4622888393696465E-005  -1.3439745911578615E-005   1.7793184584644496E-005   4.8783062104614308E-005   7.9258828176456090E-005   1.0895956247812023E-004   1.3762495312257046E-004   1.6498829682268684E-004   1.9077229539056511E-004   2.1468783770950018E-004   2.3643590426335930E-004   2.5571266804416828E-004   2.7221776469483583E-004   2.8566554964115827E-004   2.9579894510107694E-004   3.0240521186450202E-004   3.0533268003054339E-004   3.0450717428864746E-004   2.9994662063251494E-004   2.9177217888784782E-004   2.8021426579195614E-004   2.6561206225745806E-004   2.4840555738628485E-004   2.2911985592020376E-004   2.0834230634851397E-004   1.8669389189174900E-004   1.6479713241779990E-004   1.4324332896216378E-004   1.2256222100557977E-004   1.0319694761279211E-004   8.5486607839743776E-005   6.9657785117252706E-005   5.5825284998070535E-005   4.4001224625564691E-005   3.4110691754657601E-005   2.6011603452605111E-005   1.9516208552602065E-005   1.4411878802602581E-005   1.0479334475909928E-005   7.5071196070460711E-006   5.3018391599658387E-006   3.6942767456782974E-006   2.5419511590970809E-006   1.7289160321936203E-006   1.1636744745728894E-006   7.7601236347479894E-007   5.1340341105932102E-007   3.3745652915522320E-007   2.2069967428706999E-007   1.4384762784158968E-007   9.3593611242873029E-008   6.0895671659802167E-008   3.9691916696895095E-008   2.5965192814389898E-008   1.7079214979492392E-008   1.1317577134815486E-008   7.5696239381480579E-009   5.1198181912041481E-009   3.5084111855542909E-009   2.4403088343889101E-009   1.7259990038253943E-009   1.2435276064486451E-009   9.1414703809287289E-010   6.8677164315808072E-010   5.2807095605644668E-010   4.1615657435330434E-010   3.3655415183734937E-010   2.7962752150995055E-010   2.3892668009703203E-010   2.1012543393460022E-010   1.9033764666765954E-010   1.7767903030805434E-010   1.7098960024012836E-010
  -1.0265828190508801E-006  -5.4075677117404169E-006  -1.3280627194576462E-005  -2.4621369454365288E-005  -3.9367468605061768E-005  -5.7394034168839890E-005  -7.8482004767276090E-005  -1.0228368884329199E-004  -1.2829028146393647E-004  -1.5580796206452743E-004  -1.8395048854089318E-004  -2.1165611400634308E-004  -2.3773426464200864E-004  -2.6094229359802502E-004  -2.8008534652942279E-004  -2.9412483687363093E-004  -3.0227607622451171E-004  -3.0407583456141298E-004  -2.9940684099155916E-004  -2.8847667309895122E-004  -2.7175931809882213E-004  -2.4991503082885235E-004  -2.2370593330363030E-004  -1.9392163412316809E-004  -1.6132328947886785E-004  -1.2660854541891121E-004  -9.0395391564938627E-005  -5.3220641436217979E-005  -1.5548201950503027E-005   2.2217170282740268E-005   5.9713940642223918E-005   9.6607998821647589E-005   1.3257847045885796E-004   1.6730603909973337E-004   2.0046432170937526E-004   2.3171464227418392E-004   2.6070444276304606E-004   2.8706950092917633E-004   3.1044004419519084E-004   3.3045072477147020E-004   3.4675423242317663E-004   3.5903806058009140E-004   3.6704361652749470E-004   3.7058650184011027E-004   3.6957642719711095E-004   3.6403492421296354E-004   3.5410884423225795E-004   3.4007765894502261E-004   3.2235285561341820E-004   3.0146827676215691E-004   2.7806107235458480E-004   2.5284394043795477E-004   2.2657040627812092E-004   1.9999586796083058E-004   1.7383784470565941E-004   1.4873915356405619E-004   1.2523752290024382E-004   1.0374442815826764E-004   8.4534805981053112E-005   6.7747949263379518E-005   5.3398537447104683E-005   4.1395639276379926E-005   3.1566812038478603E-005   2.3684195542227879E-005   1.7489742861006702E-005   1.2717337648799344E-005   9.1103601872568150E-006   6.4341103399699267E-006   4.4832313750682875E-006   3.0848121539586118E-006   2.0981437460820071E-006   1.4121885300737015E-006   9.4173706335186331E-007   6.2304531926740478E-007   4.0952328620278476E-007   2.6783192843440883E-007   1.7456744710847727E-007   1.1358125693936321E-007   7.3900403353746952E-008   4.8168417729721871E-008   3.1510245990939091E-008   2.0726600914648106E-008   1.3734523203254152E-008   9.1861678736220268E-009   6.2131890293031245E-009   4.2576550542886618E-009   2.9614522908133365E-009   2.0945968938660000E-009   1.5090906039616022E-009   1.1093687120997247E-009   8.3343586861495573E-010   6.4084366125871960E-010   5.0502927344191561E-010   4.0842726732836812E-010   3.3934361006400573E-010   2.8995085891137455E-010   2.5499893416233033E-010   2.3098534693575216E-010   2.1562340780803653E-010   2.0750541026487982E-010
  -1.1772547874453171E-006  -6.2012542447258029E-006  -1.5230069587031771E-005  -2.8236591665625062E-005  -4.5151739962622841E-005  -6.5837372551556865E-005  -9.0051322400740879E-005  -1.1740897265948916E-004  -1.4734642366583299E-004  -1.7909221632045089E-004  -2.1165611400634308E-004  -2.4384366320367849E-004  -2.7430317913863095E-004  -3.0160682023361009E-004  -3.2435983635707515E-004  -3.4132357988807553E-004  -3.5153135686983087E-004  -3.5437476664917694E-004  -3.4964347807170978E-004  -3.3751228907297637E-004  -3.1848201977322942E-004  -2.9329063227042805E-004  -2.6281482179374839E-004  -2.2797996443445066E-004  -1.8968998869945086E-004  -1.4878154308705678E-004  -1.0600110789083574E-004  -6.2000408101772796E-005  -1.7344427998453493E-005   2.7473249186925623E-005   7.2011946136118642E-005   1.1586519068005659E-004   1.5864373002615794E-004   1.9996144118755553E-004   2.3942485054213576E-004   2.7662670906110760E-004   3.1114392537160600E-004   3.4254006459348611E-004   3.7037251936874777E-004   3.9420430882315725E-004   4.1362023520213778E-004   4.2824681699451790E-004   4.3777503024470534E-004   4.4198445553695861E-004   4.4076699696720789E-004   4.3414798036254111E-004   4.2230223248490334E-004   4.0556277297769719E-004   3.8442008248789028E-004   3.5951057485654627E-004   3.3159387704089486E-004   3.0151972247992163E-004   2.7018654442522919E-004   2.3849502197558181E-004   2.0730067616455758E-004   1.7736995860161923E-004   1.4934401610023861E-004   1.2371345272866376E-004   1.0080606394083267E-004   8.0787903504648428E-005   6.3676436219582528E-005   4.9363197365184690E-005   3.7642529399344230E-005   2.8242697221581246E-005   2.0855974021736750E-005   1.5165014493660205E-005   1.0863800884221674E-005   7.6724561822020414E-006   5.3460961344908210E-006   3.6785279868910618E-006   2.5019598605039533E-006   1.6839824499542841E-006   1.1229860156535188E-006   7.4295779860509422E-007   4.8834073174248155E-007   3.1937914332989742E-007   2.0816481889290734E-007   1.3544114723762568E-007   8.8123280145195593E-008   5.7438901811080800E-008   3.7574693957155220E-008   2.4715628731636638E-008   1.6377857628529106E-008   1.0954128095300522E-008   7.4089718336753545E-009   5.0770775281792795E-009   3.5314089497609919E-009   2.4977196088809910E-009   1.7995275636834441E-009   1.3228757807536284E-009   9.9383733508435668E-010   7.6417915187623079E-010   6.0222616419158840E-010   4.8703231167124726E-010   4.0465294363433797E-010   3.4575415902918376E-010   3.0407545585070591E-010   2.7544026182998915E-010   2.5712179510302878E-010   2.4744142436640950E-010
  -1.3170674666080737E-006  -6.9377458777739831E-006  -1.7039133067751216E-005  -3.1592038358882170E-005  -5.0522335485809423E-005  -7.3682187644536184E-005  -1.0081264816213312E-004  -1.3150217802993495E-004  -1.6514611851015906E-004  -2.0091412123411444E-004  -2.3773426464200864E-004  -2.7430317913863095E-004  -3.0912997713067189E-004  -3.4061735593792587E-004  -3.6717587397480471E-004  -3.8735834380240015E-004  -3.9999321855902848E-004  -4.0429218695113870E-004  -3.9991051682646765E-004  -3.8694899802942041E-004  -3.6590040161623197E-004  -3.3755602707492035E-004  -3.0289470426503518E-004  -2.6297605456475175E-004  -2.1885365097527913E-004  -1.7151541104083387E-004  -1.2185125668096871E-004  -7.0643427994970852E-005  -1.8572961583233081E-005   3.3764031087741577E-005   8.5835491234978456E-005   1.3715171919851093E-004   1.8724536096791230E-004   2.3565463210743927E-004   2.8191072200930381E-004   3.2552996191710599E-004   3.6601114035999562E-004   4.0283822106124687E-004   4.3548858946338754E-004   4.6344677237984824E-004   4.8622330801932986E-004   5.0337807806804255E-004   5.1454695913013540E-004   5.1947014134750007E-004   5.1801995615366957E-004   5.1022563391428836E-004   4.9629217130276381E-004   4.7661052401980555E-004   4.5175673057693889E-004   4.2247835392597626E-004   3.8966777450838560E-004   3.5432328091921121E-004   3.1750040950259694E-004   2.8025735463172699E-004   2.4359926393628282E-004   2.0842663834715004E-004   1.7549275244386429E-004   1.4537399773221487E-004   1.1845546898444414E-004   9.4932217355027712E-005   7.4824704871365500E-005   5.8005429716455220E-005   4.4232692470802927E-005   3.3187157185054285E-005   2.4507202769923466E-005   1.7819911829918625E-005   1.2765682329372488E-005   9.0156329044007911E-006   6.2820035928521741E-006   4.3225013204520473E-006   2.9399578033333733E-006   1.9787824081316557E-006   1.3195765098135597E-006   8.7301990606388232E-007   5.7382933323117637E-007   3.7528928174629395E-007   2.4460581325737538E-007   1.5915119808626122E-007   1.0354992871622816E-007   6.7493997680702435E-008   4.4152404725274476E-008   2.9042264011654764E-008   1.9244906416979220E-008   1.2871715784302454E-008   8.7059564972107798E-009   5.9658492346609482E-009   4.1496018493228869E-009   2.9349590176375574E-009   2.1145444053546554E-009   1.5544520358105477E-009   1.1678135964848652E-009   8.9795250988778840E-010   7.0764879540570969E-010   5.7228966043630069E-010   4.7548936239624506E-010   4.0628004794966254E-010   3.5730527941585037E-010   3.2365735272050008E-010   3.0213214813358103E-010   2.9075718098800038E-010
  -1.4391169460098400E-006  -7.5806756986873764E-006  -1.8618499381559498E-005  -3.4522100622728620E-005  -5.5214395039078228E-005  -8.0542167584167560E-005  -1.1023736952164337E-004  -1.4387374851224235E-004  -1.8082359450771767E-004  -2.2022130229332326E-004  -2.6094229359802502E-004  -3.0160682023361009E-004  -3.4061735593792587E-004  -3.7623478984056733E-004  -4.0669205632423591E-004  -4.3033483629898703E-004  -4.4576968052909347E-004  -4.5199371864229935E-004  -4.4848042902679517E-004  -4.3520423311237843E-004  -4.1260099522032282E-004  -3.8147681158120627E-004  -3.4288805619572615E-004  -2.9801820144703439E-004  -2.4807199681295720E-004  -1.9419861055069922E-004  -1.3744630856426306E-004  -7.8744791827154359E-005  -1.8908162912226450E-005   4.1348987745640784E-005   1.0138881682189051E-004   1.6062560332270046E-004   2.1850253370262114E-004   2.7447196577102786E-004   3.2798043188162412E-004   3.7845915344413445E-004   4.2532055973052931E-004   4.6796112630543370E-004   5.0577068318402422E-004   5.3814812440608668E-004   5.6452313752447872E-004   5.8438314668705070E-004   5.9730413625951691E-004   6.0298343172508631E-004   6.0127192866518860E-004   5.9220277285926173E-004   5.7601321585237222E-004   5.5315641254059420E-004   5.2430038057780441E-004   4.9031224820462376E-004   4.5222724819589497E-004   4.1120355510910404E-004   3.6846580977673617E-004   3.2524176540063663E-004   2.8269764142836647E-004   2.4187824212823665E-004   2.0365754360751330E-004   1.6870427770609848E-004   1.3746520486229098E-004   1.1016656742767576E-004   8.6832022770640027E-005   6.7313539272625847E-005   5.1330578810043079E-005   3.8512522319278391E-005   2.8439691498074672E-005   2.0679307989931752E-005   1.4814052285060552E-005   1.0462260177255014E-005   7.2899909657251481E-006   5.0160690781834868E-006   3.4116862114391611E-006   2.2962843837758404E-006   1.5313056709836080E-006   1.0130973411013751E-006   6.6590076820850169E-007   4.3550455179214108E-007   2.8385274596051572E-007   1.8468688063634415E-007   1.2016438383873221E-007   7.8323295740800369E-008   5.1236566627904814E-008   3.3702025002468344E-008   2.2332698993140372E-008   1.4936943662287178E-008   1.0102798624191620E-008   6.9230487425395704E-009   4.8153899727670096E-009   3.4058616693636610E-009   2.4538143881102440E-009   1.8038572533062518E-009   1.3551841603422524E-009   1.0420249383006401E-009   8.2118777637929260E-010   6.6411084085652879E-010   5.5177935390038451E-010   4.7146571008066008E-010   4.1463315910200007E-010   3.7558657488860032E-010   3.5060774947893474E-010   3.3740772104798020E-010
