# Version 0.32
# Potential name = chengdu_MMWLY_400   
# L = 1
# S = 1
# J = 0
# Order = 0                   
# K_MAX = 0800 MeV
# For uncoupled channels, e.g., 3P0 (LSJ = 110)
# storage = D(1:N，1:N) (row, column)
# D(i,j)  = <pout(j),L|V|L,pin(i)>
# Normalization
# If V were so weak as to validate the Born approximation, the relation of V
# in 1S0 and the respective scattering length 'a' would have been
# <p|V|p> = 2/pi * a + ... for p->0, in unit of MeV^(-1)
# Momenta are in unit of MeV
# The value of pin and pout, where pin(1:N) = pout(1:N)
  0.11450929062345949       0.60321974416166313        1.4819461067499446        2.7500251850226505        4.4062419028032878        6.4489837175771640        8.8762566052326974        11.685689694517464        14.874538297673780        18.439686829803293        22.377651945497576        26.684585982768169        31.356280741866385        36.388171606988124        41.775342011709199        47.512528245992655        53.594124601134183        60.014188848163485        66.766448044639674        73.844304664329513        81.240843043874179        88.948836140201820        96.960752592117160        105.26876407919173        113.86475297077743        122.74032025767923        131.88679375874364        141.29523659434830        150.95645591851689        160.86101190112851        170.99922695144753        181.36119517396233        191.93679204729480        202.71568431672361        213.68734009065676        224.84103913118742        236.16588332867937        247.65080735014803        259.28458945103131        271.05586243978837        282.95312478461119        294.96475185139860        307.07900726201041        319.28405436170561        331.56796778455868        343.91874510555442        356.32431856797552        368.77256687462534        381.25132703136336        393.74840623138277        406.25159376861723        418.74867296863664        431.22743312537466        443.67568143202448        456.08125489444558        468.43203221544132        480.71594563829439        492.92099273798959        505.03524814860140        517.04687521538881        528.94413756021163        540.71541054896875        552.34919264985194        563.83411667132066        575.15896086881253        586.31265990934321        597.28431568327642        608.06320795270517        618.63880482603770        629.00077304855245        639.13898809887155        649.04354408148311        658.70476340565165        668.11320624125642        677.25967974232071        686.13524702922257        694.73123592080833        703.03924740788284        711.05116385979818        718.75915695612582        726.15569533567054        733.23355195536033        739.98581115183651        746.40587539886587        752.48747175400740        758.22465798829080        763.61182839301182        768.64371925813361        773.31541401723189        777.62234805450248        781.56031317019665        785.12546170232622        788.31431030548254        791.12374339476730        793.55101628242278        795.59375809719677        797.24997481497735        798.51805389325000        799.39678025583839        799.88549070937654     
# Matrix elements start here 
  -2.7964827880647295E-009  -1.4731087215968491E-008  -3.6184958076586081E-008  -6.7119100385267641E-008  -1.0744017664149378E-007  -1.5697165339784081E-007  -2.1541337017448751E-007  -2.8229489999818228E-007  -3.5692652799064035E-007  -4.3835303808744897E-007  -5.2531702757909791E-007  -6.1623959809551492E-007  -7.0922643514211835E-007  -8.0210592506585492E-007  -8.9250270473092473E-007  -9.7794497697122585E-007  -1.0559977686819887E-006  -1.1244083948866503E-006  -1.1812463773802826E-006  -1.2250193714004520E-006  -1.2547498648178015E-006  -1.2700039394714805E-006  -1.2708715796745926E-006  -1.2579057618668858E-006  -1.2320330346009438E-006  -1.1944505465806696E-006  -1.1465235927092630E-006  -1.0896946113638167E-006  -1.0254103985325074E-006  -9.5507021103228001E-007  -8.7999414001906286E-007  -8.0140894463248883E-007  -7.2044740239180432E-007  -6.3815692590558559E-007  -5.5551342708856748E-007  -4.7343692600184484E-007  -3.9280602089142891E-007  -3.1446895692697757E-007  -2.3924961574904432E-007  -1.6794730147538090E-007  -1.0132974795670900E-007  -4.0119346603426723E-008   1.5026787677388382E-008   6.3541636978823390E-008   1.0497604698659537E-007   1.3902689054538778E-007   1.6556261497718799E-007   1.8464294266111681E-007   1.9652962064580965E-007   2.0168565205623426E-007   2.0076140247618737E-007   1.9456729728956056E-007   1.8403436910759077E-007   1.7016546620527429E-007   1.5398124305449163E-007   1.3646588152084966E-007   1.1851765869819698E-007   1.0090891818266787E-007   8.4258785763105615E-008   6.9020298020107121E-008   5.5481773893067650E-008   4.3780572527958861E-008   3.3926119269668917E-008   2.5828416676247390E-008   1.9328227695323062E-008   1.4225635349781350E-008   1.0304567934658198E-008   7.3519133775698338E-009   5.1708292638859610E-009   3.5886395262657480E-009   2.4602215338517343E-009   1.6680244343272244E-009   1.1198680957862973E-009   7.4552481500564672E-010   4.9285905091073475E-010   3.2405677724369290E-010   2.1225812651131261E-010   1.3873653800457770E-010   9.0649758712694959E-011   5.9317239382177513E-011   3.8944085283866191E-011   2.5702174292545110E-011   1.7084249883730109E-011   1.1459153814816250E-011   7.7708763097868015E-012   5.3378955576950912E-012   3.7210058541368217E-012   2.6371106154989419E-012   1.9034247232139921E-012   1.4015627637787305E-012   1.0545130382472764E-012   8.1190392690664702E-013   6.4058087878709193E-013   5.1857457803667979E-013   4.3123228973969973E-013   3.6873016509432262E-013   3.2446970075150990E-013   2.9404350456138765E-013   2.7457126100611286E-013   2.6427848257305024E-013
  -1.4731087215968491E-008  -7.7599237053146227E-008  -1.9061221438398777E-007  -3.5356460893362267E-007  -5.6596475709350324E-007  -8.2688275623780513E-007  -1.1347374924121975E-006  -1.4870509643482158E-006  -1.8801900588876039E-006  -2.3091231156820086E-006  -2.7672266761839469E-006  -3.2461837588782077E-006  -3.7360158647202307E-006  -4.2252837374078292E-006  -4.7014747666718944E-006  -5.1515682593131575E-006  -5.5627373756652621E-006  -5.9231153786455735E-006  -6.2225326918053600E-006  -6.4531275964531447E-006  -6.6097503073468558E-006  -6.6901145344974516E-006  -6.6946938077119148E-006  -6.6264006609371886E-006  -6.4901156188663669E-006  -6.2921447774684122E-006  -6.0396800975224517E-006  -5.7403200091864074E-006  -5.4016859725844094E-006  -5.0311490756947985E-006  -4.6356634132267216E-006  -4.2216914451319711E-006  -3.7952005625283641E-006  -3.3617084705162547E-006  -2.9263562170092843E-006  -2.4939904143182010E-006  -2.0692394634357736E-006  -1.6565718619000155E-006  -1.2603277559400833E-006  -8.8471781365199123E-007  -5.3378638884828067E-007  -2.1133897187401435E-007   7.9162819602807022E-008   3.3473199092998262E-007   5.5300244052367431E-007   7.3237732121552305E-007   8.7216361963602237E-007   9.7267593582619008E-007   1.0352931104328752E-006   1.0624541755678027E-006   1.0575851648540773E-006   1.0249552864605733E-006   9.6946909205151241E-007   8.9640944920395810E-007   8.1115302662844733E-007   7.1888436058947482E-007   6.2433545277793280E-007   5.3157490427319559E-007   4.4386418539833502E-007   3.6358983087000931E-007   2.9227066501427869E-007   2.3063027625948912E-007   1.7871831498540330E-007   1.3606068573596359E-007   1.0181854815961161E-007   7.4938765615521520E-008   5.4283100629182111E-008   3.8728906781711175E-008   2.7239244133903860E-008   1.8904477919902416E-008   1.2960121267756426E-008   8.7869318104037907E-009   5.8993167937645848E-009   3.9273259621599825E-009   2.5963161810804244E-009   1.7070881635597513E-009   1.1181476826525384E-009   7.3084569569126291E-010   4.7753091431786421E-010   3.1247535470437628E-010   2.0515227900549198E-010   1.3539564700485950E-010   8.9997563525309677E-011   6.0365303084325807E-011   4.0935946123154639E-011   2.8119326063580369E-011   1.9601765466769887E-011   1.3891949054051950E-011   1.0026989049920943E-011   7.3832467894438327E-012   5.5550348518560297E-012   4.2770022224412381E-012   3.3744951222546136E-012   2.7317821081325578E-012   2.2716745152873441E-012   1.9424216107680908E-012   1.7092633538427053E-012   1.5489821870628659E-012   1.4464049901986570E-012   1.3921839983286306E-012
  -3.6184958076586081E-008  -1.9061221438398777E-007  -4.6821358900188113E-007  -8.6848457495572017E-007  -1.3902176220997763E-006  -2.0311288827515997E-006  -2.7873351673018984E-006  -3.6527505715373691E-006  -4.6184522653698382E-006  -5.6720825688091449E-006  -6.7973742270897001E-006  -7.9739004053252688E-006  -9.1771530509522596E-006  -1.0379035659846820E-005  -1.1548814422017232E-005  -1.2654506264206433E-005  -1.3664602681155485E-005  -1.4549951733674730E-005  -1.5285568608945664E-005  -1.5852136075004160E-005  -1.6236997627275960E-005  -1.6434530487614135E-005  -1.6445891629871836E-005  -1.6278230290342655E-005  -1.5943531321919929E-005  -1.5457282914833194E-005  -1.4837150779834721E-005  -1.4101800338558853E-005  -1.3269954549031477E-005  -1.2359722016346997E-005  -1.1388187432379433E-005  -1.0371228009345718E-005  -9.3235048886816190E-006  -8.2585745203102300E-006  -7.1890679972604239E-006  -6.1268930040792139E-006  -5.0834210537201867E-006  -4.0696307241227554E-006  -3.0961851732660442E-006  -2.1734293768211274E-006  -1.3112996407869055E-006  -5.1914537813144670E-007   1.9452885996981649E-007   8.2238459245264844E-007   1.3586087453389079E-006   1.7992781275370958E-006   2.1426900492014410E-006   2.3896172744890029E-006   2.5434471346406103E-006   2.6101715767047511E-006   2.5982073529051610E-006   2.5180426747909232E-006   2.3817266273742536E-006   2.2022377212731391E-006   1.9927849166804314E-006   1.7661051620049348E-006   1.5338236565153925E-006   1.3059358097568975E-006   1.0904541355854088E-006   8.9324167393772906E-007   7.1802974096727111E-007   5.6659597880283850E-007   4.3906235092383222E-007   3.3426412306417937E-007   2.5014048473666842E-007   1.8410416000516967E-007   1.3335880508395111E-007   9.5146380486007387E-008   6.6919405183568814E-008   4.6443152992065035E-008   3.1839487059065048E-008   2.1587097049527758E-008   1.4493013538092523E-008   9.6483693525723622E-009   6.3784410372412586E-009   4.1938501654741029E-009   2.7469839494005434E-009   1.7954885604145740E-009   1.1731632139342304E-009   7.6766671449232105E-010   5.0400318722610613E-010   3.3263016843565758E-010   2.2109946054955994E-010   1.4830107998741625E-010   1.0056845036803547E-010   6.9081511519502869E-011   4.8156189014768659E-011   3.4128727991235148E-011   2.4633575843282651E-011   1.8138622499010108E-011   1.3647204642548130E-011   1.0507427225502084E-011   8.2902135651980965E-012   6.7112430829202016E-012   5.5808842907943530E-012   4.7719997589536414E-012   4.1991935523785841E-012   3.8054264679876126E-012   3.5534222898639159E-012   3.4202161104761305E-012
  -6.7119100385267641E-008  -3.5356460893362267E-007  -8.6848457495572017E-007  -1.6109434981527153E-006  -2.5787023542887258E-006  -3.7675266745262098E-006  -5.1702168651021358E-006  -6.7754895483566063E-006  -8.5668016221169990E-006  -1.0521241407353160E-005  -1.2608647926496029E-005  -1.4791146455181581E-005  -1.7023292493856046E-005  -1.9252983759909646E-005  -2.1423221965673931E-005  -2.3474684928328117E-005  -2.5348922008655651E-005  -2.6991843970641884E-005  -2.8357081776137531E-005  -2.9408771704571156E-005  -3.0123400723273126E-005  -3.0490502202160358E-005  -3.0512188570911173E-005  -3.0201693610289282E-005  -2.9581228829478624E-005  -2.8679512792309477E-005  -2.7529311334514735E-005  -2.6165251562798673E-005  -2.4622072560505438E-005  -2.2933377404710408E-005  -2.1130871968362369E-005  -1.9244023231495209E-005  -1.7300042498775177E-005  -1.5324091465018279E-005  -1.3339614583591144E-005  -1.1368713560409281E-005  -9.4324946686986663E-006  -7.5513344969693883E-006  -5.7450237927729040E-006  -4.0327623689381420E-006  -2.4329912363753358E-006  -9.6306193287960869E-007   3.6124213032348037E-007   1.5263016781911648E-006   2.5213283414747451E-006   3.3390409682469271E-006   3.9762791125709010E-006   4.4344761171799786E-006   4.7199172392571023E-006   4.8437211642094272E-006   4.8215063179304050E-006   4.6727351557646301E-006   4.4197666664442218E-006   4.0866845966498824E-006   3.6980003664993927E-006   3.2773495188739641E-006   2.8463045658283348E-006   2.4234136665939096E-006   2.0235453726826595E-006   1.6575795098609361E-006   1.3324401154788884E-006   1.0514258412748531E-006   8.1476293729127169E-007   6.2028996242254093E-007   4.6418265304275934E-007   3.4163980227840184E-007   2.4747224814014513E-007   1.7656191660568441E-007   1.2418146956065465E-007   8.6183947785297406E-008   5.9084112867987031E-008   4.0058886468371115E-008   2.6894489316574481E-008   1.7904347681330368E-008   1.1836385678135323E-008   7.7824699999486808E-009   5.0975401011421174E-009   3.3318631655941382E-009   2.1770226056310515E-009   1.4245483719822173E-009   9.3527163416451714E-010   6.1725711727216895E-010   4.1029114590362742E-010   2.7520021449380865E-010   1.8662344651750524E-010   1.2819357897140786E-010   8.9362754279660810E-011   6.3332193849702991E-011   4.5712174933806382E-011   3.3659582444476740E-011   2.5324922332242784E-011   1.9498482174731157E-011   1.5384030450838407E-011   1.2453957497253691E-011   1.0356366856709713E-011   8.8553314095633069E-012   7.7923831355564303E-012   7.0616751987202647E-012   6.5940346570035308E-012   6.3468458593269859E-012
  -1.0744017664149378E-007  -5.6596475709350324E-007  -1.3902176220997763E-006  -2.5787023542887258E-006  -4.1278378530574149E-006  -6.0308522502881982E-006  -8.2762325030179269E-006  -1.0845935586244926E-005  -1.3713507712930069E-005  -1.6842310167235434E-005  -2.0184108939380610E-005  -2.3678328742310401E-005  -2.7252278598584919E-005  -3.0822604522767596E-005  -3.4298100869800308E-005  -3.7583818582363117E-005  -4.0586172904814666E-005  -4.3218526049324793E-005  -4.5406565157872878E-005  -4.7092767391219514E-005  -4.8239365150808960E-005  -4.8829473308957229E-005  -4.8866354379427661E-005  -4.8371095716292668E-005  -4.7379184614654796E-005  -4.5936555397324277E-005  -4.4095650056398945E-005  -4.1911914472167762E-005  -3.9440992368705306E-005  -3.6736721599737498E-005  -3.3849910331697577E-005  -3.0827785865101395E-005  -2.7713964770860166E-005  -2.4548780866464161E-005  -2.1369816266324859E-005  -1.8212500499893271E-005  -1.5110666509204391E-005  -1.2096976252943063E-005  -9.2031511810133121E-006  -6.4599641868588129E-006  -3.8969708139754381E-006  -1.5419796315237799E-006   5.7971449497673571E-007   2.4462851796591470E-006   4.0404426863491956E-006   5.3505174079640666E-006   6.3714427084681077E-006   7.1055128182257678E-006   7.5627963314140231E-006   7.7611065163480378E-006   7.7254666065277618E-006   7.4870591402856418E-006   7.0817077966655572E-006   6.5479998870787952E-006   5.9252080767667830E-006   5.2512017511500611E-006   4.5605448838610099E-006   3.8829557471386953E-006   3.2422570212076507E-006   2.6558805037429491E-006   2.1349198791623278E-006   1.6846601030159417E-006   1.3054634174940216E-006   9.9386642606594734E-007   7.4374151127490654E-007   5.4739578157656187E-007   3.9651477407270756E-007   2.8289795259234576E-007   1.9897085984176253E-007   1.3808896920447270E-007   9.4668011376625125E-008   6.4184675071640354E-008   4.3091907786864789E-008   2.8687379184098481E-008   1.8964938359561428E-008   1.2469520224194945E-008   8.1675707409131782E-009   5.3385016285539172E-009   3.4881498396133058E-009   2.2824925518805852E-009   1.4985454109373739E-009   9.8900441568271984E-010   6.5739175144806846E-010   4.4094137961577778E-010   2.9901865163101581E-010   2.0539900331315989E-010   1.4318205547192711E-010   1.0147441775029327E-010   7.3242626639173744E-011   5.3931281602658285E-011   4.0577018302498762E-011   3.1241566902212795E-011   2.4649160149683159E-011   1.9954431974645262E-011   1.6593553966181445E-011   1.4188510354594017E-011   1.2485394723163911E-011   1.1314613292753541E-011   1.0565333269892934E-011   1.0169273452860356E-011
  -1.5697165339784081E-007  -8.2688275623780513E-007  -2.0311288827515997E-006  -3.7675266745262098E-006  -6.0308522502881982E-006  -8.8112292902033359E-006  -1.2091868770155935E-005  -1.5846460599795782E-005  -2.0036430127940802E-005  -2.4608348297647704E-005  -2.9491869576937373E-005  -3.4598635215611220E-005  -3.9822589572856823E-005  -4.5042082958143264E-005  -5.0123955066640331E-005  -5.4929512537742305E-005  -5.9321971285126069E-005  -6.3174602683630394E-005  -6.6378594561514829E-005  -6.8849593299368338E-005  -7.0532066725414062E-005  -7.1400988044020665E-005  -7.1460798501298526E-005  -7.0742042811650080E-005  -6.9296383156602483E-005  -6.7190829479886929E-005  -6.4501978964551105E-005  -6.1310884546679319E-005  -5.7698939198075637E-005  -5.3744932017619771E-005  -4.9523245607579210E-005  -4.5103039219960258E-005  -4.0548196897980646E-005  -3.5917801487213940E-005  -3.1266907796042251E-005  -2.6647416947290805E-005  -2.2108888790820868E-005  -1.7699164287847806E-005  -1.3464702830985785E-005  -9.4505707750231174E-006  -5.7000485013558141E-006  -2.2538557924267651E-006   8.5096981954850114E-007   3.5824699624965723E-006   5.9153283485050559E-006   7.8324561614395225E-006   9.3264302083367435E-006   1.0400601892207226E-005   1.1069702172267605E-005   1.1359797918316344E-005   1.1307509156203048E-005   1.0958471198975728E-005   1.0365112566823087E-005   9.5839069936053390E-006   8.6723316046760109E-006   7.6858099535407960E-006   6.6749280332855812E-006   5.6831798880837419E-006   4.7454309773931753E-006   3.8871932552474230E-006   3.1247023905801137E-006   2.4656925609454743E-006   1.9106932105232164E-006   1.4546347131763108E-006   1.0885482073514686E-006   8.0117399820794549E-007   5.8034274479938969E-007   4.1405191983066579E-007   2.9121538168339069E-007   2.0210807973575761E-007   1.3855679008623181E-007   9.3941132598162845E-008   6.3069598310750441E-008   4.1987027172879447E-008   2.7757196921650658E-008   1.8250461126359418E-008   1.1954101453364660E-008   7.8134592826908745E-009   5.1052739720892607E-009   3.3406674221410477E-009   2.1932782794565373E-009   1.4475114951787924E-009   9.6216156850519062E-010   6.4536376887263717E-010   4.3764500256798065E-010   3.0062285907492557E-010   2.0956185705875025E-010   1.4851837635375001E-010   1.0719820580848768E-010   7.8934039741890166E-011   5.9388684462894204E-011   4.5725279495874604E-011   3.6076606243032597E-011   2.9205383244694939E-011   2.4286388821945105E-011   2.0766357495881261E-011   1.8273670774101697E-011   1.6560110500004195E-011   1.5463461342430083E-011   1.4883786656223640E-011
  -2.1541337017448751E-007  -1.1347374924121975E-006  -2.7873351673018984E-006  -5.1702168651021358E-006  -8.2762325030179269E-006  -1.2091868770155935E-005  -1.6594158581323129E-005  -2.1747113323410094E-005  -2.7497967934112345E-005  -3.3773632015434078E-005  -4.0477856669350670E-005  -4.7489713837489436E-005  -5.4664000136920766E-005  -6.1834077898305012E-005  -6.8817423940238371E-005  -7.5423775999019978E-005  -8.1465299500313717E-005  -8.6767742881655583E-005  -9.1181233294383195E-005  -9.4589296439903249E-005  -9.6914913873500543E-005  -9.8122918832637573E-005  -9.8218656188954031E-005  -9.7243432426459932E-005  -9.5267714790290658E-005  -9.2383226740485491E-005  -8.8695031476370342E-005  -8.4314461641726873E-005  -7.9353434468264937E-005  -7.3920373947501786E-005  -6.8117703367155370E-005  -6.2040697581448141E-005  -5.5777392789543151E-005  -4.9409225028118969E-005  -4.3012084862092228E-005  -3.6657514976204914E-005  -3.0413825228674201E-005  -2.4346948044211881E-005  -1.8520902674128721E-005  -1.2997780115283310E-005  -7.8372033627956378E-006  -3.0952624588131768E-006   1.1770280931989562E-006   4.9356508503956654E-006   8.1457355667867719E-006   1.0783740378717917E-005   1.2839430468463335E-005   1.4317403776619526E-005   1.5237923114206091E-005   1.5636855646845702E-005   1.5564595172091663E-005   1.5083945148485410E-005   1.4267060054652434E-005   1.3191662945549641E-005   1.1936858632275625E-005   1.0578926055591447E-005   9.1874864010070844E-006   7.8224001611408335E-006   6.5316521077976421E-006   5.3503534961442780E-006   4.3008483194452819E-006   3.3937796871853750E-006   2.6298746208273079E-006   2.0021540170677114E-006   1.4982722252710155E-006   1.1027307782298893E-006   7.9877939009803927E-007   5.6989753638768380E-007   4.0082611616319574E-007   2.7817950640282592E-007   1.9070806251490688E-007   1.2929949853297998E-007   8.6808238331119812E-008   5.7790420106647852E-008   3.8204647372407419E-008   2.5119691926497039E-008   1.6453462066208767E-008   1.0754336255976981E-008   7.0268263692561442E-009   4.5980462013200784E-009   3.0187959184354495E-009   1.9923332009732649E-009   1.3243046311602784E-009   8.8826882179774987E-010   6.0236782169437709E-010   4.1377261841899863E-010   2.8843764832097025E-010   2.0441834378536077E-010   1.4754590399951733E-010   1.0864354873484734E-010   8.1741629919546389E-011   6.2935535943295437E-011   4.9655255775333204E-011   4.0197814342783063E-011   3.3427389370545229E-011   2.8582474915032987E-011   2.5151581130466836E-011   2.2793064468159108E-011   2.1283654318171296E-011   2.0485799470667135E-011
  -2.8229489999818228E-007  -1.4870509643482158E-006  -3.6527505715373691E-006  -6.7754895483566063E-006  -1.0845935586244926E-005  -1.5846460599795782E-005  -2.1747113323410094E-005  -2.8500967547204331E-005  -3.6039221639293593E-005  -4.4266558412870637E-005  -5.3057425762223827E-005  -6.2254012715031451E-005  -7.1666717896086722E-005  -8.1077782632267637E-005  -9.0248451523103161E-005  -9.8929533376811957E-005  -1.0687462987111633E-004  -1.1385470495866872E-004  -1.1967224696209856E-004  -1.2417317250620132E-004  -1.2725490539794492E-004  -1.2886968827681259E-004  -1.2902299645465917E-004  -1.2776771286718129E-004  -1.2519530151327193E-004  -1.2142547721158371E-004  -1.1659580955830114E-004  -1.1085240065326323E-004  -1.0434236063625771E-004  -9.7208386680960982E-005  -8.9585408164147043E-005  -8.1599027778039826E-005  -7.3365364140035345E-005  -6.4991863777960360E-005  -5.6578670150435063E-005  -4.8220188221654228E-005  -4.0006545944919273E-005  -3.2024717787741520E-005  -2.4359135847676588E-005  -1.7091671408589197E-005  -1.0300926548906968E-005  -4.0608346207724491E-006   1.5613680665771428E-006   6.5076695882497119E-006   1.0732110952878007E-005   1.4203655794605509E-005   1.6908793710379500E-005   1.8853547534929943E-005   2.0064567714077181E-005   2.0589051729470102E-005   2.0493324540214969E-005   1.9860050999383322E-005   1.8784208685058314E-005   1.7368107948016683E-005   1.5715879682899266E-005   1.3927935776627132E-005   1.2095924274467672E-005   1.0298644245651912E-005   8.5992612607221427E-006   7.0439937233354462E-006   5.6622526947377391E-006   4.4680457245432155E-006   3.4623264780354144E-006   2.6359040940023796E-006   1.9725231766853619E-006   1.4517781084719384E-006   1.0516156494001902E-006   7.5028537459260768E-007   5.2769779856359243E-007   3.6623009114817029E-007   2.5107161226201276E-007   1.7022568877552117E-007   1.1428492225613316E-007   7.6082295827008986E-008   5.0297192171954913E-008   3.3070568807978204E-008   2.1661298128100207E-008   1.4158284777496133E-008   9.2509453661891070E-009   6.0534101391866977E-009   3.9742978400002718E-009   2.6229410328927179E-009   1.7434695266828111E-009   1.1694207587913261E-009   7.9302717424078068E-010   5.4473839330155709E-010   3.7973281008399497E-010   2.6912000847559804E-010   1.9424651295717611E-010   1.4303093346517570E-010   1.0761412642534424E-010   8.2855604871007531E-011   6.5371906487859562E-011   5.2921036534521230E-011   4.4007666447901870E-011   3.7629261327956288E-011   3.3112436574008822E-011   3.0007412998394527E-011   2.8020251295491216E-011   2.6969863120313162E-011
  -3.5692652799064035E-007  -1.8801900588876039E-006  -4.6184522653698382E-006  -8.5668016221169990E-006  -1.3713507712930069E-005  -2.0036430127940802E-005  -2.7497967934112345E-005  -3.6039221639293593E-005  -4.5573834525707286E-005  -5.5982145656624579E-005  -6.7106475867568784E-005  -7.8748512562804197E-005  -9.0669791684597594E-005  -1.0259612709422285E-004  -1.1422646083182229E-004  -1.2524600450616318E-004  -1.3534278904788806E-004  -1.4422599134795904E-004  -1.5164386264448877E-004  -1.5739892907278959E-004  -1.6135846287694837E-004  -1.6345898568982423E-004  -1.6370457806179052E-004  -1.6215977200642790E-004  -1.5893855388294571E-004  -1.5419136013854426E-004  -1.4809189621176701E-004  -1.4082524675836908E-004  -1.3257822474181094E-004  -1.2353237435380147E-004  -1.1385960094932026E-004  -1.0372009742633687E-004  -9.3262071592815880E-005  -8.2622726019151370E-005  -7.1929963917549466E-005  -6.1304357838487568E-005  -5.0860997603224662E-005  -4.0710915371821861E-005  -3.0961863232059947E-005  -2.1718292269137167E-005  -1.3080454898580708E-005  -5.1426280667374655E-006   2.0094638905444407E-006   8.3018618631116003E-006   1.3675968416269966E-005   1.8092197103830642E-005   2.1533283239839459E-005   2.4006836422864252E-005   2.5546731472114727E-005   2.6213004174017761E-005   2.6090042995731103E-005   2.5283039753349879E-005   2.3912862680271766E-005   2.2109716919889666E-005   2.0006127659009480E-005   1.7729888611318391E-005   1.5397640312070979E-005   1.3109670059866365E-005   1.0946367419772458E-005   8.9665519654166394E-006   7.2076511452954914E-006   5.6874870703785772E-006   4.4072671759698317E-006   3.3552873424364997E-006   2.5108522052650232E-006   1.8479845732514934E-006   1.3386107890849627E-006   9.5504326318657223E-007   6.7170907755219249E-007   4.6617545621741715E-007   3.1958949759445534E-007   2.1668036125480900E-007   1.4547320234704635E-007   9.6845026897852667E-008   6.4023165872175592E-008   4.2095414545053870E-008   2.7572576829056802E-008   1.8022012820391453E-008   1.1775478513647418E-008   7.7053499081659527E-009   5.0588582565489224E-009   3.3387236896624614E-009   2.2192497406081368E-009   1.4885468024618624E-009   1.0094380122072974E-009   6.9339303048511804E-010   4.8335867854186151E-010   3.4256051685952572E-010   2.4725465516394296E-010   1.8206277367197936E-010   1.3698102438089896E-010   1.0546611956944004E-010   8.3211276103264274E-011   6.7362676690278480E-011   5.6016929811868655E-011   4.7897917172318656E-011   4.2148493253102831E-011   3.8196138023014570E-011   3.5666698719844530E-011   3.4329669594304573E-011
  -4.3835303808744897E-007  -2.3091231156820086E-006  -5.6720825688091449E-006  -1.0521241407353160E-005  -1.6842310167235434E-005  -2.4608348297647704E-005  -3.3773632015434078E-005  -4.4266558412870637E-005  -5.5982145656624579E-005  -6.8774886795666213E-005  -8.2452942752506191E-005  -9.6774837529397566E-005  -1.1144986558202013E-004  -1.2614325527003249E-004  -1.4048669365751798E-004  -1.5409410456540274E-004  -1.6658166886329565E-004  -1.7759016226463718E-004  -1.8680700053430561E-004  -1.9398515193661767E-004  -1.9895642732075189E-004  -2.0163754836723604E-004  -2.0202861366971469E-004  -2.0020481905129342E-004  -1.9630324164119484E-004  -1.9050697742814109E-004  -1.8302889887186042E-004  -1.7409688133859335E-004  -1.6394171704384468E-004  -1.5278827576483057E-004  -1.4084991528124559E-004  -1.2832575557816518E-004  -1.1540021464297482E-004  -1.0224412896503955E-004  -8.9016803576637526E-005  -7.5868412169503930E-005  -6.2942265838453459E-005  -5.0376570482705665E-005  -3.8305389944136558E-005  -2.6858624272087250E-005  -1.6160903775584191E-005  -6.3293943195067478E-006   2.5293894378254552E-006   1.0323559042939127E-005   1.6980303814035104E-005   2.2450408790191317E-005   2.6712353857562092E-005   2.9775473707774374E-005   3.1681678545695364E-005   3.2505321908675634E-005   3.2350956617880064E-005   3.1348932900164852E-005   2.9649041225196583E-005   2.7412652298231517E-005   2.4804017635376908E-005   2.1981527408029994E-005   1.9089749212836200E-005   1.6252981397681457E-005   1.3570858810381589E-005   1.1116279543131171E-005   8.9356252310657952E-006   7.0509758755362758E-006   5.4638170588041493E-006   4.1596303560664484E-006   3.1127529784365434E-006   2.2909759753483350E-006   1.6594927834536451E-006   1.1839765161160026E-006   8.3272264949827876E-007   5.7792008108828763E-007   3.9619609430110833E-007   2.6861893903438879E-007   1.8034310067362390E-007   1.2005862645103506E-007   7.9369337731362941E-008   5.2185519485285442E-008   3.4181587210563337E-008   2.2341783984366002E-008   1.4597982351313442E-008   9.5522653664463651E-009   6.2714258727723448E-009   4.1389869003847952E-009   2.7511835259514706E-009   1.8453370785317478E-009   1.2513901002036142E-009   8.5959205628589639E-010   5.9921450403515953E-010   4.2466844243967685E-010   3.0651876039641033E-010   2.2570108595622731E-010   1.6981373880831909E-010   1.3074506686257807E-010   1.0315599331587150E-010   8.3508669832322889E-011   6.9443481832417862E-011   5.9378439132788392E-011   5.2250947809186518E-011   4.7351261150460529E-011   4.4215546199116492E-011   4.2558047605876062E-011
  -5.2531702757909791E-007  -2.7672266761839469E-006  -6.7973742270897001E-006  -1.2608647926496029E-005  -2.0184108939380610E-005  -2.9491869576937373E-005  -4.0477856669350670E-005  -5.3057425762223827E-005  -6.7106475867568784E-005  -8.2452942752506191E-005  -9.8869815503349316E-005  -1.1607103338053794E-004  -1.3371168655222250E-004  -1.5139376958469691E-004  -1.6867824831533174E-004  -1.8510338924372614E-004  -2.0020825430412651E-004  -2.1355918044439287E-004  -2.2477621714717740E-004  -2.3355615764542875E-004  -2.3968913701325346E-004  -2.4306676044733290E-004  -2.4368114269410744E-004  -2.4161572586005439E-004  -2.3702993212677408E-004  -2.3014035303986149E-004  -2.2120121655224090E-004  -2.1048641819211038E-004  -1.9827466520178173E-004  -1.8483848541592365E-004  -1.7043716457478171E-004  -1.5531318399105679E-004  -1.3969144874791632E-004  -1.2378049094142170E-004  -1.0777484933583806E-004  -9.1857913930861124E-005  -7.6204641552326445E-005  -6.0983672387866870E-005  -4.6358496737234928E-005  -3.2487435063662711E-005  -1.9522306831498205E-005  -7.6057799808412459E-006   3.1324832574938192E-006   1.2580637805308152E-005   2.0650046700027363E-005   2.7280753990846927E-005   3.2446450770727257E-005   3.6158302810611873E-005   3.8467032806796663E-005   3.9462755141099319E-005   3.9272248737225654E-005   3.8053612108551498E-005   3.5988546272998463E-005   3.3272814477123416E-005   3.0105683719270586E-005   2.6679314784798921E-005   2.3169100242670618E-005   1.9725840611666008E-005   1.6470411348073283E-005   1.3491246520927036E-005   1.0844605829394142E-005   8.5572620489695459E-006   6.6309995323840237E-006   5.0481844805787622E-006   3.7776619169298370E-006   2.7803353853880836E-006   2.0139582749618908E-006   1.4368678569590577E-006   1.0105851761340052E-006   7.0135722745599799E-007   4.8081803342226096E-007   3.2599156156602460E-007   2.1886107248602159E-007   1.4570072148420110E-007   9.6320892690898568E-008   6.3331128233693956E-008   4.1481930968380493E-008   2.7113411204760035E-008   1.7715718132867703E-008   1.1592362663605365E-008   7.6108219278759459E-009   5.0229520981765277E-009   3.3387530009952525E-009   2.2394439982175593E-009   1.5186475889873962E-009   1.0431733789062902E-009   7.2718724058289283E-010   5.1536363473689135E-010   3.7198095547970360E-010   2.7390324180113374E-010   2.0608018713598222E-010   1.5866773884348970E-010   1.2518655946172888E-010   1.0134322793080737E-010   8.4274191420228049E-011   7.2059597761249227E-011   6.3409917621982863E-011   5.7463825720855455E-011   5.3658429720438787E-011   5.1646946423905874E-011
  -6.1623959809551492E-007  -3.2461837588782077E-006  -7.9739004053252688E-006  -1.4791146455181581E-005  -2.3678328742310401E-005  -3.4598635215611220E-005  -4.7489713837489436E-005  -6.2254012715031451E-005  -7.8748512562804197E-005  -9.6774837529397566E-005  -1.1607103338053794E-004  -1.3630654980717675E-004  -1.5708205590771976E-004  -1.7793554751847969E-004  -1.9835568669152840E-004  -2.1780242625586420E-004  -2.3573380046820549E-004  -2.5163651360421354E-004  -2.6505693421482128E-004  -2.7562861970309297E-004  -2.8309276907272340E-004  -2.8730904441628247E-004  -2.8825579153358408E-004  -2.8602043097762230E-004  -2.8078225063654649E-004  -2.7279069153483083E-004  -2.6234236963907373E-004  -2.4975961795559095E-004  -2.3537250014032528E-004  -2.1950530515520272E-004  -2.0246769429867916E-004  -1.8455005566042553E-004  -1.6602225480481176E-004  -1.4713482049949971E-004  -1.2812160882872659E-004  -1.0920308493688903E-004  -9.0589499393253905E-005  -7.2483384599164477E-005  -5.5080941328619404E-005  -3.8572023987134608E-005  -2.3138569773095669E-005  -8.9514577860330018E-006   3.8340666059873043E-006   1.5084109862444208E-005   2.4692541196316047E-005   3.2587503314829693E-005   3.8737320917833179E-005   4.3155053783617956E-005   4.5900970466384531E-005   4.7082343675586410E-005   4.6850192205944330E-005   4.5392902554742344E-005   4.2927022991029129E-005   3.9685884479819453E-005   3.5907008196475447E-005   3.1819452222059226E-005   2.7632289058157926E-005   2.3525275350591404E-005   1.9642491957271354E-005   1.6089342843966356E-005   1.2932872976833485E-005   1.0204972414461656E-005   7.9077399350091084E-006   6.0201246426700577E-006   4.5049571172301688E-006   3.3156022201564517E-006   2.4016718253402379E-006   1.7134768338717033E-006   1.2051268416869763E-006   8.3636861266398977E-007   5.7337396571058779E-007   3.8874291797904591E-007   2.6098989009675322E-007   1.7374647306701732E-007   1.1486137715134070E-007   7.5521403132171323E-008   4.9466498020800218E-008   3.2332240483205990E-008   2.1125641018990123E-008   1.3823647064724125E-008   9.0757354225545068E-009   5.9897532332689082E-009   3.9813820088511630E-009   2.6704808091552432E-009   1.8109480245973413E-009   1.2439566027218000E-009   8.6715106469140098E-010   6.1455687623776084E-010   4.4357681536669269E-010   3.2662178342159230E-010   2.4574465007203441E-010   1.8920662536656775E-010   1.4928126342808906E-010   1.2084877083242398E-010   1.0049443645677165E-010   8.5928888157432709E-011   7.5614397344305913E-011   6.8523857371398961E-011   6.3986034797989242E-011   6.1587400386709898E-011
  -7.0922643514211835E-007  -3.7360158647202307E-006  -9.1771530509522596E-006  -1.7023292493856046E-005  -2.7252278598584919E-005  -3.9822589572856823E-005  -5.4664000136920766E-005  -7.1666717896086722E-005  -9.0669791684597594E-005  -1.1144986558202013E-004  -1.3371168655222250E-004  -1.5708205590771976E-004  -1.8110903890164860E-004  -2.0526809665149322E-004  -2.2897628230829825E-004  -2.5161471292056904E-004  -2.7255826144943502E-004  -2.9121001451083066E-004  -3.0703682907713096E-004  -3.1960165100746574E-004  -3.2858840155383564E-004  -3.3381626274433775E-004  -3.3524190365982298E-004  -3.3295017270394765E-004  -3.2713554117900503E-004  -3.1807771901760516E-004  -3.0611519302131484E-004  -2.9162002851548449E-004  -2.7497637347333160E-004  -2.5656401829622758E-004  -2.3674735809794205E-004  -2.1586933771508419E-004  -1.9424948400734683E-004  -1.7218491673219808E-004  -1.4995320985870873E-004  -1.2781607469631738E-004  -1.0602299348412542E-004  -8.4814107204136496E-005  -6.4421834679700572E-005  -4.5070866854449930E-005  -2.6976344532792304E-005  -1.0340196585439834E-005   4.6542065501050495E-006   1.7848743078382052E-005   2.9118046711512982E-005   3.8377133925699444E-005   4.5588326775773566E-005   5.0766586132846531E-005   5.3982404395165425E-005   5.5361553608645675E-005   5.5081247896142819E-005   5.3362641329111936E-005   5.0460004965875179E-005   4.6647351734043464E-005   4.2203636625264660E-005   3.7397886297520477E-005   3.2475658080074554E-005   2.7648075350775614E-005   2.3084353449289931E-005   1.8908272468321481E-005   1.5198550016146336E-005   1.1992605331982774E-005   9.2928608662859919E-006   7.0745454646884018E-006   5.2939552312751573E-006   3.8962698101204513E-006   2.8222640677409216E-006   2.0135384475902160E-006   1.4161603547634275E-006   9.8282369670367889E-007   6.7377406051840962E-007   4.5681189991951592E-007   3.0668840537951537E-007   2.0416841560108190E-007   1.3497259115400184E-007   8.8744352452232687E-008   5.8127418935822166E-008   3.7993119476211859E-008   2.4824379366878239E-008   1.6243909288363851E-008   1.0664714084172220E-008   7.0384307714052198E-009   4.6784321048773623E-009   3.1380188898634793E-009   2.1280005049851432E-009   1.4617417566989684E-009   1.0189664855847743E-009   7.2214924966824267E-010   5.2123490506382629E-010   3.8380408555931172E-010   2.8876751653869141E-010   2.2233121725322459E-010   1.7541602610246547E-010   1.4200580013848838E-010   1.1808799877555539E-010   1.0097244007278595E-010   8.8852179727152265E-011   8.0520292238168483E-011   7.5188029398814696E-011   7.2369464325944024E-011
  -8.0210592506585492E-007  -4.2252837374078292E-006  -1.0379035659846820E-005  -1.9252983759909646E-005  -3.0822604522767596E-005  -4.5042082958143264E-005  -6.1834077898305012E-005  -8.1077782632267637E-005  -1.0259612709422285E-004  -1.2614325527003249E-004  -1.5139376958469691E-004  -1.7793554751847969E-004  -2.0526809665149322E-004  -2.3280830168483094E-004  -2.5990492179264388E-004  -2.8586226514708122E-004  -3.0997214945307529E-004  -3.3155173997834148E-004  -3.4998345797673954E-004  -3.6475225662133956E-004  -3.7547549930663717E-004  -3.8192158812624694E-004  -3.8401524138175782E-004  -3.8182950464774631E-004  -3.7556665652982050E-004  -3.6553164403330173E-004  -3.5210227538558567E-004  -3.3570011484267430E-004  -3.1676510162046291E-004  -2.9573569854088116E-004  -2.7303518711880925E-004  -2.4906377951969841E-004  -2.2419560089173327E-004  -1.9877929273023085E-004  -1.7314092710808598E-004  -1.4758801576167531E-004  -1.2241357228393184E-004  -9.7899388963043773E-005  -7.4317895240540974E-005  -5.1932164159423228E-005  -3.0993829574311500E-005  -1.1738877427503147E-005   5.6185156177548316E-006   2.0893704264889073E-005   3.3940247810715704E-005   4.4658727448960300E-005   5.3004750720774522E-005   5.8995115828878417E-005   6.2711148011117404E-005   6.4298390540330232E-005   6.3962138045878299E-005   6.1958720206175492E-005   5.8582934264035102E-005   5.4152517962648161E-005   4.8990970868772309E-005   4.3410295053980393E-005   3.7695279393245963E-005   3.2090774198169887E-005   2.6793016747011132E-005   2.1945537055812139E-005   1.7639589307624192E-005   1.3918518631119494E-005   1.0785072312860963E-005   8.2104534047345973E-006   6.1439053633276940E-006   4.5217807661622233E-006   3.2753282613105499E-006   2.3367606375174402E-006   1.6434791457911530E-006   1.1405784101315914E-006   7.8191912092586121E-007   5.3013099391705261E-007   3.5591113722447110E-007   2.3693617944881733E-007   1.5663440340001076E-007   1.0298670781853650E-007   6.7455984084080818E-008   4.4090344323103196E-008   2.8808199794511263E-008   1.8850702532064006E-008   1.2376149215518392E-008   8.1679216541055188E-009   5.4291958590858219E-009   3.6415832427331628E-009   2.4694826146835966E-009   1.6963071832372840E-009   1.1824788700502621E-009   8.3803109032144088E-010   6.0487602200517487E-010   4.4539179667367913E-010   3.3510486260541162E-010   2.5800768167296718E-010   2.0356414395956626E-010   1.6479269142413633E-010   1.3703689123303107E-010   1.1717486994325296E-010   1.0310972534174380E-010   9.3440858845184154E-011   8.7252953621746082E-011   8.3982107364190717E-011
