# Version 0.32
# Potential name = chengdu_MMWLY_1600  
# L = 0
# S = 0
# J = 0
# Order = 0                   
# K_MAX = 3200 MeV
# For uncoupled channels, e.g., 3P0 (LSJ = 110)
# storage = D(1:N，1:N) (row, column)
# D(i,j)  = <pout(j),L|V|L,pin(i)>
# Normalization
# If V were so weak as to validate the Born approximation, the relation of V
# in 1S0 and the respective scattering length 'a' would have been
# <p|V|p> = 2/pi * a + ... for p->0, in unit of MeV^(-1)
# Momenta are in unit of MeV
# The value of pin and pout, where pin(1:N) = pout(1:N)
  0.45803716249383797        2.4128789766466525        5.9277844269997786        11.000100740090602        17.624967611213151        25.795934870308656        35.505026420930790        46.742758778069856        59.498153190695120        73.758747319213171        89.510607781990302        106.73834393107268        125.42512296746554        145.55268642795249        167.10136804683680        190.05011298397062        214.37649840453673        240.05675539265394        267.06579217855870        295.37721865731805        324.96337217549672        355.79534456080728        387.84301036846864        421.07505631676690        455.45901188310972        490.96128103071692        527.54717503497454        565.18094637739318        603.82582367406758        643.44404760451403        683.99690780579010        725.44478069584932        767.74716818917921        810.86273726689444        854.74936036262704        899.36415652474966        944.66353331471748        990.60322940059211        1037.1383578041252        1084.2234497591535        1131.8124991384448        1179.8590074055944        1228.3160290480416        1277.1362174468225        1326.2718711382347        1375.6749804222177        1425.2972742719021        1475.0902674985014        1525.0053081254534        1574.9936249255311        1625.0063750744689        1674.9946918745466        1724.9097325014986        1774.7027257280979        1824.3250195777823        1873.7281288617653        1922.8637825531775        1971.6839709519584        2020.1409925944056        2068.1875008615552        2115.7765502408465        2162.8616421958750        2209.3967705994078        2255.3364666852826        2300.6358434752501        2345.2506396373728        2389.1372627331057        2432.2528318108207        2474.5552193041508        2516.0030921942098        2556.5559523954862        2596.1741763259324        2634.8190536226066        2672.4528249650257        2709.0387189692829        2744.5409881168903        2778.9249436832333        2812.1569896315314        2844.2046554391927        2875.0366278245033        2904.6227813426822        2932.9342078214413        2959.9432446073461        2985.6235015954635        3009.9498870160296        3032.8986319531632        3054.4473135720473        3074.5748770325345        3093.2616560689276        3110.4893922180099        3126.2412526807866        3140.5018468093049        3153.2572412219301        3164.4949735790692        3174.2040651296911        3182.3750323887871        3188.9998992599094        3194.0722155730000        3197.5871210233536        3199.5419628375062     
# Matrix elements start here 
  -2.9771436206629618E-003  -2.9764607604232806E-003  -2.9729002011165012E-003  -2.9625345794160266E-003  -2.9399670308286759E-003  -2.8989117338427809E-003  -2.8332615913262264E-003  -2.7386066172028585E-003  -2.6138322759684911E-003  -2.4621222466985801E-003  -2.2907375778719102E-003  -2.1094883396352601E-003  -1.9285244902409663E-003  -1.7563802928201875E-003  -1.5989066852437851E-003  -1.4591568648066448E-003  -1.3378961569548878E-003  -1.2343342731879915E-003  -1.1468037060021557E-003  -1.0732664562178959E-003  -1.0116385599629484E-003  -9.5996954230351999E-004  -9.1652330262804744E-004  -8.7979944412176856E-004  -8.4852249941533417E-004  -8.2161636205670650E-004  -7.9817393786903819E-004  -7.7742733377006998E-004  -7.5872110666296098E-004  -7.4148954279111730E-004  -7.2523814027983333E-004  -7.0952910140711792E-004  -6.9397050631549075E-004  -6.7820881756154843E-004  -6.6192438651646330E-004  -6.4482965937904570E-004  -6.2666979099139852E-004  -6.0722535765941757E-004  -5.8631681153020407E-004  -5.6381023999059303E-004  -5.3962389051705477E-004  -5.1373480643658229E-004  -4.8618480977090698E-004  -4.5708498634520079E-004  -4.2661780145843067E-004  -3.9503602738225453E-004  -3.6265781775097713E-004  -3.2985752903198599E-004  -2.9705226007943749E-004  -2.6468453125867112E-004  -2.3320200732310952E-004  -2.0303561773892789E-004  -1.7457776993632583E-004  -1.4816251466077837E-004  -1.2404945769679506E-004  -1.0241290244025791E-004  -8.3337179865335901E-005  -6.6818446073845027E-005  -5.2772504935435615E-005  -4.1047559354941490E-005  -3.1440313372167324E-005  -2.3713609109874702E-005  -1.7613810077913680E-005  -1.2886407370559050E-005  -9.2887585753918358E-006  -6.5993789321557432E-006  -4.6236980825530328E-006  -3.1965999299031659E-006  -2.1823344097810432E-006  -1.4725181107918527E-006  -9.8294298124027519E-007  -6.4982330452586087E-007  -4.2597094047585746E-007  -2.7723399888258456E-007  -1.7939164091832431E-007  -1.1558326121822142E-007  -7.4269370875964714E-008  -4.7672194547467563E-008  -3.0620275755283871E-008  -1.9715804659694650E-008  -1.2748950034379321E-008  -8.2946281235304013E-009  -5.4400108953456164E-009  -3.6033365716004964E-009  -2.4150844815102130E-009  -1.6409487254076572E-009  -1.1323801521542623E-009  -7.9506773399291026E-010  -5.6896508551982333E-010  -4.1568162099164142E-010  -3.1053992449082631E-010  -2.3757537308443447E-010  -1.8638539723200717E-010  -1.5014000239183933E-010  -1.2432163262249803E-010  -1.0592404947803873E-010  -9.2941251691913340E-011  -8.4040881243225156E-011  -7.8356226954260429E-011  -7.5355225569517847E-011
  -2.9764607604232806E-003  -2.9757785703158498E-003  -2.9722214981745603E-003  -2.9618659614385006E-003  -2.9393200264302972E-003  -2.8983028580804077E-003  -2.8327105570940861E-003  -2.7381324250100167E-003  -2.6134481189959121E-003  -2.4618314483112369E-003  -2.2905327826252355E-003  -2.1093543850852032E-003  -1.9284431920900595E-003  -1.7563346977853579E-003  -1.5988834022291820E-003  -1.4591465269835899E-003  -1.3378927966962346E-003  -1.2343343632181677E-003  -1.1468052925487160E-003  -1.0732685246271129E-003  -1.0116406232732974E-003  -9.5997139474132426E-004  -9.1652488010827071E-004  -8.7980074884582565E-004  -8.4852356083999197E-004  -8.2161721767789976E-004  -7.9817462442719920E-004  -7.7742788373869444E-004  -7.5872154729170541E-004  -7.4148989629481540E-004  -7.2523842447015305E-004  -7.0952933043180559E-004  -6.9397069135788232E-004  -6.7820896744558547E-004  -6.6192450820606093E-004  -6.4482975837933023E-004  -6.2666987166602175E-004  -6.0722542347913834E-004  -5.8631686526659701E-004  -5.6381028386658831E-004  -5.3962392632382074E-004  -5.1373483562433303E-004  -4.8618483351949493E-004  -4.5708500561911355E-004  -4.2661781704969939E-004  -3.9503603994402235E-004  -3.6265782782382485E-004  -3.2985753706463844E-004  -2.9705226644512433E-004  -2.6468453626811515E-004  -2.3320201123491454E-004  -2.0303562076795555E-004  -1.7457777226054022E-004  -1.4816251642689948E-004  -1.2404945902504474E-004  -1.0241290342840215E-004  -8.3337180592169479E-005  -6.6818446602223501E-005  -5.2772505314928819E-005  -4.1047559624157482E-005  -3.1440313560776354E-005  -2.3713609240358583E-005  -1.7613810167058192E-005  -1.2886407430708534E-005  -9.2887586154852527E-006  -6.5993789585658510E-006  -4.6236980997528838E-006  -3.1965999409844829E-006  -2.1823344168486844E-006  -1.4725181152579593E-006  -9.8294298403901096E-007  -6.4982330626697987E-007  -4.2597094155240669E-007  -2.7723399954499651E-007  -1.7939164132449302E-007  -1.1558326146676513E-007  -7.4269371027982141E-008  -4.7672194640553440E-008  -3.0620275812446405E-008  -1.9715804694959451E-008  -1.2748950056274858E-008  -8.2946281372378461E-009  -5.4400109040142508E-009  -3.6033365771487160E-009  -2.4150844851108409E-009  -1.6409487277813843E-009  -1.1323801537468554E-009  -7.9506773508227900E-010  -5.6896508628083280E-010  -4.1568162153547979E-010  -3.1053992488902506E-010  -2.3757537338360429E-010  -1.8638539746295858E-010  -1.5014000257526384E-010  -1.2432163277253975E-010  -1.0592404960457441E-010  -9.2941251802024625E-011  -8.4040881342163867E-011  -7.8356227046103481E-011  -7.5355225657628764E-011
  -2.9729002011165012E-003  -2.9722214981745603E-003  -2.9686825723785376E-003  -2.9583795171062750E-003  -2.9359460667764286E-003  -2.8951273638251609E-003  -2.8298362126884238E-003  -2.7356583014251788E-003  -2.6114431514241091E-003  -2.4603132202848147E-003  -2.2894632037826325E-003  -2.1086545622156110E-003  -1.9280183448708750E-003  -1.7560963686199431E-003  -1.5987616696483142E-003  -1.4590924580287761E-003  -1.3378752057434157E-003  -1.2343348133943255E-003  -1.1468135700659864E-003  -1.0732793245176631E-003  -1.0116513991813526E-003  -9.5998107039373245E-004  -9.1653312005089780E-004  -8.7980756424041809E-004  -8.4852910540147508E-004  -8.2162168720344457E-004  -7.9817821080939953E-004  -7.7743075660023555E-004  -7.5872384897575362E-004  -7.4149174284733133E-004  -7.2523990893714552E-004  -7.0953052672000734E-004  -6.9397165788839810E-004  -6.7820975031431321E-004  -6.6192514379222883E-004  -6.4483027544154489E-004  -6.2667029299989579E-004  -6.0722576721587923E-004  -5.8631714588490771E-004  -5.6381051297907424E-004  -5.3962411328764147E-004  -5.1373498801549392E-004  -4.8618495750166885E-004  -4.5708510623088984E-004  -4.2661789842875350E-004  -3.9503610550245451E-004  -3.6265788038566276E-004  -3.2985757897401285E-004  -2.9705229965172456E-004  -2.6468456239503175E-004  -2.3320203163290317E-004  -2.0303563655921588E-004  -1.7457778437445035E-004  -1.4816252562957380E-004  -1.2404946594414155E-004  -1.0241290857424559E-004  -8.3337184375964425E-005  -6.6818449351912677E-005  -5.2772507289069965E-005  -4.1047561024067130E-005  -3.1440314541114560E-005  -2.3713609918271129E-005  -1.7613810629976368E-005  -1.2886407742902123E-005  -9.2887588234724988E-006  -6.5993790954947782E-006  -4.6236981888784596E-006  -3.1965999983712395E-006  -2.1823344534273745E-006  -1.4725181383577565E-006  -9.8294299850535029E-007  -6.4982331526064060E-007  -4.2597094710948493E-007  -2.7723400296196088E-007  -1.7939164341818906E-007  -1.1558326274703892E-007  -7.4269371810479066E-008  -4.7672195119362186E-008  -3.0620276106265485E-008  -1.9715804876093714E-008  -1.2748950168660096E-008  -8.2946282075461534E-009  -5.4400109484470813E-009  -3.6033366055682199E-009  -2.4150845035422877E-009  -1.6409487399247621E-009  -1.1323801618892450E-009  -7.9506774064864659E-010  -5.6896509016726233E-010  -4.1568162431141294E-010  -3.1053992692059222E-010  -2.3757537490927286E-010  -1.8638539864027420E-010  -1.5014000350996842E-010  -1.2432163353689346E-010  -1.0592405024901609E-010  -9.2941252362696794E-011  -8.4040881845863042E-011  -7.8356227513625498E-011  -7.5355226106123662E-011
  -2.9625345794160266E-003  -2.9618659614385006E-003  -2.9583795171062750E-003  -2.9482282617890750E-003  -2.9261202537234779E-003  -2.8858760430338177E-003  -2.8214573409939430E-003  -2.7284402758405166E-003  -2.6055880185705685E-003  -2.4558746023468892E-003  -2.2863327261138746E-003  -2.1066041558314786E-003  -1.9267724388958168E-003  -1.7553968738192685E-003  -1.5984040921950588E-003  -1.4589334537011705E-003  -1.3378233192379689E-003  -1.2343359373594249E-003  -1.1468377149032758E-003  -1.0733109076821745E-003  -1.0116829377578335E-003  -9.6000939897094434E-004  -9.1655724946565487E-004  -8.7982752391578328E-004  -8.4854534399783242E-004  -8.2163477748098315E-004  -7.9818871449856884E-004  -7.7743917039455176E-004  -7.5873058975417214E-004  -7.4149715050163441E-004  -7.2524425600659255E-004  -7.0953402968905585E-004  -6.9397448788409638E-004  -6.7821204236173877E-004  -6.6192700445465808E-004  -6.4483178895996789E-004  -6.2667152614852241E-004  -6.0722677310601214E-004  -5.8631796692903580E-004  -5.6381118319445592E-004  -5.3962466008495636E-004  -5.1373543358812913E-004  -4.8618531990597636E-004  -4.5708540022751940E-004  -4.2661813613918275E-004  -3.9503629692248495E-004  -3.6265803378809740E-004  -3.2985770122544557E-004  -2.9705239646276010E-004  -2.6468463851900216E-004  -2.3320209102477925E-004  -2.0303568250387791E-004  -1.7457781959141457E-004  -1.4816255235965603E-004  -1.2404948602223097E-004  -1.0241292349130320E-004  -8.3337195332508637E-005  -6.6818457304600881E-005  -5.2772512991459101E-005  -4.1047565062290797E-005  -3.1440317364960074E-005  -2.3713611868007658E-005  -1.7613811959225166E-005  -1.2886408637831057E-005  -9.2887594186231976E-006  -6.5993794865830223E-006  -4.6236984429381283E-006  -3.1966001616255678E-006  -2.1823345572682097E-006  -1.4725182037918470E-006  -9.8294303939199022E-007  -6.4982334062122420E-007  -4.2597096274259055E-007  -2.7723401255141357E-007  -1.7939164927962105E-007  -1.1558326632236027E-007  -7.4269373990226982E-008  -4.7672196449785931E-008  -3.0620276920612318E-008  -1.9715805376858058E-008  -1.2748950478581551E-008  -8.2946284009520682E-009  -5.4400110703751514E-009  -3.6033366833672448E-009  -2.4150845538808205E-009  -1.6409487730146783E-009  -1.1323801840282949E-009  -7.9506775575192812E-010  -5.6896510069144817E-010  -4.1568163181443099E-010  -3.1053993240213265E-010  -2.3757537901921869E-010  -1.8638540180719235E-010  -1.5014000602101073E-010  -1.2432163558796560E-010  -1.0592405197664623E-010  -9.2941253864569342E-011  -8.4040883194301288E-011  -7.8356228764685923E-011  -7.5355227305984400E-011
  -2.9399670308286759E-003  -2.9393200264302972E-003  -2.9359460667764286E-003  -2.9261202537234779E-003  -2.9047103913441810E-003  -2.8657000538219171E-003  -2.8031588044155446E-003  -2.7126468303398420E-003  -2.5927464101924988E-003  -2.4461140579439865E-003  -2.2794303669948215E-003  -2.1020719272661728E-003  -1.9240123919338605E-003  -1.7538442523588494E-003  -1.5976088450381984E-003  -1.4585788655324175E-003  -1.3377067880499232E-003  -1.2343373891788906E-003  -1.1468905181477370E-003  -1.0733804078311509E-003  -1.0117524753856049E-003  -9.6007191311843400E-004  -9.1661052010948846E-004  -8.7987159871872472E-004  -8.4858120567521964E-004  -8.2166368732733462E-004  -7.9821191160059628E-004  -7.7745775119556198E-004  -7.5874547485787602E-004  -7.4150909065382603E-004  -7.2525385325498569E-004  -7.0954176228469994E-004  -6.9398073388865760E-004  -6.7821710008417625E-004  -6.6193110932615635E-004  -6.4483512709648423E-004  -6.2667424507769753E-004  -6.0722899017110095E-004  -5.8631977583754316E-004  -5.6381265910735302E-004  -5.3962586356818588E-004  -5.1373641368160556E-004  -4.8618611650976689E-004  -4.5708604596006409E-004  -4.2661865778721654E-004  -3.9503671657491364E-004  -3.6265836972509155E-004  -3.2985796861783592E-004  -2.9705260792449342E-004  -2.6468480454590933E-004  -2.3320222034560261E-004  -2.0303578236375967E-004  -1.7457789598354949E-004  -1.4816261021720020E-004  -1.2404952937964802E-004  -1.0241295562199464E-004  -8.3337218867682772E-005  -6.6818474336860246E-005  -5.2772525165481525E-005  -4.1047573654168982E-005  -3.1440323351255057E-005  -2.3713615985277361E-005  -1.7613814754669082E-005  -1.2886410511693708E-005  -9.2887606590567618E-006  -6.5993802977515476E-006  -4.6236989672074532E-006  -3.1966004967139922E-006  -2.1823347692185291E-006  -1.4725183365737144E-006  -9.8294312186003530E-007  -6.4982339145331885E-007  -4.2597099387468576E-007  -2.7723403152096292E-007  -1.7939166079530216E-007  -1.1558327329752318E-007  -7.4269378212424067E-008  -4.7672199008165674E-008  -3.0620278475102813E-008  -1.9715806325688986E-008  -1.2748951061449916E-008  -8.2946287619900516E-009  -5.4400112963017314E-009  -3.6033368264708639E-009  -2.4150846458070514E-009  -1.6409488330164508E-009  -1.1323802238979488E-009  -7.9506778277121125E-010  -5.6896511939969159E-010  -4.1568164507200312E-010  -3.1053994203320001E-010  -2.3757538620261115E-010  -1.8638540731587392E-010  -1.5014001037005517E-010  -1.2432163912693005E-010  -1.0592405494791218E-010  -9.2941256440719393E-011  -8.4040885502526195E-011  -7.8356230903156670E-011  -7.5355229355297794E-011
  -2.8989117338427809E-003  -2.8983028580804077E-003  -2.8951273638251609E-003  -2.8858760430338177E-003  -2.8657000538219171E-003  -2.8288753454805927E-003  -2.7696721005629750E-003  -2.6836381227885934E-003  -2.5690514881165859E-003  -2.4280115500962757E-003  -2.2665615610322981E-003  -2.0935802817345531E-003  -1.9188184652128169E-003  -1.7509111377655220E-003  -1.5961006957642481E-003  -1.4579028200832705E-003  -1.3374815828213966E-003  -1.2343362729129192E-003  -1.1469873618713058E-003  -1.0735094891985712E-003  -1.0118821328807697E-003  -9.6018867648707887E-004  -9.1671010428306986E-004  -8.7995402839088563E-004  -8.4864828890480635E-004  -8.2171777009174907E-004  -7.9825530634052488E-004  -7.7749250719043100E-004  -7.5877331404099451E-004  -7.4153141782520990E-004  -7.2527179522571599E-004  -7.0955621427630424E-004  -6.9399240362949532E-004  -6.7822654602633274E-004  -6.6193877222002961E-004  -6.4484135537535908E-004  -6.2667931493819032E-004  -6.0723312130609754E-004  -5.8632314369599036E-004  -5.6381540442148660E-004  -5.3962809975033701E-004  -5.1373823256841648E-004  -4.8618759282767639E-004  -4.5708724080214006E-004  -4.2661962132540979E-004  -3.9503749018065756E-004  -3.6265898763172388E-004  -3.2985845922816107E-004  -2.9705299484363663E-004  -2.6468510740187317E-004  -2.3320245544614971E-004  -2.0303596322751799E-004  -1.7457803377472281E-004  -1.4816271410646165E-004  -1.2404960684830944E-004  -1.0241301272208888E-004  -8.3337260447067943E-005  -6.6818504235675251E-005  -5.2772546388202778E-005  -4.1047588520070786E-005  -3.1440333625142307E-005  -2.3713622989872629E-005  -1.7613819465863529E-005  -1.2886413637914975E-005  -9.2887627061518873E-006  -6.5993816209486469E-006  -4.6236998118419793E-006  -3.1966010294504278E-006  -2.1823351014565681E-006  -1.4725185416079910E-006  -9.8294324718657914E-007  -6.4982346740724265E-007  -4.2597103956769726E-007  -2.7723405884172539E-007  -1.7939167705369682E-007  -1.1558328294131092E-007  -7.4269383923111251E-008  -4.7672202389784892E-008  -3.0620280481040005E-008  -1.9715807519840045E-008  -1.2748951776228899E-008  -8.2946291930129113E-009  -5.4400115586693266E-009  -3.6033369880116457E-009  -2.4150847466179515E-009  -1.6409488969138800E-009  -1.1323802651179163E-009  -7.9506780989021182E-010  -5.6896513763296375E-010  -4.1568165762500038E-010  -3.1053995089998784E-010  -2.3757539264038239E-010  -1.8638541212904827E-010  -1.5014001408185498E-010  -1.2432164208404899E-010  -1.0592405738512215E-010  -9.2941258521326581E-011  -8.4040887344176466E-011  -7.8356232594748777E-011  -7.5355230968528600E-011
  -2.8332615913262264E-003  -2.8327105570940861E-003  -2.8298362126884238E-003  -2.8214573409939430E-003  -2.8031588044155446E-003  -2.7696721005629750E-003  -2.7155981229278472E-003  -2.6365069897484696E-003  -2.5302564031008494E-003  -2.3981128374978068E-003  -2.2451145627648645E-003  -2.0793065913720325E-003  -1.9100208828782778E-003  -1.7459090806229321E-003  -1.5935113805242032E-003  -1.4567315451181888E-003  -1.3370825785501506E-003  -1.2343230639413247E-003  -1.1471440590558543E-003  -1.0737232245504253E-003  -1.0120983337564599E-003  -9.6038397627898299E-004  -9.1687692458388001E-004  -8.8009221953640627E-004  -8.4876079358857728E-004  -8.2180848295171144E-004  -7.9832808949490503E-004  -7.7755079228605936E-004  -7.5881998842401840E-004  -7.4156883877588573E-004  -7.2530185431104099E-004  -7.0958041462797911E-004  -6.9401193370847904E-004  -6.7824234367936049E-004  -6.6195157765666863E-004  -6.4485175378231185E-004  -6.2668777019874973E-004  -6.0724000242241491E-004  -5.8632874537875145E-004  -5.6381996308941824E-004  -5.3963180595031023E-004  -5.1374124061875589E-004  -4.8619002831277233E-004  -4.5708920640580883E-004  -4.2662120137975344E-004  -3.9503875422116220E-004  -3.6265999318322987E-004  -3.2985925399560282E-004  -2.9705361844260250E-004  -2.6468559273411685E-004  -2.3320282980199281E-004  -2.0303624917893017E-004  -1.7457824990841351E-004  -1.4816287563473244E-004  -1.2404972612603901E-004  -1.0241309969063328E-004  -8.3337323019834735E-005  -6.6818548635432369E-005  -5.2772577442761605E-005  -4.1047609920608704E-005  -3.1440348150024066E-005  -2.3713632696159117E-005  -1.7613825850561543E-005  -1.2886417771225957E-005  -9.2887653393152280E-006  -6.5993832716012298E-006  -4.6237008300288162E-006  -3.1966016474682430E-006  -2.1823354705913531E-006  -1.4725187585647045E-006  -9.8294337265098605E-007  -6.4982353877621946E-007  -4.2597107947903699E-007  -2.7723408076114214E-007  -1.7939168885446582E-007  -1.1558328914941481E-007  -7.4269387096757463E-008  -4.7672203950469858E-008  -3.0620281204801640E-008  -1.9715807822391254E-008  -1.2748951875565197E-008  -8.2946292005645145E-009  -5.4400115295350427E-009  -3.6033369481696296E-009  -2.4150847073996676E-009  -1.6409488625503687E-009  -1.1323802365825227E-009  -7.9506778679749592E-010  -5.6896511913848656E-010  -4.1568164282445041E-010  -3.1053993898563006E-010  -2.3757538294549412E-010  -1.8638540412471679E-010  -1.5014000735662586E-010  -1.2432163632003357E-010  -1.0592405233600911E-010  -9.2941253993962258E-011  -8.4040883183745843E-011  -7.8356228672977805E-011  -7.5355227174186817E-011
  -2.7386066172028585E-003  -2.7381324250100167E-003  -2.7356583014251788E-003  -2.7284402758405166E-003  -2.7126468303398420E-003  -2.6836381227885934E-003  -2.6365069897484696E-003  -2.5669383395420212E-003  -2.4723234302536407E-003  -2.3528630221777533E-003  -2.2121963105707185E-003  -2.0570992451657928E-003  -1.8961643371169662E-003  -1.7379439178165708E-003  -1.5893437928017964E-003  -1.4548196927223929E-003  -1.3364095622314704E-003  -1.2342739096412260E-003  -1.1473728098491960E-003  -1.0740480329938867E-003  -1.0124307682639658E-003  -9.6068580200935798E-004  -9.1713538456706344E-004  -8.8030659697498851E-004  -8.4893542906820793E-004  -8.2194932097423958E-004  -7.9844108422126667E-004  -7.7764125724449950E-004  -7.5889240414595341E-004  -7.4162686756311510E-004  -7.2534843684324930E-004  -7.0961788855292661E-004  -6.9404214766157542E-004  -6.7826675662007938E-004  -6.6197134115968722E-004  -6.4486777829023253E-004  -6.2670077746983547E-004  -6.0725056663636298E-004  -5.8633732516948241E-004  -5.6382692643409710E-004  -5.3963744948614853E-004  -5.1374580463633968E-004  -4.8619370840366624E-004  -4.5709216252359645E-004  -4.2662356490150350E-004  -3.9504063346265683E-004  -3.6266147771842386E-004  -3.2986041805193591E-004  -2.9705452358323248E-004  -2.6468628999152253E-004  -2.3320336139109226E-004  -2.0303664988927052E-004  -1.7457854825217705E-004  -1.4816309480886365E-004  -1.2404988483181268E-004  -1.0241321284189248E-004  -8.3337402361504363E-005  -6.6818603286606255E-005  -5.2772614373379647E-005  -4.1047634367325598E-005  -3.1440363975000744E-005  -2.3713642691851420E-005  -1.7613831993765829E-005  -1.2886421430270745E-005  -9.2887674390506187E-006  -6.5993844214661688E-006  -4.6237014208255183E-006  -3.1966019224769541E-006  -2.1823355763446185E-006  -1.4725187800377123E-006  -9.8294335691402911E-007  -6.4982351039278406E-007  -4.2597105019876586E-007  -2.7723405540473907E-007  -1.7939166874593012E-007  -1.1558327402626930E-007  -7.4269376112642891E-008  -4.7672196159976573E-008  -3.0620275768050272E-008  -1.9715804067878064E-008  -1.2748949298182554E-008  -8.2946274350339274E-009  -5.4400103186728440E-009  -3.6033361142139132E-009  -2.4150841290151955E-009  -1.6409484575775565E-009  -1.1323799496310147E-009  -7.9506758057416075E-010  -5.6896496850323786E-010  -4.1568153077002693E-010  -3.1053985394230475E-010  -2.3757531698324848E-010  -1.8638535175649423E-010  -1.5013996474124303E-010  -1.2432160072959107E-010  -1.0592402179791744E-010  -9.2941227048013397E-011  -8.4040858714758514E-011  -7.8356205792701012E-011  -7.5355205134842256E-011
  -2.6138322759684911E-003  -2.6134481189959121E-003  -2.6114431514241091E-003  -2.6055880185705685E-003  -2.5927464101924988E-003  -2.5690514881165859E-003  -2.5302564031008494E-003  -2.4723234302536407E-003  -2.3922676262125206E-003  -2.2891473099108297E-003  -2.1648972662842683E-003  -2.0245460743118946E-003  -1.8754743811121174E-003  -1.7258519781425577E-003  -1.5829148723027816E-003  -1.4518105995422496E-003  -1.3353031342308471E-003  -1.2341372199525767E-003  -1.1476751515742971E-003  -1.0745081127005087E-003  -1.0129106330553942E-003  -9.6112498724153835E-004  -9.1751294692748141E-004  -8.8062038670071478E-004  -8.4919128968651870E-004  -8.2215573241451899E-004  -7.9860667700501660E-004  -7.7777378584727597E-004  -7.5899842962660327E-004  -7.4171176258744538E-004  -7.2541651977950285E-004  -7.0967259412091886E-004  -6.9408619288489556E-004  -6.7830228614051448E-004  -6.6200004792559691E-004  -6.4489100085489675E-004  -6.2671957706997381E-004  -6.0726578762091863E-004  -5.8634964209266561E-004  -5.6383688064067525E-004  -5.3964547749700033E-004  -5.1375226017034590E-004  -4.8619887947461875E-004  -4.5709628472992620E-004  -4.2662683177373327E-004  -3.9504320453721906E-004  -3.6266348485533518E-004  -3.2986197039792508E-004  -2.9705571149285666E-004  -2.6468718814991253E-004  -2.3320403132816238E-004  -2.0303714203253232E-004  -1.7457890363092052E-004  -1.4816334649449291E-004  -1.2405005917625456E-004  -1.0241333055750258E-004  -8.3337479471341379E-005  -6.6818651963041642E-005  -5.2772643675478751E-005  -4.1047650882925033E-005  -3.1440372371403146E-005  -2.3713646178946188E-005  -1.7613832704490135E-005  -1.2886420724965566E-005  -9.2887661418944496E-006  -6.5993829983639864E-006  -4.6237001086777334E-006  -3.1966008196114067E-006  -2.1823347031531356E-006  -1.4725181176960911E-006  -9.8294287068211078E-007  -6.4982316257590370E-007  -4.2597080654353385E-007  -2.7723388758759805E-007  -1.7939155472762141E-007  -1.1558319738535333E-007  -7.4269325008659776E-008  -4.7672162272019797E-008  -3.0620253366729635E-008  -1.9715789271759568E-008  -1.2748939511119223E-008  -8.2946209374368602E-009  -5.4400059795986917E-009  -3.6033331933181405E-009  -2.4150821428217624E-009  -1.6409470904668122E-009  -1.1323789952371353E-009  -7.9506690351046608E-010  -5.6896447949948559E-010  -4.1568117057250555E-010  -3.1053958289951127E-010  -2.3757510830386859E-010  -1.8638518713354072E-010  -1.5013983149970722E-010  -1.2432148995577909E-010  -1.0592392710234001E-010  -9.2941143737821517E-011  -8.4040783230895055E-011  -7.8356135317295238E-011  -7.5355137306738594E-011
  -2.4621222466985801E-003  -2.4618314483112369E-003  -2.4603132202848147E-003  -2.4558746023468892E-003  -2.4461140579439865E-003  -2.4280115500962757E-003  -2.3981128374978068E-003  -2.3528630221777533E-003  -2.2891473099108297E-003  -2.2050564444337636E-003  -2.1007623312560794E-003  -1.9791696522896913E-003  -1.8458685338343776E-003  -1.7081308706191883E-003  -1.5732759111338214E-003  -1.4471750468437179E-003  -1.3335056942864341E-003  -1.2338114162676478E-003  -1.1480301404899428E-003  -1.0751194592238378E-003  -1.0135677039826724E-003  -9.6173380883464964E-004  -9.1803946795176875E-004  -8.8105929176013082E-004  -8.4954968212389449E-004  -8.2244500862029219E-004  -7.9883873010836706E-004  -7.7795941292515712E-004  -7.5914681277930007E-004  -7.4183044122452932E-004  -7.2551156287165453E-004  -7.0974883273536423E-004  -6.9414745031788844E-004  -6.7835158097001927E-004  -6.6203976329760016E-004  -6.4492302123609095E-004  -6.2674539669438844E-004  -6.0728659555035324E-004  -5.8636638851104934E-004  -5.6385032834601083E-004  -5.3965624183498055E-004  -5.1376083999455746E-004  -4.8620568116113311E-004  -4.5710164082321688E-004  -4.2663101548547056E-004  -3.9504644104343574E-004  -3.6266596012501711E-004  -3.2986383812294443E-004  -2.9705709856358274E-004  -2.6468819902331921E-004  -2.3320475155855095E-004  -2.0303764117349070E-004  -1.7457923766720732E-004  -1.4816355992130722E-004  -1.2405018680952814E-004  -1.0241339913140960E-004  -8.3337509057847205E-005  -6.6818657232713764E-005  -5.2772635008610774E-005  -4.1047635334705583E-005  -3.1440354493518426E-005  -2.3713628701559747E-005  -1.7613817085760314E-005  -1.2886407579005002E-005  -9.2887555593711141E-006  -6.5993747761685230E-006  -4.6236939059266758E-006  -3.1965962567536586E-006  -2.1823314193487514E-006  -1.4725157993278586E-006  -9.8294126124127226E-007  -6.4982206158195821E-007  -4.2597006286005106E-007  -2.7723339061565665E-007  -1.7939122553437907E-007  -1.1558298082549691E-007  -7.4269183249906421E-008  -4.7672069757238472E-008  -3.0620193053188591E-008  -1.9715749914720705E-008  -1.2748913753726689E-008  -8.2946039969780829E-009  -5.4399947603294065E-009  -3.6033256962950139E-009  -2.4150770780646394E-009  -1.6409436245227443E-009  -1.1323765880645703E-009  -7.9506520361604233E-010  -5.6896325673326535E-010  -4.1568027311165113E-010  -3.1053890970125850E-010  -2.3757459142766970E-010  -1.8638478035503018E-010  -1.5013950293885671E-010  -1.2432121727104492E-010  -1.0592369432938477E-010  -9.2940939184924081E-011  -8.4040598053835549E-011  -7.8355962529293186E-011  -7.5354971063669963E-011
  -2.2907375778719102E-003  -2.2905327826252355E-003  -2.2894632037826325E-003  -2.2863327261138746E-003  -2.2794303669948215E-003  -2.2665615610322981E-003  -2.2451145627648645E-003  -2.2121963105707185E-003  -2.1648972662842683E-003  -2.1007623312560794E-003  -2.0185065001209219E-003  -1.9188524358583195E-003  -1.8050999316711704E-003  -1.6829090610449399E-003  -1.5591213442273139E-003  -1.4401252346521185E-003  -1.3306014609489763E-003  -1.2331091428324202E-003  -1.1483749213290575E-003  -1.0758799471714245E-003  -1.0144254853388349E-003  -9.6254368626432548E-004  -9.1874612624288400E-004  -8.8165099039934228E-004  -8.5003387469450740E-004  -8.2283613593128573E-004  -7.9915246943321628E-004  -7.7821022006909759E-004  -7.5934707404164180E-004  -7.4199036733273594E-004  -7.2563939091872158E-004  -7.0985112746636434E-004  -6.9422941039877116E-004  -6.7841731227690589E-004  -6.6209250802947263E-004  -6.4496534353627620E-004  -6.2677933007268451E-004  -6.0731375859262530E-004  -5.8638807507351356E-004  -5.6386757759257578E-004  -5.3966989252116266E-004  -5.1377157251494571E-004  -4.8621405012371595E-004  -4.5710810030242686E-004  -4.2663593862315996E-004  -3.9505013529213002E-004  -3.6266867913920258E-004  -3.2986579108227557E-004  -2.9705845754066703E-004  -2.6468910487506710E-004  -2.3320531871384557E-004  -2.0303796160392777E-004  -1.7457938425655139E-004  -1.4816358939008165E-004  -1.2405014230193706E-004  -1.0241331253191781E-004  -8.3337403074026472E-005  -6.6818547259263632E-005  -5.2772530774421108E-005  -4.1047542329495252E-005  -3.1440275171521566E-005  -2.3713563464981022E-005  -1.7613765058204270E-005  -1.2886367186805597E-005  -9.2887249451178213E-006  -6.5993520727394001E-006  -4.6236774006326740E-006  -3.1965844739531407E-006  -2.1823231466925106E-006  -1.4725100784065972E-006  -9.8293735859844628E-007  -6.4981943145256926E-007  -4.2596830902373021E-007  -2.7723223161803758E-007  -1.7939046526384003E-007  -1.1558248494111463E-007  -7.4268861085436918E-008  -4.7671860904293142E-008  -3.0620057699383273E-008  -1.9715662055814145E-008  -1.2748856524357537E-008  -8.2945665159010666E-009  -5.4399700309985651E-009  -3.6033092272892776E-009  -2.4150659858134984E-009  -1.6409360544236559E-009  -1.1323713432587798E-009  -7.9506150790310898E-010  -5.6896060349646169E-010  -4.1567832910276315E-010  -3.1053745369736815E-010  -2.3757347501841295E-010  -1.8638390277346518E-010  -1.5013879481588487E-010  -1.2432063007367869E-010  -1.0592319343046041E-010  -9.2940499259686220E-011  -8.4040199969175852E-011  -7.8355591186750727E-011  -7.5354613844848361E-011
  -2.1094883396352601E-003  -2.1093543850852032E-003  -2.1086545622156110E-003  -2.1066041558314786E-003  -2.1020719272661728E-003  -2.0935802817345531E-003  -2.0793065913720325E-003  -2.0570992451657928E-003  -2.0245460743118946E-003  -1.9791696522896913E-003  -1.9188524358583195E-003  -1.8425513527306498E-003  -1.7511596902583476E-003  -1.6480501399610682E-003  -1.5387275301635794E-003  -1.4295107373941411E-003  -1.3259299653541152E-003  -1.2317013194914925E-003  -1.1485731158271746E-003  -1.0767528858809364E-003  -1.0154931105920331E-003  -9.6358134382981686E-004  -9.1966365230379023E-004  -8.8242432606492043E-004  -8.5066871236348955E-004  -8.2334958564752453E-004  -7.9956433707191726E-004  -7.7853920305790943E-004  -7.5960937047183947E-004  -7.4219940673192096E-004  -7.2580604062450621E-004  -7.0998406315312323E-004  -6.9433550869903984E-004  -6.7850200698790861E-004  -6.6216009114271248E-004  -6.4501921014074913E-004  -6.2682217327765652E-004  -6.0734772267042464E-004  -5.8641487486049953E-004  -5.6388859117708517E-004  -5.3968623302808852E-004  -5.1378414364240351E-004  -4.8622358909749370E-004  -4.5711521110800729E-004  -4.2664111773783962E-004  -3.9505379164475911E-004  -3.6267114964364574E-004  -3.2986735279726814E-004  -2.9705933728132105E-004  -2.6468948692249009E-004  -2.3320535112565633E-004  -2.0303776151020785E-004  -1.7457904242642751E-004  -1.4816317427002342E-004  -1.2404970365625592E-004  -1.0241288475871553E-004  -8.3337008226294109E-005  -6.6818197771317101E-005  -5.2772231877944609E-005  -4.1047294139762652E-005  -3.1440074430361109E-005  -2.3713404939502240E-005  -1.7613642609598362E-005  -1.2886274538335884E-005  -9.2886561901190499E-006  -6.5993019704946526E-006  -4.6236415099466616E-006  -3.1965591716226025E-006  -2.1823055720509784E-006  -1.4724980371445083E-006  -9.8292921052244084E-007  -6.4981397885822839E-007  -4.2596469562529960E-007  -2.7722985682610568E-007  -1.7938891502797427E-007  -1.1558147817197521E-007  -7.4268209532918247E-008  -4.7671439972726689E-008  -3.0619785745255645E-008  -1.9715486019524299E-008  -1.2748742144902880E-008  -8.2944917743764255E-009  -5.4399208179909854E-009  -3.6032765128385426E-009  -2.4150439882143087E-009  -1.6409210640715905E-009  -1.1323609713335098E-009  -7.9505420816236243E-010  -5.6895536846568659E-010  -4.1567449709707443E-010  -3.1053458607351812E-010  -2.3757127787293913E-010  -1.8638217677685385E-010  -1.5013740288633845E-010  -1.2431947639217566E-010  -1.0592220968956367E-010  -9.2939635540572631E-011  -8.4039418583736823E-011  -7.8354862412176986E-011  -7.5353912852397252E-011
  -1.9285244902409663E-003  -1.9284431920900595E-003  -1.9280183448708750E-003  -1.9267724388958168E-003  -1.9240123919338605E-003  -1.9188184652128169E-003  -1.9100208828782778E-003  -1.8961643371169662E-003  -1.8754743811121174E-003  -1.8458685338343776E-003  -1.8050999316711704E-003  -1.7511596902583476E-003  -1.6830178142886391E-003  -1.6015388509838795E-003  -1.5100210420476851E-003  -1.4137325756340574E-003  -1.3184749877809630E-003  -1.2290334674760223E-003  -1.1483640709334386E-003  -1.0776396864380150E-003  -1.0167516590082770E-003  -9.6486228644129335E-004  -9.2081932198892925E-004  -8.8340794743252665E-004  -8.5147999178118152E-004  -8.2400699684872722E-004  -8.0009178905000910E-004  -7.7896010169911092E-004  -7.5994432509299183E-004  -7.4246564557775650E-004  -7.2601756672021614E-004  -7.1015208239784628E-004  -6.9446891483701490E-004  -6.7860783261643100E-004  -6.6224389329130363E-004  -6.4508538582028381E-004  -6.2687421139820355E-004  -6.0738840224377902E-004  -5.8644641959298841E-004  -5.6391278943418335E-004  -5.3970453065537881E-004  -5.1379771566790978E-004  -4.8623339507367015E-004  -4.5712203781431561E-004  -4.2664561214296828E-004  -3.9505648638844706E-004  -3.6267248280551245E-004  -3.2986768334033307E-004  -2.9705895726232475E-004  -2.6468863132657935E-004  -2.3320420599181842E-004  -2.0303647085357073E-004  -1.7457771432622196E-004  -1.4816188637369531E-004  -1.2404850824982550E-004  -1.0241181347196541E-004  -8.3336076380278123E-005  -6.6817408336100251E-005  -5.2771578990167700E-005  -4.1046766130319951E-005  -3.1439656328160042E-005  -2.3713080442442592E-005  -1.7613395542633351E-005  -1.2886089845209612E-005  -9.2885205259397711E-006  -6.5992039742840767E-006  -4.6235718392369694E-006  -3.1965103761710161E-006  -2.1822718729918280E-006  -1.4724750639882924E-006  -9.8291373377223199E-007  -6.4980366253339619E-007  -4.2595788283616353E-007  -2.7722539321365767E-007  -1.7938600930849247E-007  -1.1557959579759041E-007  -7.4266994030612450E-008  -4.7670656281002810E-008  -3.0619280336244526E-008  -1.9715159401748451E-008  -1.2748530238284595E-008  -8.2943534881471998E-009  -5.4398298742340897E-009  -3.6032161236961159E-009  -2.4150034218196943E-009  -1.6408934445275902E-009  -1.1323418765056201E-009  -7.9504077894805615E-010  -5.6894574388886871E-010  -4.1566745603947177E-010  -3.1052931970346488E-010  -2.3756724465424343E-010  -1.8637900967896796E-010  -1.5013484965063848E-010  -1.2431736078949645E-010  -1.0592040615311146E-010  -9.2938052348929524E-011  -8.4037986517267020E-011  -7.8353526900555332E-011  -7.5352628323808635E-011
  -1.7563802928201875E-003  -1.7563346977853579E-003  -1.7560963686199431E-003  -1.7553968738192685E-003  -1.7538442523588494E-003  -1.7509111377655220E-003  -1.7459090806229321E-003  -1.7379439178165708E-003  -1.7258519781425577E-003  -1.7081308706191883E-003  -1.6829090610449399E-003  -1.6480501399610682E-003  -1.6015388509838795E-003  -1.5422533202962148E-003  -1.4709433858297761E-003  -1.3907749619847198E-003  -1.3067581819493628E-003  -1.2242116852737267E-003  -1.1472838810818696E-003  -1.0783346083340791E-003  -1.0181308098672422E-003  -9.6637950879866841E-004  -9.2223172441407292E-004  -8.8462794793593312E-004  -8.5249339759466570E-004  -8.2483066660983323E-004  -8.0075300203379064E-004  -7.7948717629111467E-004  -7.6036281352646591E-004  -7.4279716618336428E-004  -7.2627980230261001E-004  -7.1035923206887825E-004  -6.9463226879240038E-004  -6.7873632727786723E-004  -6.6234459398730513E-004  -6.4516388515007024E-004  -6.2693494864387829E-004  -6.0743491519103148E-004  -5.8648154107015225E-004  -5.6393879977421099E-004  -5.3972327552607524E-004  -5.1381069692243726E-004  -4.8624184068874008E-004  -4.5712695567568266E-004  -4.2664783139813008E-004  -3.9505668927702843E-004  -3.6267122925349115E-004  -3.2986543012178686E-004  -2.9705607315474807E-004  -2.6468540938267161E-004  -2.3320087379947042E-004  -2.0303319944060144E-004  -1.7457462617810637E-004  -1.4815906286716701E-004  -1.2404599666343200E-004  -1.0240963361930836E-004  -8.3334226826501008E-005  -6.6815872105779103E-005  -5.2770328655002814E-005  -4.1045768174652602E-005  -3.1438874722729382E-005  -2.3712479403140699E-005  -1.7612941501602639E-005  -1.2885752707597277E-005  -9.2882743203018017E-006  -6.5990270243923664E-006  -4.6234465893988331E-006  -3.1964229932700149E-006  -2.1822117301243030E-006  -1.4724341872219634E-006  -9.8288626927289326E-007  -6.4978539921137176E-007  -4.2594584764824045E-007  -2.7721752304606017E-007  -1.7938089478228974E-007  -1.1557628763694946E-007  -7.4264860831860766E-008  -4.7669282636093889E-008  -3.0618395468640837E-008  -1.9714588149190999E-008  -1.2748159960148629E-008  -8.2941120556428324E-009  -5.4396712179059345E-009  -3.6031108445458596E-009  -2.4149327449245932E-009  -1.6408453515987614E-009  -1.1323086443775986E-009  -7.9501741787187200E-010  -5.6892900817468696E-010  -4.1565521720742832E-010  -3.1052016865653090E-010  -2.3756023840964166E-010  -1.8637350939681770E-010  -1.5013041642955935E-010  -1.2431368811916236E-010  -1.0591727570934604E-010  -9.2935304701963066E-011  -8.4035501382047488E-011  -7.8351209470743071E-011  -7.5350399441026628E-011
