# Version 0.32
# Potential name = chengdu_MMWLY_1600  
# L = 1
# S = 0
# J = 1
# Order = 1                   
# K_MAX = 3200 MeV
# For uncoupled channels, e.g., 3P0 (LSJ = 110)
# storage = D(1:N，1:N) (row, column)
# D(i,j)  = <pout(j),L|V|L,pin(i)>
# Normalization
# If V were so weak as to validate the Born approximation, the relation of V
# in 1S0 and the respective scattering length 'a' would have been
# <p|V|p> = 2/pi * a + ... for p->0, in unit of MeV^(-1)
# Momenta are in unit of MeV
# The value of pin and pout, where pin(1:N) = pout(1:N)
  0.45803716249383797        2.4128789766466525        5.9277844269997786        11.000100740090602        17.624967611213151        25.795934870308656        35.505026420930790        46.742758778069856        59.498153190695120        73.758747319213171        89.510607781990302        106.73834393107268        125.42512296746554        145.55268642795249        167.10136804683680        190.05011298397062        214.37649840453673        240.05675539265394        267.06579217855870        295.37721865731805        324.96337217549672        355.79534456080728        387.84301036846864        421.07505631676690        455.45901188310972        490.96128103071692        527.54717503497454        565.18094637739318        603.82582367406758        643.44404760451403        683.99690780579010        725.44478069584932        767.74716818917921        810.86273726689444        854.74936036262704        899.36415652474966        944.66353331471748        990.60322940059211        1037.1383578041252        1084.2234497591535        1131.8124991384448        1179.8590074055944        1228.3160290480416        1277.1362174468225        1326.2718711382347        1375.6749804222177        1425.2972742719021        1475.0902674985014        1525.0053081254534        1574.9936249255311        1625.0063750744689        1674.9946918745466        1724.9097325014986        1774.7027257280979        1824.3250195777823        1873.7281288617653        1922.8637825531775        1971.6839709519584        2020.1409925944056        2068.1875008615552        2115.7765502408465        2162.8616421958750        2209.3967705994078        2255.3364666852826        2300.6358434752501        2345.2506396373728        2389.1372627331057        2432.2528318108207        2474.5552193041508        2516.0030921942098        2556.5559523954862        2596.1741763259324        2634.8190536226066        2672.4528249650257        2709.0387189692829        2744.5409881168903        2778.9249436832333        2812.1569896315314        2844.2046554391927        2875.0366278245033        2904.6227813426822        2932.9342078214413        2959.9432446073461        2985.6235015954635        3009.9498870160296        3032.8986319531632        3054.4473135720473        3074.5748770325345        3093.2616560689276        3110.4893922180099        3126.2412526807866        3140.5018468093049        3153.2572412219301        3164.4949735790692        3174.2040651296911        3182.3750323887871        3188.9998992599094        3194.0722155730000        3197.5871210233536        3199.5419628375062     
# Matrix elements start here 
   5.1069952604114755E-008   2.6887124357313760E-007   6.5851483973062951E-007   1.2110712647560193E-006   1.9026072051566276E-006   2.6853101470875671E-006   3.4825108568605178E-006   4.1942308838119784E-006   4.7172993113113196E-006   4.9754123198902530E-006   4.9446342345670398E-006   4.6591101778165465E-006   4.1939201596393639E-006   3.6366201651936532E-006   3.0629807111620981E-006   2.5251357151707015E-006   2.0511298196883591E-006   1.6505504798858732E-006   1.3214495981144567E-006   1.0560245947143759E-006   8.4439293858473905E-007   6.7672321658680691E-007   5.4424022576684617E-007   4.3956458826593893E-007   3.5670705352013570E-007   2.9091092609846464E-007   2.3844757273844073E-007   1.9641596206142365E-007   1.6256719692672951E-007   1.3515970190147181E-007   1.1284369747457435E-007   9.4570897305318879E-008   7.9524779103495420E-008   6.7067116489615297E-008   5.6697121221155052E-008   4.8020252765674741E-008   4.0724389443365330E-008   3.4561585536959310E-008   2.9334061335965943E-008   2.4883401485209004E-008   2.1082188348210897E-008   1.7827487875278949E-008   1.5035749606284858E-008   1.2638791157963440E-008   1.0580619541272873E-008   8.8149036152498692E-009   7.3029585850360663E-009   6.0121384902801553E-009   4.9145586252166618E-009   3.9860886984322680E-009   3.2055709276474499E-009   2.5542261250148257E-009   2.0152165173247736E-009   1.5733372816303202E-009   1.2148106460053125E-009   9.2715768126719938E-010   6.9912431092189686E-010   5.2064009068662966E-010   3.8279122639805482E-010   2.7779307872101132E-010   1.9895178517175176E-010   1.4060921119439940E-010   9.8069696359374572E-011   6.7510586634888375E-011   4.5881004954150231E-011   3.0794604110020456E-011   2.0422247362793119E-011   1.3389885037518838E-011   8.6856600261277614E-012   5.5787990237695404E-012   3.5514055163619814E-012   2.2430592540779931E-012   1.4072444043324712E-012   8.7809230938659786E-013   5.4569508643400550E-013   3.3824974836041090E-013   2.0944911384043805E-013   1.2977265859728688E-013   8.0591902430811265E-014   5.0253745957424806E-014   3.1521013368615581E-014   1.9924522942002096E-014   1.2715783694172972E-014   8.2088378910196720E-015   5.3705433935755768E-015   3.5674700419633970E-015   2.4104744258017086E-015   1.6596649462694081E-015   1.1664465607979595E-015   8.3821634551397109E-016   6.1684847216825434E-016   4.6555903897771958E-016   3.6086208467861238E-016   2.8762263208991938E-016   2.3599873119371997E-016   1.9954049649959295E-016   1.7400194857037863E-016   1.5659563456034269E-016   1.4552558666809214E-016   1.3969741081594364E-016
   2.6887124357313760E-007   1.4155441611257935E-006   3.4669333827445741E-006   6.3760561952025877E-006   1.0016984154003858E-005   1.4138131004322471E-005   1.8336022658050571E-005   2.2084415540354263E-005   2.4840081752733695E-005   2.6201001748522997E-005   2.6040711668849273E-005   2.4538588815728706E-005   2.2089754848910881E-005   1.9155264985849180E-005   1.6134270706413823E-005   1.3301499757947494E-005   1.0804796801858254E-005   8.6947560098251060E-006   6.9611753510468871E-006   5.5629885819961920E-006   4.4481565941146001E-006   3.5648999190785134E-006   2.8669976428852133E-006   2.3155789749642493E-006   1.8790946406387227E-006   1.5324875621016422E-006   1.2561160030017047E-006   1.0346977635983848E-006   8.5638593440008318E-007   7.1200608684178587E-007   5.9444771808115620E-007   4.9818855572716353E-007   4.1892723629342570E-007   3.5330164214643124E-007   2.9867366724928961E-007   2.5296490908585254E-007   2.1453114038397484E-007   1.8206620714551557E-007   1.5452822540864426E-007   1.3108267901495147E-007   1.1105834489116637E-007   9.3912977179753995E-008   7.9206440906189393E-008   6.6579558574578516E-008   5.5737365223896912E-008   4.6435793514615836E-008   3.8471056270951049E-008   3.1671178282362890E-008   2.5889266105508422E-008   2.0998204186843930E-008   1.6886535812699203E-008   1.3455334463889238E-008   1.0615900787707914E-008   8.2881376306705968E-009   6.3994653866539969E-009   4.8841466088929630E-009   3.6828962312772993E-009   2.7426644226440418E-009   2.0164944463493415E-009   1.4633778112510994E-009   1.0480521075330794E-009   7.4071100707410922E-010   5.1661837457301962E-010   3.5563696260978030E-010   2.4169514429698058E-010   1.6222195168388243E-010   1.0758172980938598E-010   7.0536163292420558E-011   4.5754920566220012E-011   2.9388382995272480E-011   1.8708339163977567E-011   1.1816142281862114E-011   7.4131790878443983E-012   4.6256751647540237E-012   2.8746501485144407E-012   1.7818552999748923E-012   1.1033504468203315E-012   6.8362533182959665E-013   4.2454756059567968E-013   2.6473013411027641E-013   1.6604855816224085E-013   1.0495976919370587E-013   6.6985077670625130E-014   4.3243079165193205E-014   2.8291316665986099E-014   1.8792963184359016E-014   1.2698062348759509E-014   8.7428966919231166E-015   6.1446870812820289E-015   4.4156134601252097E-015   3.2494766144550998E-015   2.4525037747467339E-015   1.9009739883229822E-015   1.5151581839357859E-015   1.2432102652216696E-015   1.0511530799848308E-015   9.1661936937846814E-016   8.2492519699819281E-016   7.6660964197921879E-016   7.3590757689615459E-016
   6.5851483973062951E-007   3.4669333827445741E-006   8.4912586361211839E-006   1.5616789709528132E-005   2.4536059359453371E-005   3.4634614732276544E-005   4.4926463512923332E-005   5.4124269425655904E-005   6.0896845377153013E-005   6.4255774365040312E-005   6.3885595593935203E-005   6.0220656464337062E-005   5.4226660117586683E-005   4.7034000420013678E-005   3.9623307400918722E-005   3.2670703334378487E-005   2.6540801670239903E-005   2.1359036645975222E-005   1.7101118390129939E-005   1.3666629620896009E-005   1.0927990923934495E-005   8.7581369618302047E-006   7.0435886467613686E-006   5.6888869259104001E-006   4.6165405755785634E-006   3.7649984237335240E-006   3.0860087722171659E-006   2.5420280553443225E-006   2.1039514246371560E-006   1.7492392980648439E-006   1.4604225542929500E-006   1.2239339770549298E-006   1.0292058753220875E-006   8.6797811363114395E-007   7.3376932904803131E-007   6.2147325729099963E-007   5.2705033117435393E-007   4.4729157343501581E-007   3.7963727366051437E-007   3.2203718832547782E-007   2.7284225608074461E-007   2.3072028917516232E-007   1.9458996728982628E-007   1.6356886722282315E-007   1.3693232349222488E-007   1.1408071602134521E-007   9.4513385021480492E-008   7.7807826253496244E-008   6.3603156248864263E-008   5.1587081743767832E-008   4.1485779996540474E-008   3.3056212345957488E-008   2.6080466118349990E-008   2.0361762406224264E-008   1.5721791265047683E-008   1.1999052397884102E-008   9.0478975123390033E-009   6.7379968008554581E-009   4.9539897048733851E-009   3.5951290261437421E-009   2.5747842367797130E-009   1.8197290083193609E-009   1.2691931679536876E-009   8.7370481585796893E-010   5.9378021889370894E-010   3.9853584406310960E-010   2.6429944825131851E-010   1.7328841792582135E-010   1.1240754979054395E-010   7.2199358800489767E-011   4.5961358835669693E-011   2.9029082826677453E-011   1.8212185850842982E-011   1.1364038417738386E-011   7.0622411153667845E-012   4.3775383486954483E-012   2.7106346481032482E-012   1.6794831165151729E-012   1.0429988535660019E-012   6.5037052070918140E-013   4.0793649953817409E-013   2.5785782308240438E-013   1.6456425186102005E-013   1.0623656880134045E-013   6.9504124253285297E-014   4.6169234148746230E-014   3.1195708623769450E-014   2.1478934806317015E-014   1.5095835619658337E-014   1.0847968855863441E-014   7.9830857042728029E-015   6.0251387955501178E-015   4.6701791609178963E-015   3.7223340046235334E-015   3.0542314736738346E-015   2.5823988846318932E-015   2.2518859245616536E-015   2.0266181311774602E-015   1.8833525775919698E-015   1.8079259045513730E-015
   1.2110712647560193E-006   6.3760561952025877E-006   1.5616789709528132E-005   2.8724292293530245E-005   4.5138200874687354E-005   6.3737720539720110E-005   8.2721267984660392E-005   9.9729611192418189E-005   1.1231088032176751E-004   1.1862708144687811E-004   1.1806731447947820E-004   1.1140343130009018E-004   1.0040029283878695E-004   8.7142962379004897E-005   7.3451174291914070E-005   6.0585989337518346E-005   4.9231585912132434E-005   3.9626906976338484E-005   3.1731083775760368E-005   2.5360337283114786E-005   2.0279370647227686E-005   1.6253167409292458E-005   1.3071544031036702E-005   1.0557553878152685E-005   8.5674887473077089E-006   6.9871684018540343E-006   5.7270675103858674E-006   4.7175204529591956E-006   3.9045165661111221E-006   3.2462266765592198E-006   2.7102305639882485E-006   2.2713490222183570E-006   1.9099694839678176E-006   1.6107619407037750E-006   1.3616976266101211E-006   1.1532998520936371E-006   9.7807163751712942E-007   8.3005751362794633E-007   7.0450699582314562E-007   5.9761512282315203E-007   5.0632148639067493E-007   4.2815376007253054E-007   3.6110519667512525E-007   3.0353817587379202E-007   2.5410785354621484E-007   2.1170145138386754E-007   1.7538984612744758E-007   1.4438895878766654E-007   1.1802906847958218E-007   9.5730629667347695E-008   7.6985491610554165E-008   6.1342633530279339E-008   4.8397664039709030E-008   3.7785412124873862E-008   2.9174981564913188E-008   2.2266671338384257E-008   1.6790198204056335E-008   1.2503706390963685E-008   9.1931193114031149E-009   6.6714789647113148E-009   4.7780240942659444E-009   3.3768679390746033E-009   2.3552388617341760E-009   1.6213315947177993E-009   1.1018760239886250E-009   7.3956149964010896E-010   4.9045940756363798E-010   3.2157054507728421E-010   2.0859415008033214E-010   1.3397997973187488E-010   8.5290243834075759E-011   5.3869103024178376E-011   3.3796244332157521E-011   2.1088175300343165E-011   1.3105355215387911E-011   8.1233686920822672E-012   5.0301060774815265E-012   3.1166049560926149E-012   1.9354854230588261E-012   1.2068877620758858E-012   7.5700468142055782E-013   4.7850477864340310E-013   3.0538059475222655E-013   1.9714235675936807E-013   1.2897824345449472E-013   8.5675871127786227E-014   5.7889619020851947E-014   3.9858280183820602E-014   2.8013215067116409E-014   2.0130483700230937E-014   1.4814143845942774E-014   1.1180798171248621E-014   8.6664110100746879E-015   6.9075027998306006E-015   5.6677106352946583E-015   4.7921349444577559E-015   4.1788048882548889E-015   3.7607773877151733E-015   3.4949207385268286E-015   3.3549521142297249E-015
   1.9026072051566276E-006   1.0016984154003858E-005   2.4536059359453371E-005   4.5138200874687354E-005   7.0960409706340995E-005   1.0027343994319130E-004   1.3028738841998916E-004   1.5732513173155873E-004   1.7752358679148028E-004   1.8792724948840447E-004   1.8747071914470602E-004   1.7727205476015582E-004   1.6006296204641398E-004   1.3913861510985199E-004   1.1741353042410497E-004   9.6930155412635786E-005   7.8811204813991723E-005   6.3461301438966176E-005   5.0829848075126988E-005   4.0631477693849996E-005   3.2494335371144685E-005   2.6044625255160605E-005   2.0946994301141780E-005   1.6918623380875003E-005   1.3729579371790571E-005   1.1197056487381253E-005   9.1776644450088336E-006   7.5597934084368605E-006   6.2569002394899331E-006   5.2019540295893642E-006   4.3429985954409212E-006   3.6396807836968887E-006   3.0605682574627971E-006   2.5810920663333278E-006   2.1819741120683519E-006   1.8480265279852343E-006   1.5672343543261743E-006   1.3300532218126661E-006   1.1288699845105200E-006   9.5758686691362366E-007   8.1129935935553379E-007   6.8604543640050602E-007   5.7860922045343838E-007   4.8636639837170282E-007   4.0716185678543381E-007   3.3921238500790959E-007   2.8102909097908470E-007   2.3135552369235646E-007   1.8911849613460954E-007   1.5338933081571425E-007   1.2335376282662019E-007   9.8289079615609857E-008   7.7547293106923381E-008   6.0543266038702431E-008   4.6746785947648850E-008   3.5677629366011170E-008   2.6902712757443457E-008   2.0034504846814341E-008   1.4729987136772853E-008   1.0689594837652317E-008   7.6557393191492647E-009   5.4106890978863928E-009   3.7737505060522567E-009   2.5978245324954419E-009   1.7655111368388107E-009   1.1849821257963425E-009   7.8585128301291723E-010   5.1524450114582305E-010   3.3422508926100076E-010   2.1467262294497438E-010   1.3665828111281235E-010   8.6312996758687959E-011   5.4150784860966083E-011   3.3788988407397965E-011   2.0998335207775288E-011   1.3015837594804634E-011   8.0595908692911691E-012   4.9936432470810670E-012   3.1011699719223321E-012   1.9337595199721302E-012   1.2129253371603675E-012   7.6669337333845746E-013   4.8930178428704720E-013   3.1587499239121837E-013   2.0665775191314785E-013   1.3727571623520355E-013   9.2754680103737796E-014   6.3863637543882019E-014   4.4884667303855494E-014   3.2254419365139404E-014   2.3736219092829400E-014   1.7914626698555807E-014   1.3885905666166147E-014   1.1067664238651723E-014   9.0811856768237529E-015   7.6782793588932383E-015   6.6955606883651932E-015   6.0257689285384801E-015   5.5997955443246775E-015   5.3755284141181138E-015
   2.6853101470875671E-006   1.4138131004322471E-005   3.4634614732276544E-005   6.3737720539720110E-005   1.0027343994319130E-004   1.4188171646110914E-004   1.8472968351258124E-004   2.2370686513216537E-004   2.5333962919076443E-004   2.6928789714664522E-004   2.6977445245265913E-004   2.5612302082092872E-004   2.3206987988098226E-004   2.0230745420324645E-004   1.7109219541773174E-004   1.4146957907664221E-004   1.1515366637485693E-004   9.2795830041512528E-005   7.4362781021871584E-005   5.9461869515003427E-005   4.7563050151398156E-005   3.8126856605502629E-005   3.0666374539129394E-005   2.4769589660751951E-005   2.0100868115991152E-005   1.6393043104640256E-005   1.3436393254627787E-005   1.1067600774371465E-005   9.1599897138370657E-006   7.6154265998127184E-006   6.3578389984164994E-006   5.3281395910932490E-006   4.4803020529250688E-006   3.7783497916766245E-006   3.1940537989343383E-006   2.7051746971680132E-006   2.2941194638917289E-006   1.9469129481724749E-006   1.6524079944504655E-006   1.4016764442611372E-006   1.1875374323443415E-006   1.0041901375065102E-006   8.4692627058640609E-007   7.1190371078420272E-007   5.9596732631125480E-007   4.9650650567329910E-007   4.1134155712533283E-007   3.3863310820816513E-007   2.7681010275003582E-007   2.2451305912401613E-007   1.8055000469262919E-007   1.4386300570208794E-007   1.1350352894163138E-007   8.8615056539280024E-008   6.8421480112748074E-008   5.2219872596468312E-008   3.9376315101058382E-008   2.9323570614852250E-008   2.1559560524553857E-008   1.5645812846300475E-008   1.1205298260294708E-008   7.9193275251116647E-009   5.5234240971134569E-009   3.8022838728876403E-009   2.5840727525757836E-009   1.7343855932990006E-009   1.1502012512304798E-009   7.5413044227697113E-010   4.8918351936181240E-010   3.1420212430337161E-010   2.0001755503696346E-010   1.2633046118180354E-010   7.9256773014909528E-011   4.9454587184085342E-011   3.0733783838879421E-011   1.9050355343945576E-011   1.1796244397800952E-011   7.3088339790020710E-012   4.5389561349513459E-012   2.8303016401122621E-012   1.7752690439679793E-012   1.1221519939973591E-012   7.1615437466936821E-013   4.6232244400312826E-013   3.0246931687335411E-013   2.0092003425285635E-013   1.3575794821230285E-013   9.3472315534363243E-014   6.5694238670523101E-014   4.7208307729741016E-014   3.4740869516764749E-014   2.6220251274261393E-014   2.0323722100801619E-014   1.6198879320021498E-014   1.3291424033818690E-014   1.1238098554860972E-014   9.7997693383289358E-015   8.8194470615058257E-015   8.1959828654631124E-015   7.8677404733541153E-015
   3.4825108568605178E-006   1.8336022658050571E-005   4.4926463512923332E-005   8.2721267984660392E-005   1.3028738841998916E-004   1.8472968351258124E-004   2.4129781644193865E-004   2.9354310627148250E-004   3.3434882164578786E-004   3.5775931287656117E-004   3.6089781975077382E-004   3.4491391582208876E-004   3.1435328974351159E-004   2.7535388279076821E-004   2.3372932775849820E-004   1.9378552782150013E-004   1.5803835596874823E-004   1.2751898116941126E-004   1.0227568239448412E-004   8.1826218072868654E-005   6.5474230004287619E-005   5.2495060898640343E-005   4.2227700755126385E-005   3.4109570248961436E-005   2.7680817530733888E-005   2.2574633774504182E-005   1.8502705841095079E-005   1.5240330163156834E-005   1.2613128279100630E-005   1.0485969851299892E-005   8.7540830137892423E-006   7.3360803661976129E-006   6.1685616372741847E-006   5.2019690924125080E-006   4.3974175747188252E-006   3.7242732345661892E-006   3.1583031094493231E-006   2.6802582198420864E-006   2.2747853426129747E-006   1.9295879770608801E-006   1.6347764745329372E-006   1.3823620907537865E-006   1.1658609045113711E-006   9.7998198895128389E-007   8.2038059343699925E-007   6.8346190323858830E-007   5.6622457014939295E-007   4.6613592777312716E-007   3.8103282479769592E-007   3.0904347905516142E-007   2.4852679048096835E-007   1.9802624613628775E-007   1.5623598764691168E-007   1.2197686660054837E-007   9.4180458210770511E-008   7.1879103064640533E-008   5.4200155800428899E-008   4.0362777271149302E-008   2.9675832831217300E-008   2.1535752554166408E-008   1.5423549506041565E-008   1.0900546649838759E-008   7.6026936806370141E-009   5.2336277655347178E-009   3.5568231950292396E-009   2.3872752628460183E-009   1.5831790124493507E-009   1.0380112322901561E-009   6.7332824249474996E-010   4.3247758428272634E-010   2.7531007628999429E-010   1.7388479751057544E-010   1.0909114214083116E-010   6.8070553645142723E-011   4.2302726556733383E-011   2.6221350712502633E-011   1.6236612059258058E-011   1.0060033928021883E-011   6.2475113071638395E-012   3.8956822295287907E-012   2.4435134613631666E-012   1.5445501467953959E-012   9.8572725546269744E-013   6.3634831286903630E-013   4.1632363225182958E-013   2.7654946007282939E-013   1.8685928531285930E-013   1.2865666175655115E-013   9.0422483950035483E-014   6.4978168454596034E-014   4.7817802354286309E-014   3.6089900490160263E-014   2.7973834475784722E-014   2.2296343733842227E-014   1.8294482674400890E-014   1.5468257917161865E-014   1.3488522502912139E-014   1.2139194039984236E-014   1.1281049785392608E-014   1.0829252693221265E-014
   4.1942308838119784E-006   2.2084415540354263E-005   5.4124269425655904E-005   9.9729611192418189E-005   1.5732513173155873E-004   2.2370686513216537E-004   2.9354310627148250E-004   3.5941393594967383E-004   4.1278693749551801E-004   4.4599063248170986E-004   4.5456865358329895E-004   4.3882098036976896E-004   4.0355150333724660E-004   3.5613417634579629E-004   3.0405904462022930E-004   2.5317794438994032E-004   2.0709977684653114E-004   1.6745019134099966E-004   1.3448474668371582E-004   1.0768888751617922E-004   8.6214971929044433E-005   6.9146319745202434E-005   5.5631926420530889E-005   4.4940618777388181E-005   3.6471431967734806E-005   2.9743388487061300E-005   2.4377651755924479E-005   2.0078582061474258E-005   1.6616565059798460E-005   1.3813577522156425E-005   1.1531549804825326E-005   9.6632107119930899E-006   8.1249899107448589E-006   6.8515618126572211E-006   5.7916696581567831E-006   4.9049345312850624E-006   4.1594160818360882E-006   3.5297444616361955E-006   2.9956855026769302E-006   2.5410344408446713E-006   2.1527590725641342E-006   1.8203327006303282E-006   1.5352119612837912E-006   1.2904257534180092E-006   1.0802498919901075E-006   8.9994845019362469E-007   7.4556753690589325E-007   6.1377084433316163E-007   5.0170896453343235E-007   4.0691641182047338E-007   3.2723165376891106E-007   2.6073637067277053E-007   2.0571074031658517E-007   1.6060188203076436E-007   1.2400278538483805E-007   9.4639180531688532E-008   7.1361951198169626E-008   5.3142899324984075E-008   3.9071968266044556E-008   2.8354417647324602E-008   2.0306891162300548E-008   1.4351785360658530E-008   1.0009762957260457E-008   6.8906132393623625E-009   4.6829136752570396E-009   3.1430789105027663E-009   2.0844035187957709E-009   1.3666360817765123E-009   8.8649600099443204E-010   5.6939379666036292E-010   3.6246866628651689E-010   2.2893345484099326E-010   1.4362712587070426E-010   8.9620144819189869E-011   5.5694734399366454E-011   3.4522345436268397E-011   2.1376674413520174E-011   1.3244748060755616E-011   8.2252833357228511E-012   5.1289318751778664E-012   3.2170496298862646E-012   2.0335023735028119E-012   1.2977741123983822E-012   8.3779339886514713E-013   5.4811642891178654E-013   3.6409466135037630E-013   2.4601180139716123E-013   1.6938436405064389E-013   1.1904667596522820E-013   8.5547658228969343E-014   6.2954982903743147E-014   4.7514486206505715E-014   3.6829194945687469E-014   2.9354437621672286E-014   2.4085748720041302E-014   2.0364855987994551E-014   1.7758417217209211E-014   1.5981946737756522E-014   1.4852149346583349E-014   1.4257331937080648E-014
   4.7172993113113196E-006   2.4840081752733695E-005   6.0896845377153013E-005   1.1231088032176751E-004   1.7752358679148028E-004   2.5333962919076443E-004   3.3434882164578786E-004   4.1278693749551801E-004   4.7926103903772854E-004   5.2457222249649156E-004   5.4228697638051052E-004   5.3095575766602535E-004   4.9464916597637078E-004   4.4134204792474632E-004   3.8008461122738982E-004   3.1852878388650052E-004   2.6175247017693555E-004   2.1230238927907568E-004   1.7085978161260473E-004   1.3699757903461629E-004   1.0976931766453760E-004   8.8080210492592307E-005   7.0884253923372693E-005   5.7269133938458093E-005   4.6478527417425866E-005   3.7903982491722601E-005   3.1064730785034069E-005   2.5584840959644868E-005   2.1171977450646228E-005   1.7599316075606181E-005   1.4690858913876900E-005   1.2309832299095790E-005   1.0349668622326082E-005   8.7270623742207664E-006   7.3766500081053861E-006   6.2469420162405982E-006   5.2972121126254574E-006   4.4951143858308270E-006   3.8148529055578706E-006   3.2357704236545404E-006   2.7412553147510389E-006   2.3178906818564387E-006   1.9547883296480634E-006   1.6430644994515353E-006   1.3754249777596889E-006   1.1458352835708876E-006   9.4925774276267745E-007   7.8144183772085276E-007   6.3875762038241031E-007   5.1806445111955189E-007   4.1660906940362680E-007   3.3194817340098799E-007   2.6189142295101677E-007   2.0446121151894081E-007   1.5786579791827199E-007   1.2048255730434385E-007   9.0848295139885022E-008   6.7653833255086164E-008   4.9740456857424361E-008   3.6096303325521109E-008   2.5851344401584420E-008   1.8270207782408678E-008   1.2742638573140925E-008   8.7718582077070719E-009   5.9613986703037240E-009   4.0011580185471434E-009   2.6534489135283067E-009   1.7397243064978577E-009   1.1285038333219578E-009   7.2483271260418133E-010   4.6141786001487361E-010   2.9142858319393095E-010   1.8283459502733708E-010   1.1408449710481654E-010   7.0898047590275115E-011   4.3946028863899595E-011   2.7211892269995157E-011   1.6860156813900729E-011   1.0470517080744379E-011   6.5289537502146406E-012   4.0951881813868612E-012   2.5885721015777930E-012   1.6520158397248801E-012   1.0664772309544715E-012   6.9772945986520366E-013   4.6347698297169217E-013   3.1316228381237603E-013   2.1561874219925691E-013   1.5154100813086538E-013   1.0889821469414686E-013   8.0138739374389984E-014   6.0483681960752609E-014   4.6881793939424239E-014   3.7366773283895057E-014   3.0659978349121649E-014   2.5923457190419244E-014   2.2605584303280198E-014   2.0344222142040220E-014   1.8906044187165717E-014   1.8148870193125461E-014
   4.9754123198902530E-006   2.6201001748522997E-005   6.4255774365040312E-005   1.1862708144687811E-004   1.8792724948840447E-004   2.6928789714664522E-004   3.5775931287656117E-004   4.4599063248170986E-004   5.2457222249649156E-004   5.8339631742739743E-004   6.1404651398638105E-004   6.1250227360794415E-004   5.8075926190769695E-004   5.2618145443811097E-004   4.5879311664157892E-004   3.8810661441971111E-004   3.2107601000141463E-004   2.6162145904540983E-004   2.1119537970454730E-004   1.6967118998655666E-004   1.3611421168933016E-004   1.0929837122011763E-004   8.7995108349566014E-005   7.1107232791459363E-005   5.7713078653011758E-005   4.7065374374502398E-005   3.8570849246856437E-005   3.1764235221612759E-005   2.6283065309838692E-005   2.1845785497071042E-005   1.8233786268929705E-005   1.5277115631106940E-005   1.2843330564453056E-005   1.0828891904785715E-005   9.1525615305525927E-006   7.7503489614904263E-006   6.5716447787268817E-006   5.5762579594386046E-006   4.7321397666416355E-006   4.0136287271629451E-006   3.4000914103191529E-006   2.8748644322141510E-006   2.4244264220297592E-006   2.0377463229818718E-006   1.7057677289786867E-006   1.4209990262900691E-006   1.1771867032414290E-006   9.6905489016926197E-007   7.9209842299793748E-007   6.4241980325440002E-007   5.1660259768403771E-007   4.1161527924634916E-007   3.2474043014233992E-007   2.5352476567962841E-007   1.9574574441032545E-007   1.4939074119909986E-007   1.1264498973138816E-007   8.3884831221098054E-008   6.1673277720509371E-008   4.4755509038419045E-008   3.2052630390915913E-008   2.2652755147998066E-008   1.5799164683102877E-008   1.0875864228226497E-008   7.3912507387293725E-009   4.9608173122191916E-009   3.2898506042185516E-009   2.1569691558846849E-009   1.3991514647470598E-009   8.9866492064008350E-010   5.7207481520934526E-010   3.6131758830923804E-010   2.2668039431614990E-010   1.4144282974339169E-010   8.7899698150302060E-011   5.4484331732261949E-011   3.3737251089051351E-011   2.0903142863655948E-011   1.2981270611851606E-011   8.0945334643282346E-012   5.0771653723218505E-012   3.2092753723923781E-012   2.0481428690577936E-012   1.3221995404898460E-012   8.6503144585444838E-013   5.7460906404312217E-013   3.8825160719461830E-013   2.6731902582260225E-013   1.8787678694983464E-013   1.3500919295665729E-013   9.9353862135259845E-014   7.4985997060623013E-014   5.8122717036172219E-014   4.6326240121702013E-014   3.8011333402812371E-014   3.2139122587382311E-014   2.8025715056624751E-014   2.5222141278550482E-014   2.3439128715612685E-014   2.2500405829434841E-014
   4.9446342345670398E-006   2.6040711668849273E-005   6.3885595593935203E-005   1.1806731447947820E-004   1.8747071914470602E-004   2.6977445245265913E-004   3.6089781975077382E-004   4.5456865358329895E-004   5.4228697638051052E-004   6.1404651398638105E-004   6.6010342191107334E-004   6.7363619883898339E-004   6.5330672010971088E-004   6.0414228484647649E-004   5.3582758968184947E-004   4.5929542145526899E-004   3.8363867324149982E-004   3.1468722207729949E-004   2.5516100331463725E-004   2.0557708357551348E-004   1.6521049056454927E-004   1.3280189246794977E-004   1.0698025422843863E-004   8.6473854880422823E-005   7.0192541723497896E-005   5.7242038605357231E-005   4.6907363010692229E-005   3.8625379510505674E-005   3.1956214936018226E-005   2.6557635887111894E-005   2.2163663513596708E-005   1.8567407909006235E-005   1.5607596828598382E-005   1.3158141247930307E-005   1.1120111475409853E-005   9.4155879371910016E-006   7.9829523936465259E-006   6.7732783569960488E-006   5.7475573945800491E-006   4.8745603184263245E-006   4.1291808083710462E-006   3.4911462646094110E-006   2.9440090258062192E-006   2.4743525614971670E-006   2.0711634899158330E-006   1.7253325482922710E-006   1.4292569040387405E-006   1.1765231470957622E-006   9.6165546522047374E-007   7.7991726114589071E-007   6.2715711926720553E-007   4.9969181051904781E-007   3.9422014739073656E-007   3.0776216003713858E-007   2.3761844106492107E-007   1.8134476623490689E-007   1.3673737982625535E-007   1.0182473612059442E-007   7.4862062350459603E-008   5.4325850596351003E-008   3.8906246348893801E-008   2.7496196778610549E-008   1.9177056713779476E-008   1.3201038599615496E-008   8.9713748143853807E-009   6.0213139022308207E-009   3.9931110475077127E-009   2.6180414357297289E-009   1.6982235546315483E-009   1.0907510286730969E-009   6.9435015563743857E-010   4.3854364278958090E-010   2.7512865043473355E-010   1.7167262975284595E-010   1.0668562058378048E-010   6.6128492324363126E-011   4.0947300532919618E-011   2.5370314812135582E-011   1.5755429443810659E-011   9.8243476659953633E-012   6.1621483190334152E-012   3.8950840564340498E-012   2.4858171655784629E-012   1.6047415165027697E-012   1.0498788765145860E-012   6.9739535771299370E-013   4.7121507707088490E-013   3.2444058611868220E-013   2.2802259179902839E-013   1.6385797839881411E-013   1.2058368540718144E-013   9.1008837345087704E-014   7.0542191446289914E-014   5.6225041260656727E-014   4.6133411133798130E-014   3.9006434823936331E-014   3.4014082849679047E-014   3.0611448550713384E-014   2.8447447019354753E-014   2.7308140750424266E-014
   4.6591101778165465E-006   2.4538588815728706E-005   6.0220656464337062E-005   1.1140343130009018E-004   1.7727205476015582E-004   2.5612302082092872E-004   3.4491391582208876E-004   4.3882098036976896E-004   5.3095575766602535E-004   6.1250227360794415E-004   6.7363619883898339E-004   7.0550476667204239E-004   7.0300766022642189E-004   6.6714754975983064E-004   6.0521989276404590E-004   5.2825459088333860E-004   4.4723657505205193E-004   3.7035329863906353E-004   3.0221518770459351E-004   2.4448958526392480E-004   1.9698476486907385E-004   1.5858455301531182E-004   1.2785914011091774E-004   1.0339518774403161E-004   8.3941974722694974E-005   6.8455189432556265E-005   5.6091179211848902E-005   4.6181290451139577E-005   3.8201230680806890E-005   3.1742140025954294E-005   2.6485821260612940E-005   2.2184574376307041E-005   1.8645239148858132E-005   1.5716772572932061E-005   1.3280666524515744E-005   1.1243590290579485E-005   9.5317502032068165E-006   8.0865632102674015E-006   6.8613313195892390E-006   5.8186770166340045E-006   4.9285572578486821E-006   4.1667180007877698E-006   3.5134850954128817E-006   2.9528130720086083E-006   2.4715328341272835E-006   2.0587539934755010E-006   1.7053886996529732E-006   1.4037721633639785E-006   1.1473612690293883E-006   9.3049718453883427E-007   7.4822105787157650E-007   5.9613403145274715E-007   4.7029415731045934E-007   3.6714359147666461E-007   2.8345990219286579E-007   2.1632564143277197E-007   1.6311066896438240E-007   1.2146220145124242E-007   8.9298245817735969E-008   6.4800962886705913E-008   4.6407534469916586E-008   3.2797175761431796E-008   2.2873931261443123E-008   1.5745713691209443E-008   1.0700620553453722E-008   7.1818650792770215E-009   4.7627046145634506E-009   3.1225925131649608E-009   2.0254915338423108E-009   1.3009427771940919E-009   8.2814864009450230E-010   5.2304608526989611E-010   3.2814100883443874E-010   2.0474979170533777E-010   1.2724073413186625E-010   7.8869104792412422E-011   4.8836182846353776E-011   3.0258023885523623E-011   1.8790716393489701E-011   1.1716969890528323E-011   7.3492384921142229E-012   4.6454279600215544E-012   2.9646735121447972E-012   1.9138665986217651E-012   1.2521165072805991E-012   8.3173244791323630E-013   5.6198263557326189E-013   3.8693507229150906E-013   2.7194436747689941E-013   1.9542005100558217E-013   1.4381013315405264E-013   1.0853853884839455E-013   8.4129611438534143E-014   6.7054713355692516E-014   5.5019260134504965E-014   4.6519511366178712E-014   4.0565554514525927E-014   3.6507521875409989E-014   3.3926702211472935E-014   3.2567949331398387E-014
   4.1939201596393639E-006   2.2089754848910881E-005   5.4226660117586683E-005   1.0040029283878695E-004   1.6006296204641398E-004   2.3206987988098226E-004   3.1435328974351159E-004   4.0355150333724660E-004   4.9464916597637078E-004   5.8075926190769695E-004   6.5330672010971088E-004   7.0300766022642189E-004   7.2196028486222203E-004   7.0651731257121537E-004   6.5946135674239319E-004   5.8959913997228572E-004   5.0854325297125373E-004   4.2679821881940101E-004   3.5146104306936406E-004   2.8601591484978065E-004   2.3129494487533411E-004   1.8661837032099812E-004   1.5064983283811682E-004   1.2190368030196155E-004   9.8994639795724464E-005   8.0733865285687381E-005   6.6145866584947692E-005   5.4450359037524194E-005   4.5032130703222278E-005   3.7409822740936151E-005   3.1208077987920643E-005   2.6134374550965835E-005   2.1960468134505237E-005   1.8507839823175298E-005   1.5636421386713271E-005   1.3235915184924732E-005   1.1219129259324544E-005   9.5168604526605523E-006   8.0739595230049813E-006   6.8462962192595198E-006   5.7984091589815458E-006   4.9016773359344718E-006   4.1328899586606688E-006   3.4731216842169850E-006   2.9068433478406743E-006   2.4212157311225032E-006   2.0055270823388004E-006   1.6507449941526047E-006   1.3491605903999276E-006   1.0941083235372205E-006   8.7974845902432334E-007   7.0090186528737152E-007   5.5292833631032165E-007   4.3164062291263459E-007   3.3324689550371229E-007   2.5431473923317927E-007   1.9175018775551228E-007   1.4278587439336224E-007   1.0497319001200473E-007   7.6174381707956487E-008   5.4551735504629192E-008   3.8552243532053523E-008   2.6887328091018054E-008   1.8508160734398527E-008   1.2577790854864165E-008   8.4416535021384546E-009   5.5980807045708834E-009   3.6702561586010010E-009   2.3807146792489542E-009   1.5290836575541674E-009   9.7336951332742460E-010   6.1476061696522697E-010   3.8567674236188878E-010   2.4064867699830203E-010   1.4954897466771439E-010   9.2696136069683846E-011   5.7397641686387039E-011   3.5562368452526733E-011   2.2084693835761656E-011   1.3770871648061808E-011   8.6374722129145528E-012   5.4596950299773919E-012   3.4843195753776229E-012   2.2493204811590825E-012   1.4715773387874387E-012   9.7750902140830846E-013   6.6047883370946157E-013   4.5475038687461902E-013   3.1960540328171030E-013   2.2966896800893799E-013   1.6901370477458454E-013   1.2756035596461806E-013   9.8873528462638151E-014   7.8806118224161351E-014   6.4661373124758287E-014   5.4671998159360280E-014   4.7674584642735550E-014   4.2905367435287520E-014   3.9872251479790665E-014   3.8275373626959595E-014
   3.6366201651936532E-006   1.9155264985849180E-005   4.7034000420013678E-005   8.7142962379004897E-005   1.3913861510985199E-004   2.0230745420324645E-004   2.7535388279076821E-004   3.5613417634579629E-004   4.4134204792474632E-004   5.2618145443811097E-004   6.0414228484647649E-004   6.6714754975983064E-004   7.0651731257121537E-004   7.1513159035317404E-004   6.9041159063685761E-004   6.3637821409324806E-004   5.6274115328354022E-004   4.8117153511323093E-004   4.0141233649103650E-004   3.2946722199723115E-004   2.6786678524556222E-004   2.1682512174895299E-004   1.7535755699337442E-004   1.4203429941935493E-004   1.1539150212537915E-004   9.4115630283985677E-005   7.7102679317885819E-005   6.3457346906331161E-005   5.2467998609283709E-005   4.3575147506920058E-005   3.6341277261705731E-005   3.0424875921462467E-005   2.5559249177804272E-005   2.1535728955097984E-005   1.8190581180562867E-005   1.5394888005312815E-005   1.3046761476586161E-005   1.1065358092625864E-005   9.3862730254661622E-006   7.9579869113095502E-006   6.7391144766030044E-006   5.6962642953159286E-006   4.8023653220167850E-006   4.0353512825081008E-006   3.3771209562947052E-006   2.8127128209099083E-006   2.3296479720838445E-006   1.9174068370480659E-006   1.5670138184294425E-006   1.2707102854745874E-006   1.0217007624825997E-006   8.1396015359737246E-007   6.4209173837869663E-007   5.0122679515506861E-007   3.8695735945757489E-007   2.9529407556462650E-007   2.2264157849192920E-007   1.6578451513220243E-007   1.2187825909801036E-007   8.8439590330174050E-008   6.3334016693406458E-008   4.4757876086121357E-008   3.1214719167983910E-008   2.1486594591280410E-008   1.4601644188952010E-008   9.7998281929149366E-009   6.4986640555970494E-009   4.2606485369535541E-009   2.7636399798780551E-009   1.7750087494177203E-009   1.1299063572420613E-009   7.1361918105136448E-010   4.4769266001899030E-010   2.7934204786128707E-010   1.7359324845002571E-010   1.0759889418371568E-010   6.6625000754227240E-011   4.1279179780374820E-011   2.5634754277026943E-011   1.5984416208400506E-011   1.0025816558585689E-011   6.3372286500737464E-012   4.0443341120311812E-012   2.6108299144927670E-012   1.7080818080764457E-012   1.1346053155113083E-012   7.6662244886113983E-013   5.2783041649592942E-013   3.7096614003649838E-013   2.6657622276509652E-013   1.9617336963077854E-013   1.4805838075216495E-013   1.1476158784998188E-013   9.1469391877507051E-014   7.5051644770206125E-014   6.3457033706135182E-014   5.5335184079531653E-014   4.9799591200359624E-014   4.6279079542565576E-014   4.4425597846513129E-014
