# Version 0.32
# Potential name = chengdu_MMWLY_800   
# L = 1
# S = 1
# J = 0
# Order = 0                   
# K_MAX = 1600 MeV
# For uncoupled channels, e.g., 3P0 (LSJ = 110)
# storage = D(1:N，1:N) (row, column)
# D(i,j)  = <pout(j),L|V|L,pin(i)>
# Normalization
# If V were so weak as to validate the Born approximation, the relation of V
# in 1S0 and the respective scattering length 'a' would have been
# <p|V|p> = 2/pi * a + ... for p->0, in unit of MeV^(-1)
# Momenta are in unit of MeV
# The value of pin and pout, where pin(1:N) = pout(1:N)
  0.22901858124691898        1.2064394883233263        2.9638922134998893        5.5000503700453010        8.8124838056065755        12.897967435154328        17.752513210465395        23.371379389034928        29.749076595347560        36.879373659606586        44.755303890995151        53.369171965536339        62.712561483732770        72.776343213976247        83.550684023418398        95.025056491985310        107.18824920226837        120.02837769632697        133.53289608927935        147.68860932865903        162.48168608774836        177.89767228040364        193.92150518423432        210.53752815838345        227.72950594155486        245.48064051535846        263.77358751748727        282.59047318869659        301.91291183703379        321.72202380225701        341.99845390289505        362.72239034792466        383.87358409458960        405.43136863344722        427.37468018131352        449.68207826237483        472.33176665735874        495.30161470029606        518.56917890206262        542.11172487957674        565.90624956922238        589.92950370279721        614.15801452402081        638.56810872341123        663.13593556911735        687.83749021110884        712.64863713595105        737.54513374925068        762.50265406272672        787.49681246276555        812.50318753723445        837.49734593727328        862.45486625074932        887.35136286404895        912.16250978889116        936.86406443088265        961.43189127658877        985.84198547597919        1010.0704962972028        1034.0937504307776        1057.8882751204233        1081.4308210979375        1104.6983852997039        1127.6682333426413        1150.3179217376251        1172.6253198186864        1194.5686313665528        1216.1264159054103        1237.2776096520754        1258.0015460971049        1278.2779761977431        1298.0870881629662        1317.4095268113033        1336.2264124825128        1354.5193594846414        1372.2704940584451        1389.4624718416167        1406.0784948157657        1422.1023277195964        1437.5183139122516        1452.3113906713411        1466.4671039107207        1479.9716223036730        1492.8117507977317        1504.9749435080148        1516.4493159765816        1527.2236567860236        1537.2874385162672        1546.6308280344638        1555.2446961090050        1563.1206263403933        1570.2509234046524        1576.6286206109651        1582.2474867895346        1587.1020325648456        1591.1875161943935        1594.4999496299547        1597.0361077865000        1598.7935605116768        1599.7709814187531     
# Matrix elements start here 
  -1.4858195940742064E-008  -7.8264397682540157E-008  -1.9218950909889575E-007  -3.5618353436088290E-007  -5.6907760039732244E-007  -8.2850820743528748E-007  -1.1303504469283393E-006  -1.4681826275614655E-006  -1.8329414274631990E-006  -2.2129560401742224E-006  -2.5945224572377396E-006  -2.9630662507004063E-006  -3.3047536518972165E-006  -3.6082133023462093E-006  -3.8659287705881514E-006  -4.0749314270358883E-006  -4.2366492894259421E-006  -4.3560406648467395E-006  -4.4403305761369775E-006  -4.4977053702325486E-006  -4.5362302694844040E-006  -4.5631121414060823E-006  -4.5843060317764783E-006  -4.6043922911289976E-006  -4.6266297279884297E-006  -4.6531007748246146E-006  -4.6848881164878676E-006  -4.7222460930931801E-006  -4.7647488528208334E-006  -4.8114096501424704E-006  -4.8607729285263168E-006  -4.9109844976706308E-006  -4.9598466156645547E-006  -5.0048650982558755E-006  -5.0432952864736012E-006  -5.0721930999170631E-006  -5.0884765815042092E-006  -5.0890022823646379E-006  -5.0706594715178781E-006  -5.0304834050327533E-006  -4.9657867055315736E-006  -4.8743053023768831E-006  -4.7543524779950240E-006  -4.6049715852955346E-006  -4.4260752955806535E-006  -4.2185572594922572E-006  -3.9843613224757534E-006  -3.7264944082027622E-006  -3.4489722054661157E-006  -3.1566919431683714E-006  -2.8552335286613920E-006  -2.5505984593767994E-006  -2.2489041214740460E-006  -1.9560580468596447E-006  -1.6774410875149229E-006  -1.4176292383534653E-006  -1.1801805058497143E-006  -9.6750602690577288E-007  -7.8083460221320682E-007  -6.2026853278543534E-007  -4.8491802369340315E-007  -3.7309319495329186E-007  -2.8252814442864221E-007  -2.1061099830741843E-007  -1.5459709690307103E-007  -1.1178836761293541E-007  -7.9669140373919414E-008  -5.5995759980234821E-008  -3.8843228297531962E-008  -2.6616116391649151E-008  -1.8032965934616232E-008  -1.2093599332577837E-008  -8.0376716663886889E-009  -5.3009921053448149E-009  -3.4741250385960926E-009  -2.2659208039298886E-009  -1.4731323124306454E-009  -9.5621762063396092E-010  -6.2078220244055140E-010  -4.0379762623900914E-010  -2.6364819244240711E-010  -1.7311387795253365E-010  -1.1452601529190656E-010  -7.6482972205576290E-011  -5.1657711653915351E-011  -3.5353245044485152E-011  -2.4561086692761169E-011  -1.7352863846220965E-011  -1.2489813241329605E-011  -9.1733280719340536E-012  -6.8860886306290931E-012  -5.2910232813341853E-012  -4.1670423536616948E-012  -3.3681041542263708E-012  -2.7970785970771739E-012  -2.3890083577638518E-012  -2.1003582419704596E-012  -1.9021035926357550E-012  -1.7753050357918533E-012  -1.7083080984553686E-012
  -7.8264397682540157E-008  -4.1225166626535299E-007  -1.0123434634923208E-006  -1.8761698023240950E-006  -2.9975746467000029E-006  -4.3641103513657211E-006  -5.9540525763783444E-006  -7.7335804358466563E-006  -9.6549597773167293E-006  -1.1656722120833803E-005  -1.3666688060602151E-005  -1.5608090235502935E-005  -1.7408058062325225E-005  -1.9006686586802932E-005  -2.0364372641403669E-005  -2.1465466869801403E-005  -2.2317480161661703E-005  -2.2946522125161615E-005  -2.3390646067490093E-005  -2.3692972592959426E-005  -2.3895986878901791E-005  -2.4037654206864930E-005  -2.4149346424192191E-005  -2.4255194052932479E-005  -2.4372365910983570E-005  -2.4511833628939078E-005  -2.4679302031069106E-005  -2.4876112059485660E-005  -2.5100021253571291E-005  -2.5345832238645032E-005  -2.5605877846669169E-005  -2.5870390836612397E-005  -2.6127794089330948E-005  -2.6364948795950400E-005  -2.6567396626795133E-005  -2.6719628686610403E-005  -2.6805409734028409E-005  -2.6808180574446731E-005  -2.6711554349600636E-005  -2.6499913228566388E-005  -2.6159100500628122E-005  -2.5677189371116703E-005  -2.5045294458754202E-005  -2.4258376292081256E-005  -2.3315974849980162E-005  -2.2222797777512381E-005  -2.0989085004415384E-005  -1.9630676613729824E-005  -1.8168726727948794E-005  -1.6629033304822814E-005  -1.5040990560756201E-005  -1.3436213592095104E-005  -1.1846927981100235E-005  -1.0304253825255710E-005  -8.8365367417354789E-006  -7.4678824671841341E-006  -6.2170341099664348E-006  -5.0966932214806054E-006  -4.1133329626307532E-006  -3.2674922432779284E-006  -2.5544837432935772E-006  -1.9654054004452848E-006  -1.4883207440445242E-006  -1.1094707703455513E-006  -8.1439697707257466E-007  -5.8888627638079379E-007  -4.1968645267340450E-007  -2.9497822841981620E-007  -2.0462096916880494E-007  -1.4021016721197233E-007  -9.4995270275629681E-008  -6.3707475625468853E-008  -4.2341387200337588E-008  -2.7924922624319820E-008  -1.8301229467150376E-008  -1.1936569967806559E-008  -7.7602654486794367E-009  -5.0372274792528184E-009  -3.2701982289670068E-009  -2.1271522883243514E-009  -1.3888636770851160E-009  -9.1194092742795412E-010  -6.0330784482560352E-010  -4.0290214425461862E-010  -2.7212596732656483E-010  -1.8623620170196050E-010  -1.2938454419341944E-010  -9.1412583144380882E-011  -6.5794678135058922E-011  -4.8323874529339985E-011  -3.6275000784767236E-011  -2.7872408269784427E-011  -2.1951425950995253E-011  -1.7742725574969985E-011  -1.4734638743079395E-011  -1.2584978893273154E-011  -1.1064408401220958E-011  -1.0020029226557851E-011  -9.3520712614253131E-012  -8.9991402892764089E-012
  -1.9218950909889575E-007  -1.0123434634923208E-006  -2.4859564694080191E-006  -4.6072129270451855E-006  -7.3610074978570973E-006  -1.0716797638552881E-005  -1.4621278360925448E-005  -1.8991460117738349E-005  -2.3710204236995617E-005  -2.8626650519713001E-005  -3.3563621294741176E-005  -3.8332632941940699E-005  -4.2754712134448678E-005  -4.6682661338402245E-005  -5.0019088943849427E-005  -5.2725407579354186E-005  -5.4819919125374339E-005  -5.6366638206880012E-005  -5.7458959566723854E-005  -5.8202767572381349E-005  -5.8702419418126336E-005  -5.9051191303271009E-005  -5.9326173959054411E-005  -5.9586673130541929E-005  -5.9874891611046052E-005  -6.0217804906453951E-005  -6.0629445973634546E-005  -6.1113123413122016E-005  -6.1663339279886231E-005  -6.2267333640078651E-005  -6.2906276909102795E-005  -6.3556178615634042E-005  -6.4188600708060107E-005  -6.4771267580844127E-005  -6.5268661243260829E-005  -6.5642682239095234E-005  -6.5853446292554759E-005  -6.5860272972416694E-005  -6.5622905010519707E-005  -6.5102974261203357E-005  -6.4265702023837563E-005  -6.3081787793840485E-005  -6.1529402912418652E-005  -5.9596167011604446E-005  -5.7280950136049428E-005  -5.4595317838750478E-005  -5.1564426956941003E-005  -4.8227192352871842E-005  -4.4635584014999361E-005  -4.0852980553071168E-005  -3.6951595591441243E-005  -3.3009098841482147E-005  -2.9104659805017783E-005  -2.5314732104291434E-005  -2.1708953216714965E-005  -1.8346544387417093E-005  -1.5273552345108966E-005  -1.2521181360011586E-005  -1.0105334245088254E-005  -8.0273349764603133E-006  -6.2756681078613524E-006  -4.8284637202214831E-006  -3.6563971791987634E-006  -2.7256663822121015E-006  -2.0007507477493020E-006  -1.4467326086622656E-006  -1.0310548968583047E-006  -7.2468088032937767E-007  -5.0269779349926452E-007  -3.4445805910416668E-007  -2.3337741592657411E-007  -1.5651185611073381E-007  -1.0402121651285994E-007  -6.8603903184109019E-008  -4.4961119272117636E-008  -2.9324890323067704E-008  -1.9064851470165881E-008  -1.2375091352061194E-008  -8.0339833846089471E-009  -5.2258318804012509E-009  -3.4120585199871704E-009  -2.2403896547959724E-009  -1.4821625115203933E-009  -9.8982046994678688E-010  -6.6853914007293990E-010  -4.5753145662285106E-010  -3.1786246960881509E-010  -2.2457573760387377E-010  -1.6163954535888744E-010  -1.1871855495910246E-010  -8.9117764621902780E-011  -6.8474890881310836E-011  -5.3928655269799536E-011  -4.3589028496629601E-011  -3.6198981125134237E-011  -3.0917854278070635E-011  -2.7182228080927177E-011  -2.4616473829106852E-011  -2.2975483630498668E-011  -2.2108428671427407E-011
  -3.5618353436088290E-007  -1.8761698023240950E-006  -4.6072129270451855E-006  -8.5385578795822014E-006  -1.3642273360089250E-005  -1.9861887434962435E-005  -2.7098839184165778E-005  -3.5199663254863703E-005  -4.3947697706202225E-005  -5.3063812649572943E-005  -6.2220022059854063E-005  -7.1067172778243755E-005  -7.9273418552630595E-005  -8.6565460320340949E-005  -9.2762042822369583E-005  -9.7790794760767245E-005  -1.0168486273743612E-004  -1.0456233380122811E-004  -1.0659601960128924E-004  -1.0798212933748726E-004  -1.0891422251035874E-004  -1.0956542177505967E-004  -1.1007888438541940E-004  -1.1056479142355247E-004  -1.1110158666618200E-004  -1.1173944335889378E-004  -1.1250449876271687E-004  -1.1340297015879016E-004  -1.1442471579037417E-004  -1.1554610395945658E-004  -1.1673222850381998E-004  -1.1793859768743673E-004  -1.1911245992070754E-004  -1.2019393738226544E-004  -1.2111713169215611E-004  -1.2181135129578035E-004  -1.2220259047945886E-004  -1.2221536453496264E-004  -1.2177497281427995E-004  -1.2081021937486921E-004  -1.1925656845709026E-004  -1.1705964957250792E-004  -1.1417895721196571E-004  -1.1059151859807412E-004  -1.0629523792696510E-004  -1.0131157806583003E-004  -9.5687222873503812E-005  -8.9494386652042625E-005  -8.2829509813761522E-005  -7.5810203506756146E-005  -6.8570473826923378E-005  -6.1254451604307573E-005  -5.4009050771463894E-005  -4.6976145413953975E-005  -4.0284960973870312E-005  -3.4045393624374649E-005  -2.8342891765029050E-005  -2.3235360847908249E-005  -1.8752311621351983E-005  -1.4896201086640291E-005  -1.1645660304211182E-005  -8.9601056784293174E-006  -6.7851199954623549E-006  -5.0579772574588967E-006  -3.7127624992753161E-006  -2.6846795648981148E-006  -1.9133128182353533E-006  -1.3447792512969425E-006  -9.3284863338842751E-007  -6.3920557565852297E-007  -4.3307492078208771E-007  -2.9043667270410048E-007  -1.9303059179629411E-007  -1.2730722204622894E-007  -8.3433667170026843E-008  -5.4417754503403419E-008  -3.5378356066978689E-008  -2.2964269647680609E-008  -1.4908541376221516E-008  -9.6974971618998596E-009  -6.3317053955195444E-009  -4.1574572127260478E-009  -2.7504265725032129E-009  -1.8367948909542220E-009  -1.2405979838816529E-009  -8.4903421458456826E-010  -5.8985258561147954E-010  -4.1674180615602634E-010  -2.9995206468254000E-010  -2.2030423087981911E-010  -1.6537449113241218E-010  -1.2706782193082421E-010  -1.0007459205011218E-010  -8.0887502683816652E-011  -6.7173903290098080E-011  -5.7373795884228097E-011  -5.0441650711466903E-011  -4.5680419255219101E-011  -4.2635258499927183E-011  -4.1026277692613800E-011
  -5.6907760039732244E-007  -2.9975746467000029E-006  -7.3610074978570973E-006  -1.3642273360089250E-005  -2.1796968262969223E-005  -3.1735330838044210E-005  -4.3300692573639093E-005  -5.6249049531211099E-005  -7.0235751688769275E-005  -8.4816444366348550E-005  -9.9468430475834060E-005  -1.1363444644083919E-004  -1.2678376264023067E-004  -1.3847798379321380E-004  -1.4842484867392004E-004  -1.5650570887580206E-004  -1.6277079559250473E-004  -1.6740682484515650E-004  -1.7068891339808303E-004  -1.7293044590728363E-004  -1.7444121372185798E-004  -1.7549871024548057E-004  -1.7633266485301012E-004  -1.7712006797410533E-004  -1.7798706095674399E-004  -1.7901444133184684E-004  -1.8024442898519771E-004  -1.8168725998334901E-004  -1.8332689942923851E-004  -1.8512564866042649E-004  -1.8702770515790216E-004  -1.8896187745630065E-004  -1.9084371653136273E-004  -1.9257733783074722E-004  -1.9405719718874984E-004  -1.9517006068309461E-004  -1.9579737684353508E-004  -1.9581821887756560E-004  -1.9511291201972496E-004  -1.9356739371273793E-004  -1.9107827024619287E-004  -1.8755843337322801E-004  -1.8294298861894749E-004  -1.7719513228486221E-004  -1.7031151002983169E-004  -1.6232651382845200E-004  -1.5331494558377463E-004  -1.4339251306519908E-004  -1.3271374012576768E-004  -1.2146707128369755E-004  -1.0986721974618796E-004  -9.8145120968842476E-005  -8.6536169519484929E-005  -7.5267684739414471E-005  -6.4546719525733173E-005  -5.4549356275352945E-005  -4.5412505741417540E-005  -3.7228947779499411E-005  -3.0045966619955208E-005  -2.3867499425414531E-005  -1.8659308062850053E-005  -1.4356367561848092E-005  -1.0871487914479845E-005  -8.1041662742217783E-006  -5.9487902140882769E-006  -4.3015398892612897E-006  -3.0656141356552351E-006  -2.1546787017108280E-006  -1.4946610181152840E-006  -1.0241700963754688E-006  -6.9389631114646449E-007  -4.6535352034491031E-007  -3.0928417496807652E-007  -2.0397859881692463E-007  -1.3368198950780330E-007  -8.7191106544618895E-008  -5.6685140191626639E-008  -3.6794611183572711E-008  -2.3887282114872171E-008  -1.5537861575825540E-008  -1.0145005560174269E-008  -6.6613059451727402E-009  -4.4068843147579399E-009  -2.9430135368269242E-009  -1.9877541553120372E-009  -1.3603692065795936E-009  -9.4509418243305654E-010  -6.6772659392138001E-010  -4.8059966180707284E-010  -3.5298353173907978E-010  -2.6497208813491981E-010  -2.0359504028389959E-010  -1.6034500574994715E-010  -1.2960239795449410E-010  -1.0762971620493412E-010  -9.1927446124879598E-011  -8.0820382563598308E-011  -7.3191676132181581E-011  -6.8312552387084578E-011  -6.5734555001547501E-011
  -8.2850820743528748E-007  -4.3641103513657211E-006  -1.0716797638552881E-005  -1.9861887434962435E-005  -3.1735330838044210E-005  -4.6207696507061241E-005  -6.3053058067606964E-005  -8.1919382620158335E-005  -1.0230898960823811E-004  -1.2357932793321755E-004  -1.4497304266403507E-004  -1.6568045638022384E-004  -1.8492751204825475E-004  -2.0207130469976925E-004  -2.1667914472352391E-004  -2.2857010111967360E-004  -2.3780986159524441E-004  -2.4466489555869514E-004  -2.4953299373964586E-004  -2.5287007750055001E-004  -2.5512859561049753E-004  -2.5671495640806771E-004  -2.5796634804018406E-004  -2.5914304263090703E-004  -2.6043089985917776E-004  -2.6194928751176974E-004  -2.6376093219201459E-004  -2.6588156640763101E-004  -2.6828830954612695E-004  -2.7092643862694759E-004  -2.7371462628398050E-004  -2.7654893857976897E-004  -2.7930597433458511E-004  -2.8184554740435716E-004  -2.8401329781111714E-004  -2.8564358379953148E-004  -2.8656296051351727E-004  -2.8659449124050957E-004  -2.8556306012788234E-004  -2.8330175652843106E-004  -2.7965927798488785E-004  -2.7450815228468608E-004  -2.6775341532696913E-004  -2.5934121361890431E-004  -2.4926664779603512E-004  -2.3758006219192447E-004  -2.2439094372031580E-004  -2.0986864805263075E-004  -1.9423934125875457E-004  -1.7777883505801394E-004  -1.6080138752240747E-004  -1.4364499920128962E-004  -1.2665419665807407E-004  -1.1016168725007319E-004  -9.4470516082573291E-005  -7.9838399561513518E-005  -6.6465722203378990E-005  -5.4488278274441180E-005  -4.3975274381582449E-005  -3.4932474112560826E-005  -2.7309767459260841E-005  -2.1011984588535352E-005  -1.5911514736078814E-005  -1.1861262314648598E-005  -8.7066532327389471E-006  -6.2957369281609048E-006  -4.4868353110886401E-006  -3.1535896172477649E-006  -2.1875872496458828E-006  -1.4989763546854847E-006  -1.0155873524274447E-006  -6.8109190939599776E-007  -4.5266866079725944E-007  -2.9854331015979638E-007  -1.9565711676685528E-007  -1.2761300841775736E-007  -8.2964440864967648E-008  -5.3852639042258143E-008  -3.4961456563536470E-008  -2.2741234325508588E-008  -1.4848243461016905E-008  -9.7494962397222283E-009  -6.4499218098947541E-009  -4.3073986109290070E-009  -2.9092797070982085E-009  -1.9910382513290315E-009  -1.3832411615966007E-009  -9.7728557895491830E-010  -7.0340634278107447E-010  -5.1662719747866720E-010  -3.8781352560704315E-010  -2.9798199214652977E-010  -2.3468118057051432E-010  -1.8968625625069081E-010  -1.5752700801234885E-010  -1.3454514314387508E-010  -1.1828882904985575E-010  -1.0712344340058178E-010  -9.9982350896596666E-011  -9.6209190226467622E-011
  -1.1303504469283393E-006  -5.9540525763783444E-006  -1.4621278360925448E-005  -2.7098839184165778E-005  -4.3300692573639093E-005  -6.3053058067606964E-005  -8.6052560261890289E-005  -1.1182613117126532E-004  -1.3970400515681585E-004  -1.6881947213800299E-004  -1.9814759342537256E-004  -2.2658762389474236E-004  -2.5308066242609849E-004  -2.7673929591271774E-004  -2.9695703517665796E-004  -3.1346841745822474E-004  -3.2634597845472910E-004  -3.3594079962886081E-004  -3.4278907086533381E-004  -3.4751184283198601E-004  -3.5072951337405500E-004  -3.5300197929269070E-004  -3.5479548187319573E-004  -3.5647105216383436E-004  -3.5828734304438066E-004  -3.6041120779573883E-004  -3.6293113288995613E-004  -3.6587050465625604E-004  -3.6919918835747725E-004  -3.7284291031104683E-004  -3.7669053089113888E-004  -3.8059960290760277E-004  -3.8440073824151747E-004  -3.8790133557902703E-004  -3.9088920180493545E-004  -3.9313655330141991E-004  -3.9440481943354749E-004  -3.9445058801269037E-004  -3.9303292621768737E-004  -3.8992217430115929E-004  -3.8491013971844241E-004  -3.7782141741932060E-004  -3.6852533663168181E-004  -3.5694780325431531E-004  -3.4308209712370831E-004  -3.2699753008810160E-004  -3.0884481330897996E-004  -2.8885705750135004E-004  -2.6734556404646106E-004  -2.4468996401963764E-004  -2.2132280404147558E-004  -1.9770930841187244E-004  -1.7432368289946521E-004  -1.5162386487804560E-004  -1.3002696460334663E-004  -1.0988770228560235E-004  -9.1481887175090553E-005  -7.4996427323627219E-005  -6.0526580409516648E-005  -4.8080281976828687E-005  -3.7588563861326669E-005  -2.8920438077075972E-005  -2.1900265243933653E-005  -1.6325587154648110E-005  -1.1983652073267129E-005  -8.6653190140947436E-006  -6.1755856342881521E-006  -4.3405346587123263E-006  -3.0109494449696842E-006  -2.0631599012454275E-006  -1.3978334006040791E-006  -9.3744084566989300E-007  -6.2304382885586143E-007  -4.1090888467249852E-007  -2.6929844961814855E-007  -1.7564393786737504E-007  -1.1419056503697553E-007  -7.4121676542396538E-008  -4.8120238598150752E-008  -3.1300573669761349E-008  -2.0436821561408933E-008  -1.3419009411336643E-008  -8.8775420633762787E-009  -5.9286165135911522E-009  -4.0042739292606509E-009  -2.7404249395203957E-009  -1.9038652916938714E-009  -1.3451162134575346E-009  -9.6815435092119605E-010  -7.1107529588683504E-010  -5.3377874977725929E-010  -4.1013643360332067E-010  -3.2301046887913706E-010  -2.6108035904293424E-010  -2.1681701564484702E-010  -1.8518523825856077E-010  -1.6281037384361993E-010  -1.4744256110843279E-010  -1.3761370467635131E-010  -1.3242040203388908E-010
  -1.4681826275614655E-006  -7.7335804358466563E-006  -1.8991460117738349E-005  -3.5199663254863703E-005  -5.6249049531211099E-005  -8.1919382620158335E-005  -1.1182613117126532E-004  -1.4536901099590634E-004  -1.8169629582061601E-004  -2.1970201892621284E-004  -2.5807180646386988E-004  -2.9538437534072930E-004  -3.3025960447737794E-004  -3.6152527732036960E-004  -3.8836201320237675E-004  -4.1038793059432487E-004  -4.2766266226177611E-004  -4.4061649792702287E-004  -4.4993196324697078E-004  -4.5641305748105564E-004  -4.6087135640310073E-004  -4.6404473038576743E-004  -4.6655115792026730E-004  -4.6887153059269016E-004  -4.7135210141308959E-004  -4.7421772858420564E-004  -4.7758928739295616E-004  -4.8150110281061339E-004  -4.8591627725986792E-004  -4.9073916824310718E-004  -4.9582509192157590E-004  -5.0098775444461978E-004  -5.0600509397113916E-004  -5.1062426164235014E-004  -5.1456644541316853E-004  -5.1753218023450768E-004  -5.1920770363582587E-004  -5.1927280664492510E-004  -5.1741048947383781E-004  -5.1331855166833896E-004  -5.0672302262608866E-004  -4.9739307228333031E-004  -4.8515674478404372E-004  -4.6991655338185148E-004  -4.5166369842670757E-004  -4.3048946833394085E-004  -4.0659230764971592E-004  -3.8027913539987525E-004  -3.5195980522997856E-004  -3.2213412425023430E-004  -2.9137156085282405E-004  -2.6028460188398797E-004  -2.2949755673112992E-004  -1.9961331589879959E-004  -1.7118101939134992E-004  -1.4466766902644231E-004  -1.2043637856477950E-004  -9.8733221513192790E-005  -7.9683611847817206E-005  -6.3298002222746824E-005  -4.9485599976534090E-005  -3.8073961972456905E-005  -2.8831860372567694E-005  -2.1492759465303824E-005  -1.5776571466547629E-005  -1.1407961724023399E-005  -8.1302088728956777E-006  -5.7143499474745855E-006  -3.9639403744370381E-006  -2.7161676882836472E-006  -1.8402598041915017E-006  -1.2341491036776593E-006  -8.2024272733912911E-007  -5.4096522544342466E-007  -3.5453384003034098E-007  -2.3123684177958078E-007  -1.5033292455888908E-007  -9.7581870102618397E-008  -6.3350739947470728E-008  -4.1207496697949476E-008  -2.6905266757396626E-008  -1.7666251935774420E-008  -1.1687367827464526E-008  -7.8050797281123138E-009  -5.2716646275155979E-009  -3.6077955115614059E-009  -2.5064568199787232E-009  -1.7708583570192480E-009  -1.2745844793803338E-009  -9.3613745265501945E-010  -7.0272485614541958E-010  -5.3994856378116994E-010  -4.2524639623710410E-010  -3.4371481232780563E-010  -2.8544169548703350E-010  -2.4379815636632301E-010  -2.1434143202462794E-010  -1.9410955856603119E-010  -1.8116977437881811E-010  -1.7433274140199171E-010
  -1.8329414274631990E-006  -9.6549597773167293E-006  -2.3710204236995617E-005  -4.3947697706202225E-005  -7.0235751688769275E-005  -1.0230898960823811E-004  -1.3970400515681585E-004  -1.8169629582061601E-004  -2.2725479114836850E-004  -2.7503423127659825E-004  -3.2342475032145438E-004  -3.7066879503603581E-004  -4.1503724527367706E-004  -4.5503393568413524E-004  -4.8958070984044769E-004  -5.1813433415184493E-004  -5.4070575902021912E-004  -5.5778364292022548E-004  -5.7019258499550534E-004  -5.7892951911800189E-004  -5.8501673539033462E-004  -5.8939400965819289E-004  -5.9285513648211336E-004  -5.9602230283833241E-004  -5.9934674735142560E-004  -6.0312428117013320E-004  -6.0751689810187499E-004  -6.1257487475135171E-004  -6.1825642176700931E-004  -6.2444379346291974E-004  -6.3095587555075385E-004  -6.3755785489868588E-004  -6.4396882933452800E-004  -6.4986828470350801E-004  -6.5490234008148583E-004  -6.5869058634839797E-004  -6.6083423548132748E-004  -6.6092615811781772E-004  -6.5856320708107693E-004  -6.5336099488133147E-004  -6.4497100761166004E-004  -6.3309959836591479E-004  -6.1752802484750307E-004  -5.9813230784441264E-004  -5.7490133518819388E-004  -5.4795137857826766E-004  -5.1753509406395775E-004  -4.8404320299376771E-004  -4.4799744263188644E-004  -4.1003404437505591E-004  -3.7087790548568863E-004  -3.3130867687347881E-004  -2.9212105507202377E-004  -2.5408247031126610E-004  -2.1789193250561884E-004  -1.8414389728410685E-004  -1.5330058110037367E-004  -1.2567522012369624E-004  -1.0142746339760535E-004  -8.0570626063821563E-005  -6.2989148315332539E-005  -4.8463537435170423E-005  -3.6699473371047969E-005  -2.7357692126620399E-005  -2.0081678498256155E-005  -1.4520966609488877E-005  -1.0348782414508060E-005  -7.2736844922061945E-006  -5.0456230826684506E-006  -3.4573578213161401E-006  -2.3424317430467192E-006  -1.5709251227865795E-006  -1.0440716066148136E-006  -6.8858456776066977E-007  -4.5127956446652336E-007  -2.9433711924154230E-007  -1.9135602548992856E-007  -1.2421018248964484E-007  -8.0638005921575793E-008  -5.2452276617826415E-008  -3.4247228646321088E-008  -2.2487054336338217E-008  -1.4876640878947929E-008  -9.9349463470486456E-009  -6.7102078086272029E-009  -4.5922986455368344E-009  -3.1904243271260622E-009  -2.2540941753260991E-009  -1.6223959990979838E-009  -1.1915927990235053E-009  -8.9448605055909692E-010  -6.8729099519772946E-010  -5.4128863822361220E-010  -4.3750852801876697E-010  -3.6333370800851176E-010  -3.1032638288115445E-010  -2.7283143863742791E-010  -2.4707864401428102E-010  -2.3060782103731003E-010  -2.2190508237030279E-010
  -2.2129560401742224E-006  -1.1656722120833803E-005  -2.8626650519713001E-005  -5.3063812649572943E-005  -8.4816444366348550E-005  -1.2357932793321755E-004  -1.6881947213800299E-004  -2.1970201892621284E-004  -2.7503423127659825E-004  -3.3325019754862893E-004  -3.9245893751659999E-004  -4.5056990637381406E-004  -5.0549083894384217E-004  -5.5536719975300295E-004  -5.9881034344110029E-004  -6.3505556345995972E-004  -6.6400856963661230E-004  -6.8617405544635780E-004  -7.0249637234629815E-004  -7.1416298786645775E-004  -7.2241993956939383E-004  -7.2843108130261533E-004  -7.3319145796152526E-004  -7.3748896401478121E-004  -7.4190072896792919E-004  -7.4680988201315617E-004  -7.5243126881804011E-004  -7.5883862297955343E-004  -7.6598913238038401E-004  -7.7374378412517117E-004  -7.8188337017089430E-004  -7.9012083661635470E-004  -7.9811101777724691E-004  -8.0545890335526082E-004  -8.1172756332373829E-004  -8.1644676381523672E-004  -8.1912317317650672E-004  -8.1925288252732262E-004  -8.1633674047718670E-004  -8.0989871537616161E-004  -7.9950714315595657E-004  -7.8479829721424905E-004  -7.6550124687805394E-004  -7.4146248943763931E-004  -7.1266840389412449E-004  -6.7926325537350527E-004  -6.4156035920166516E-004  -6.0004416969634486E-004  -5.5536154505469385E-004  -5.0830126864617005E-004  -4.5976203256850378E-004  -4.1071039914815366E-004  -3.6213157705815220E-004  -3.1497696907269130E-004  -2.7011315498209551E-004  -2.2827709753106033E-004  -1.9004182234549024E-004  -1.5579566452901777E-004  -1.2573655779549495E-004  -9.9881026251167514E-005  -7.8085828007797088E-005  -6.0078875440130385E-005  -4.5495316919504343E-005  -3.3914582818621558E-005  -2.4894715830278529E-005  -1.8001256377852856E-005  -1.2829113885378010E-005  -9.0169978457501179E-006  -6.2549292840436637E-006  -4.2859984726043645E-006  -2.9038535001075077E-006  -1.9474365236088115E-006  -1.2943096006872765E-006  -8.5362127075614583E-007  -5.5944018835962730E-007  -3.6488253375689541E-007  -2.3721941138607847E-007  -1.5398035621933092E-007  -9.9964991777303027E-008  -6.5023827456545420E-008  -4.2455469582095275E-008  -2.7876664680586755E-008  -1.8442217732767161E-008  -1.2316117219385190E-008  -8.3184857595243286E-009  -5.6929641463048595E-009  -3.9550938188313744E-009  -2.7943474998440219E-009  -2.0112461988917063E-009  -1.4771896346280155E-009  -1.1088733965479507E-009  -8.5201855990981686E-010  -6.7102286796273283E-010  -5.4236910084506806E-010  -4.5041631563109239E-010  -3.8470437657053394E-010  -3.3822277210854700E-010  -3.0629763530416359E-010  -2.8587914138809710E-010  -2.7509055981413773E-010
  -2.5945224572377396E-006  -1.3666688060602151E-005  -3.3563621294741176E-005  -6.2220022059854063E-005  -9.9468430475834060E-005  -1.4497304266403507E-004  -1.9814759342537256E-004  -2.5807180646386988E-004  -3.2342475032145438E-004  -3.9245893751659999E-004  -4.6304040613538190E-004  -5.3277305404714692E-004  -5.9920749519560320E-004  -6.6010771339015039E-004  -7.1372172685973858E-004  -7.5898916871279174E-004  -7.9563021925636911E-004  -8.2409573906717080E-004  -8.4540224090929716E-004  -8.6090643699736347E-004  -8.7207998348951899E-004  -8.8032865241136939E-004  -8.8687467789378012E-004  -8.9269933464272298E-004  -8.9853094218501114E-004  -9.0486080771229522E-004  -9.1197242098429608E-004  -9.1997389674848269E-004  -9.2882803207639908E-004  -9.3837756244045587E-004  -9.4836522081277047E-004  -9.5844930874026306E-004  -9.6821599904422899E-004  -9.7718975825225943E-004  -9.8484326461496319E-004  -9.9060809177917456E-004  -9.9388726519493800E-004  -9.9407058390197332E-004  -9.9055332495056247E-004  -9.8275859778278532E-004  -9.7016318261710234E-004  -9.5232617361082654E-004  -9.2891917606911832E-004  -8.9975622166942775E-004  -8.6482103485400975E-004  -8.2428889569265357E-004  -7.7854019858027059E-004  -7.2816299525957861E-004  -6.7394240064693714E-004  -6.1683574575456469E-004  -5.5793372781779284E-004  -4.9840939720955117E-004  -4.3945842377225740E-004  -3.8223544476727908E-004  -3.2779215400279699E-004  -2.7702294257907711E-004  -2.3062325012464265E-004  -1.8906437974530900E-004  -1.5258656780369739E-004  -1.2120989611890606E-004  -9.4760557851465008E-005  -7.2908381130635814E-005  -5.5210616458175768E-005  -4.1156894353588180E-005  -3.0210887404159846E-005  -2.1845364645394509E-005  -1.5568733905742809E-005  -1.0942555049851066E-005  -7.5906558788551927E-006  -5.2012655081072906E-006  -3.5239668622619453E-006  -2.3633090408152299E-006  -1.5707080210838612E-006  -1.0359113536017865E-006  -6.7890826327341893E-007  -4.4280301639280142E-007  -2.8787753571551092E-007  -1.8686283097396305E-007  -1.2131250924288139E-007  -7.8909669358432858E-008  -5.1521842065958488E-008  -3.3829733763955794E-008  -2.2380559857532829E-008  -1.4946229426885078E-008  -1.0094902647663986E-008  -6.9086999385527777E-009  -4.7997066393379537E-009  -3.3910823553156307E-009  -2.4407493266702097E-009  -1.7926446505520553E-009  -1.3456742325610494E-009  -1.0339678620547372E-009  -8.1432040393653740E-010  -6.5819252384084581E-010  -5.4660314656086945E-010  -4.6685836791843479E-010  -4.1045057702570431E-010  -3.7170779944078793E-010  -3.4692891813446092E-010  -3.3383642537203271E-010
  -2.9630662507004063E-006  -1.5608090235502935E-005  -3.8332632941940699E-005  -7.1067172778243755E-005  -1.1363444644083919E-004  -1.6568045638022384E-004  -2.2658762389474236E-004  -2.9538437534072930E-004  -3.7066879503603581E-004  -4.5056990637381406E-004  -5.3277305404714692E-004  -6.1463160505387574E-004  -6.9337224263368987E-004  -7.6637532739488900E-004  -8.3148139876090506E-004  -8.8725299972420982E-004  -9.3312224421216816E-004  -9.6938469370075342E-004  -9.9704843392363568E-004  -1.0175906225082499E-003  -1.0326919926240859E-003  -1.0440089301140348E-003  -1.0530149073333767E-003  -1.0609149298982823E-003  -1.0686187066558980E-003  -1.0767520889716320E-003  -1.0856882013981510E-003  -1.0955849500782441E-003  -1.1064210484239868E-003  -1.1180269161086818E-003  -1.1301095437263554E-003  -1.1422719548924815E-003  -1.1540286366724455E-003  -1.1648185772639751E-003  -1.1740175650727623E-003  -1.1809512872108980E-003  -1.1849105717518370E-003  -1.1851698592978228E-003  -1.1810096569525325E-003  -1.1717433066480150E-003  -1.1567478798583536E-003  -1.1354983961243711E-003  -1.1076038793714675E-003  -1.0728430666070697E-003  -1.0311969495393938E-003  -9.8287486638113384E-004  -9.2833068650577020E-004  -8.6826585573174361E-004  -8.0361677324207025E-004  -7.3552517031948519E-004  -6.6529178959671563E-004  -5.9431555879007659E-004  -5.2402236437438393E-004  -4.5578915183495196E-004  -3.9087010146450491E-004  -3.3033180856587192E-004  -2.7500361994054162E-004  -2.2544760234891029E-004  -1.8195027888666309E-004  -1.4453564159062177E-004  -1.1299647263828825E-004  -8.6939089955946245E-005  -6.5835562173826366E-005  -4.9077319114627360E-005  -3.6024832488563029E-005  -2.6049417268876076E-005  -1.8564882847682218E-005  -1.3048417367297222E-005  -9.0514585489850549E-006  -6.2022381143275558E-006  -4.2021481667528297E-006  -2.8181245479853153E-006  -1.8729890475244181E-006  -1.2352716340141184E-006  -8.0956376351107374E-007  -5.2802029903709953E-007  -3.4327952385360693E-007  -2.2282458936242179E-007  -1.4465912653255011E-007  -9.4095863635638078E-008  -6.1437246391828483E-008  -4.0340287330514789E-008  -2.6687715316565854E-008  -1.7822644035002842E-008  -1.2037676254834877E-008  -8.2382864139755434E-009  -5.7234155469727509E-009  -4.0437001888022022E-009  -2.9104745961547115E-009  -2.1376414660792075E-009  -1.6046510740575331E-009  -1.2329564345946513E-009  -9.7103754609710134E-010  -7.8486265190609372E-010  -6.5179774941175409E-010  -5.5670597880716070E-010  -4.8944242982881589E-010  -4.4324354986962859E-010  -4.1369593743791288E-010  -3.9808377561188711E-010
  -3.3047536518972165E-006  -1.7408058062325225E-005  -4.2754712134448678E-005  -7.9273418552630595E-005  -1.2678376264023067E-004  -1.8492751204825475E-004  -2.5308066242609849E-004  -3.3025960447737794E-004  -4.1503724527367706E-004  -5.0549083894384217E-004  -5.9920749519560320E-004  -6.9337224263368987E-004  -7.8495324763619163E-004  -8.7097706544728517E-004  -9.4885620607473419E-004  -1.0167018997679011E-003  -1.0735426411004226E-003  -1.1193869191054215E-003  -1.1551148205208384E-003  -1.1822376189635363E-003  -1.2025998613215251E-003  -1.2181000349164584E-003  -1.2304800386957289E-003  -1.2411993939055893E-003  -1.2513839238786531E-003  -1.2618265540499411E-003  -1.2730173164284487E-003  -1.2851849560224391E-003  -1.2983391293268265E-003  -1.3123076716101806E-003  -1.3267671315134422E-003  -1.3412669410901880E-003  -1.3552486757258176E-003  -1.3680622888124819E-003  -1.3789812771368899E-003  -1.3872186159995174E-003  -1.3919450786586453E-003  -1.3923112469834272E-003  -1.3874741238312884E-003  -1.3766287571281243E-003  -1.3590446698508426E-003  -1.3341061640557211E-003  -1.3013547610634128E-003  -1.2605312158772790E-003  -1.2116137972464764E-003  -1.1548489792149632E-003  -1.0907704839664819E-003  -1.0202028796539770E-003  -9.4424676277633703E-004  -8.6424396342402643E-004  -7.8172312507458687E-004  -6.9832823749334282E-004  -6.1573494728218634E-004  -5.3556137551254894E-004  -4.5928137312240512E-004  -3.8814835610653217E-004  -3.2313694950926995E-004  -2.6490769958756522E-004  -2.1379736416556974E-004  -1.6983420356591570E-004  -1.3277478509737529E-004  -1.0215656199564245E-004  -7.7359229342623034E-005  -5.7667719918674983E-005  -4.2330582429882124E-005  -3.0609101175382272E-005  -2.1814488686792406E-005  -1.5332426756534280E-005  -1.0635841014230041E-005  -7.2878914526019948E-006  -4.9377033341334549E-006  -3.3114177324750594E-006  -2.2008435215516827E-006  -1.4514982752575410E-006  -9.5127313513681971E-007  -6.2044729490001883E-007  -4.0336877077861776E-007  -2.6182889604656662E-007  -1.6998099914201216E-007  -1.1056690279888674E-007  -7.2191558900048819E-008  -4.7401678996626099E-008  -3.1359287643687917E-008  -2.0942425319508365E-008  -1.4144823953914136E-008  -9.6803668387127714E-009  -6.7252780527605672E-009  -4.7515351651347012E-009  -3.4199428019497645E-009  -2.5118281433675515E-009  -1.8855397483870929E-009  -1.4487813065825532E-009  -1.1410144477366322E-009  -9.2225029014270039E-010  -7.6589283622564214E-010  -6.5415557606053434E-010  -5.7511777052146414E-010  -5.2083193187090353E-010  -4.8611210864411902E-010  -4.6776708989586405E-010
  -3.6082133023462093E-006  -1.9006686586802932E-005  -4.6682661338402245E-005  -8.6565460320340949E-005  -1.3847798379321380E-004  -2.0207130469976925E-004  -2.7673929591271774E-004  -3.6152527732036960E-004  -4.5503393568413524E-004  -5.5536719975300295E-004  -6.6010771339015039E-004  -7.6637532739488900E-004  -8.7097706544728517E-004  -9.7065574387705539E-004  -1.0624157643950350E-003  -1.1438716762492635E-003  -1.2135394214593705E-003  -1.2709895074258339E-003  -1.3168155465402820E-003  -1.3524302430603723E-003  -1.3797551868470473E-003  -1.4008931658021054E-003  -1.4178560378074589E-003  -1.4323840064171852E-003  -1.4458561851489555E-003  -1.4592710733935591E-003  -1.4732699295515010E-003  -1.4881801366087607E-003  -1.5040631726095752E-003  -1.5207588169939210E-003  -1.5379222872025219E-003  -1.5550540864937346E-003  -1.5715239623114948E-003  -1.5865910700511455E-003  -1.5994226134778615E-003  -1.6091131345739814E-003  -1.6147063741929644E-003  -1.6152212645817476E-003  -1.6096831474373789E-003  -1.5971607223902518E-003  -1.5768085092564212E-003  -1.5479137592288080E-003  -1.5099458104869464E-003  -1.4626049242058591E-003  -1.4058667680750415E-003  -1.3400180795696607E-003  -1.2656788008391679E-003  -1.1838062823553602E-003  -1.0956781101607114E-003  -1.0028517458505030E-003  -9.0710138841610169E-004  -8.1033505099145490E-004  -7.1449745171647968E-004  -6.2146652833795378E-004  -5.3295278006853727E-004  -4.5041088543241710E-004  -3.7497198527935749E-004  -3.0740273445630076E-004  -2.4809403512680969E-004  -1.9707878165836653E-004  -1.5407457074849778E-004  -1.1854471699423189E-004  -8.9769453790164381E-005  -6.6919037431288227E-005  -4.9121492856851867E-005  -3.5519615447149132E-005  -2.5314132209963255E-005  -1.7792181461091116E-005  -1.2342138126142039E-005  -8.4570850913590404E-006  -5.7298600410853464E-006  -3.8426708523934148E-006  -2.5539274656248679E-006  -1.6843644926481594E-006  -1.1038877942052184E-006  -7.1998711980215085E-007  -4.6808230525009404E-007  -3.0383488530022678E-007  -1.9725160225122183E-007  -1.2830553659058800E-007  -8.3773518447718221E-008  -5.5006515740430130E-008  -3.6390386570261214E-008  -2.4302307873420082E-008  -1.6414140500079023E-008  -1.1233432158971027E-008  -7.8042458673747250E-009  -5.5138467128993139E-009  -3.9686209557154596E-009  -2.9148132487212090E-009  -2.1880464386720099E-009  -1.6812167321570916E-009  -1.3240733271707058E-009  -1.0702117485860436E-009  -8.8876908235935274E-010  -7.5910524650638450E-010  -6.6738700163348824E-010  -6.0439180661503416E-010  -5.6410170275880820E-010  -5.4281349760966970E-010
