# Version 0.32
# Potential name = chengdu_MMWLY_800   
# L = 1
# S = 0
# J = 1
# Order = 1                   
# K_MAX = 1600 MeV
# For uncoupled channels, e.g., 3P0 (LSJ = 110)
# storage = D(1:N，1:N) (row, column)
# D(i,j)  = <pout(j),L|V|L,pin(i)>
# Normalization
# If V were so weak as to validate the Born approximation, the relation of V
# in 1S0 and the respective scattering length 'a' would have been
# <p|V|p> = 2/pi * a + ... for p->0, in unit of MeV^(-1)
# Momenta are in unit of MeV
# The value of pin and pout, where pin(1:N) = pout(1:N)
  0.22901858124691898        1.2064394883233263        2.9638922134998893        5.5000503700453010        8.8124838056065755        12.897967435154328        17.752513210465395        23.371379389034928        29.749076595347560        36.879373659606586        44.755303890995151        53.369171965536339        62.712561483732770        72.776343213976247        83.550684023418398        95.025056491985310        107.18824920226837        120.02837769632697        133.53289608927935        147.68860932865903        162.48168608774836        177.89767228040364        193.92150518423432        210.53752815838345        227.72950594155486        245.48064051535846        263.77358751748727        282.59047318869659        301.91291183703379        321.72202380225701        341.99845390289505        362.72239034792466        383.87358409458960        405.43136863344722        427.37468018131352        449.68207826237483        472.33176665735874        495.30161470029606        518.56917890206262        542.11172487957674        565.90624956922238        589.92950370279721        614.15801452402081        638.56810872341123        663.13593556911735        687.83749021110884        712.64863713595105        737.54513374925068        762.50265406272672        787.49681246276555        812.50318753723445        837.49734593727328        862.45486625074932        887.35136286404895        912.16250978889116        936.86406443088265        961.43189127658877        985.84198547597919        1010.0704962972028        1034.0937504307776        1057.8882751204233        1081.4308210979375        1104.6983852997039        1127.6682333426413        1150.3179217376251        1172.6253198186864        1194.5686313665528        1216.1264159054103        1237.2776096520754        1258.0015460971049        1278.2779761977431        1298.0870881629662        1317.4095268113033        1336.2264124825128        1354.5193594846414        1372.2704940584451        1389.4624718416167        1406.0784948157657        1422.1023277195964        1437.5183139122516        1452.3113906713411        1466.4671039107207        1479.9716223036730        1492.8117507977317        1504.9749435080148        1516.4493159765816        1527.2236567860236        1537.2874385162672        1546.6308280344638        1555.2446961090050        1563.1206263403933        1570.2509234046524        1576.6286206109651        1582.2474867895346        1587.1020325648456        1591.1875161943935        1594.4999496299547        1597.0361077865000        1598.7935605116768        1599.7709814187531     
# Matrix elements start here 
   1.2767910107434471E-008   6.7249746371403567E-008   1.6508717070931458E-007   3.0566065696170612E-007   4.8732086158387881E-007   7.0667256212410710E-007   9.5775628629347807E-007   1.2313267671548293E-006   1.5145003497091266E-006   1.7910815619351248E-006   2.0428036585776668E-006   2.2514836667404963E-006   2.4017358006647452E-006   2.4835565109944932E-006   2.4939937243468510E-006   2.4373601499832434E-006   2.3239594291167836E-006   2.1678045336131325E-006   1.9840654511581079E-006   1.7869083629101516E-006   1.5880952249498445E-006   1.3963896672544055E-006   1.2175972758571283E-006   1.0549898118157442E-006   9.0988682679434223E-007   7.8223778427475700E-007   6.7112020389781282E-007   5.7512386322485957E-007   4.9262384755408899E-007   4.2196055611864836E-007   3.6154896111746488E-007   3.0993778661537928E-007   2.6583534673786031E-007   2.2811450739796418E-007   1.9580549986909001E-007   1.6808239398549547E-007   1.4424691177636091E-007   1.2371179106844219E-007   1.0598493351675965E-007   9.0654950528742018E-008   7.7378342004217499E-008   6.5868324706314730E-008   5.5885211803217989E-008   4.7228193743181265E-008   3.9728357179986429E-008   3.3242786321259202E-008   2.7649608913871331E-008   2.2843870071263368E-008   1.8734137001122780E-008   1.5239753596798679E-008   1.2288674709380047E-008   9.8158152515142218E-009   7.7618499821058091E-009   6.0723970589626960E-009   4.6975143556351704E-009   3.5914340648980439E-009   2.7124603394593649E-009   2.0229579914420568E-009   1.4893682429124134E-009   1.0821998284724211E-009   7.7595917678492085E-010   5.4900012516422162E-010   3.8328956053489384E-010   2.6409869710004539E-010   1.7963908307155020E-010   1.2066733094748091E-010   8.0083220513746583E-011   5.2543064592256677E-011   3.4105253546971059E-011   2.1918961818816202E-011   1.3961196618103372E-011   8.8224625292274978E-012   5.5377079074066764E-012   3.4569883710801071E-012   2.1492739210560336E-012   1.3327565029762579E-012   8.2556614170468676E-013   5.1168855732143243E-013   3.1787243324700300E-013   1.9827102638586741E-013   1.2439739666965233E-013   7.8652187692225030E-014   5.0207623784513537E-014   3.2419342025561164E-014   2.1214335240353467E-014   1.4094616236687095E-014   9.5251215665874975E-015   6.5592945744296182E-015   4.6106713658653735E-015   3.3136922734401017E-015   2.4388528565448236E-015   1.8408882821308440E-015   1.4270334730559925E-015   1.1374989692658257E-015   9.3339959440339694E-016   7.8924894687444410E-016   6.8826743600110049E-016   6.1943837016948623E-016   5.7566311150461137E-016   5.5261576754226388E-016
   6.7249746371403567E-008   3.5421055262347145E-007   8.6952930548320381E-007   1.6099433675836014E-006   2.5667667678962303E-006   3.7221191949508841E-006   5.0446160395619439E-006   6.4855680373824381E-006   7.9771234261602242E-006   9.4339862561842626E-006   1.0759947750394559E-005   1.1859234307509134E-005   1.2650797710457995E-005   1.3081931664054255E-005   1.3137067325138709E-005   1.2838901746910169E-005   1.2241692755108602E-005   1.1419243685354126E-005   1.0451459611146824E-005   9.4129637480232745E-006   8.3657183965203608E-006   7.3558932878966852E-006   6.4140762094510634E-006   5.5575067697633783E-006   4.7931398334494703E-006   4.1207119655557725E-006   3.5353656773666454E-006   3.0296735044790518E-006   2.5950765547433648E-006   2.2228328908407757E-006   1.9045931950532423E-006   1.6327125899995610E-006   1.4003868020661833E-006   1.2016783335643322E-006   1.0314786281235882E-006   8.8543682795016609E-007   7.5987451541082412E-007   6.5169808056409966E-007   5.5831521871568022E-007   4.7755879046945255E-007   4.0761928240577159E-007   3.4698595720913631E-007   2.9439617485156492E-007   2.4879209558784105E-007   2.0928390471604534E-007   1.7511873934798070E-007   1.4565459131275298E-007   1.2033857107219427E-007   9.8689021820612879E-008   8.0281057060520899E-008   6.4735151781721594E-008   5.1708445781573912E-008   4.0888421047697961E-008   3.1988600823027975E-008   2.4745896250086523E-008   1.8919208293701934E-008   1.4288888513789302E-008   1.0656679530519518E-008   7.8457979908690623E-009   5.7008876869924780E-009   4.0876517632195603E-009   2.8920610248594309E-009   2.0191193608708111E-009   1.3912374339618562E-009   9.4631520805659980E-010   6.3565971812859408E-010   4.2186792699428797E-010   2.7678998599088567E-010   1.7966200914324043E-010   1.1546621912772050E-010   7.3545753959055760E-011   4.6475575875081216E-011   2.9171918956674099E-011   1.8210961195391076E-011   1.1322092958419423E-011   7.0207863081112882E-012   4.3489740357603553E-012   2.6955081179667953E-012   1.6745102215415799E-012   1.0444657162729394E-012   6.5530913796237141E-013   4.1432938680489294E-013   2.6448716171786432E-013   1.7078083124837021E-013   1.1175432834174289E-013   7.4248584645930039E-014   5.0177087553726197E-014   3.4553500948343933E-014   2.4288410166174230E-014   1.7456094900482652E-014   1.2847555930406393E-014   9.6975572190822395E-015   7.5174245350382753E-015   5.9921948610191980E-015   4.9170262114468041E-015   4.1576595677850244E-015   3.6257022578857724E-015   3.2631197969839202E-015   3.0325174952591249E-015   2.9111071201850540E-015
   1.6508717070931458E-007   8.6952930548320381E-007   2.1345544321349270E-006   3.9521592455293273E-006   6.3010373990745314E-006   9.1373294042947439E-006   1.2384048503309740E-005   1.5921752503801684E-005   1.9583974103424007E-005   2.3161416403497316E-005   2.6417951773361287E-005   2.9118443213167367E-005   3.1063804010815374E-005   3.2124434931934563E-005   3.2261860546067173E-005   3.1531562677471978E-005   3.0066576402844006E-005   2.8048022030320903E-005   2.5672096511473310E-005   2.3122098495449870E-005   2.0550276440958796E-005   1.8070109224808280E-005   1.5756803365506758E-005   1.3652768396448040E-005   1.1775137249198634E-005   1.0123298472806513E-005   8.6853444096476458E-006   7.4430457799771837E-006   6.3753878251348139E-006   5.4609019413202079E-006   4.6790812490392759E-006   4.0111476027071490E-006   3.4403867650389168E-006   2.9522131465717480E-006   2.5340771462776882E-006   2.1752903146608458E-006   1.8668160161787601E-006   1.6010542150275877E-006   1.3716363789759846E-006   1.1732384528987218E-006   1.0014149504369477E-006   8.5245438626127792E-007   7.2325477806597009E-007   6.1121728102327697E-007   5.1415584287196017E-007   4.3022086632075636E-007   3.5783509594298841E-007   2.9564021856724655E-007   2.4245292240003711E-007   1.9722936659517625E-007   1.5903715268752470E-007   1.2703395903132757E-007   1.0045200764870309E-007   7.8587497868474121E-008   6.0794087588736437E-008   4.6479458472413597E-008   3.5103991104201856E-008   2.6180618632450877E-008   1.9275030516768285E-008   1.4005557278770300E-008   1.0042266869719152E-008   7.1050196421438292E-009   4.9604352801183575E-009   3.4178973531038719E-009   2.3248425700101388E-009   1.5616452744589796E-009   1.0364161737792438E-009   6.7999860341253858E-010   4.4138124455870973E-010   2.8366943621215577E-010   1.8068212242169491E-010   1.1417797565003826E-010   7.1667546799653724E-011   4.4739424344525193E-011   2.7815330380358981E-011   1.7248178804795522E-011   1.0684256152196783E-011   6.6221361786180211E-012   4.1138197005287960E-012   2.5659703170386233E-012   1.6099176143328243E-012   1.0178954079623133E-012   6.4977351372695480E-013   4.1956236299701896E-013   2.7455018725713932E-013   1.8240870638359814E-013   1.2327154151411747E-013   8.4888610963549687E-014   5.9670057085283281E-014   4.2884905167175968E-014   3.1562970690517613E-014   2.3824275447079787E-014   1.8468278886173707E-014   1.4721201987244063E-014   1.2079803352286409E-014   1.0214244862252610E-014   8.9073696137640028E-015   8.0166025676708042E-015   7.4500750802819040E-015   7.1518026257771632E-015
   3.0566065696170612E-007   1.6099433675836014E-006   3.9521592455293273E-006   7.3175222120559875E-006   1.1666671513520946E-005   1.6918583527115801E-005   2.2931026785437008E-005   2.9483296802930224E-005   3.6267706894188411E-005   4.2897233804737628E-005   4.8934952821659486E-005   5.3945353478754675E-005   5.7559141329901689E-005   5.9535204801939335E-005   5.9800916552984161E-005   5.8457722439239683E-005   5.5751073345291126E-005   5.2016014931432546E-005   4.7616038635060103E-005   4.2891123244233402E-005   3.8123923136854164E-005   3.3525303600237020E-005   2.9235153547874065E-005   2.5332478694071616E-005   2.1849326255410644E-005   1.8784755793373620E-005   1.6116811043650232E-005   1.3811761904489639E-005   1.1830677395636920E-005   1.0133761765125950E-005   8.6829885059043396E-006   7.4435288553996235E-006   6.3843773511800613E-006   5.4784743685831190E-006   4.7025357504981686E-006   4.0367293822680452E-006   3.4642873743162306E-006   2.9711070993053971E-006   2.5453708512199084E-006   2.1771989385975824E-006   1.8583419051035374E-006   1.5819123134626980E-006   1.3421537490076875E-006   1.1342434570786217E-006   9.5412470103773005E-007   7.9836510840047909E-007   6.6403769884289061E-007   5.4862179149118783E-007   4.4992146380350229E-007   3.6599961724353151E-007   2.9512596393670397E-007   2.3573737780465934E-007   1.8640906890837295E-007   1.4583497470372238E-007   1.1281566254694274E-007   8.6251955099753925E-008   6.5142471256121988E-008   4.8583354043852073E-008   3.5768648267474391E-008   2.5990086244060133E-008   1.8635410592855121E-008   1.3184764556623730E-008   9.2050632962973997E-009   6.3425793512747590E-009   4.3142007615001490E-009   2.8979381162935823E-009   1.9232724780092042E-009   1.2618698979616347E-009   8.1906876335970666E-010   5.2640374200854050E-010   3.3529072779808924E-010   2.1187935417478530E-010   1.3299300090290282E-010   8.3022649242734857E-011   5.1616716045775971E-011   3.2007322700553633E-011   1.9826696210293568E-011   1.2288648691178418E-011   7.6339838738548254E-012   4.7616511899254223E-012   2.9875113939847378E-012   1.8889003346097582E-012   1.2057794146079872E-012   7.7857841200706295E-013   5.0948048714507837E-013   3.3849429428841027E-013   2.2875394674750692E-013   1.5752706361991491E-013   1.1072920625973162E-013   7.9581142933850709E-014   5.8571126415987417E-014   4.4210496628011505E-014   3.4271420454728833E-014   2.7318002665613358E-014   2.2416382458256427E-014   1.8954482046342071E-014   1.6529325228483961E-014   1.4876336734692637E-014   1.3825036718581191E-014   1.3271535182641036E-014
   4.8732086158387881E-007   2.5667667678962303E-006   6.3010373990745314E-006   1.1666671513520946E-005   1.8601224271880574E-005   2.6976158017535150E-005   3.6565797770165588E-005   4.7019827013672285E-005   5.7849553387578987E-005   6.8439671135372184E-005   7.8094535615010286E-005   8.6119288317416335E-005   9.1922774530928385E-005   9.5116531952695057E-005   9.5579884899958431E-005   9.3470057887146016E-005   8.9175311351004846E-005   8.3228731421308756E-005   7.6210630353087494E-005   6.8665140692745168E-005   6.1045592829162411E-005   5.3690845046292432E-005   4.6826196128872741E-005   4.0579317702898818E-005   3.5002455345245092E-005   3.0094789467491536E-005   2.5821638246598482E-005   2.2129303414073256E-005   1.8955640629910608E-005   1.6237040023591724E-005   1.3912671920587485E-005   1.1926793972860345E-005   1.0229766128830096E-005   8.7782554762804570E-006   7.5349688501657924E-006   6.4681382264951216E-006   5.5509016329803912E-006   4.7606653505179063E-006   4.0784954062893054E-006   3.4885622913028465E-006   2.9776481529863083E-006   2.5347172434278194E-006   2.1505459198014103E-006   1.8174064840860712E-006   1.5287986123344754E-006   1.2792224055429736E-006   1.0639877723501624E-006   8.7905565773021499E-007   7.2090739092553413E-007   5.8643903813230354E-007   4.7287805979938383E-007   3.7771977907238369E-007   2.9868119213480456E-007   2.3366954681071903E-007   1.8076295652739563E-007   1.3820018420754407E-007   1.0437670014674283E-007   7.7844244247911208E-008   5.7311429520093268E-008   4.1643397370326426E-008   2.9859129025311794E-008   2.1125660782224138E-008   1.4749064382375388E-008   1.0162566144350917E-008   6.9125394745211630E-009   4.6432940812293388E-009   3.0816103360277322E-009   2.0218611092526006E-009   1.3123719683433133E-009   8.4344234893715424E-010   5.3722701211943735E-010   3.3948829821745262E-010   2.1309086563868974E-010   1.3302477170297191E-010   8.2703939877330235E-011   5.1284376260626396E-011   3.1767715794039502E-011   1.9689726258143306E-011   1.2231696779632724E-011   7.6294454268409415E-012   4.7867956979240857E-012   3.0265252351961551E-012   1.9319819288389310E-012   1.2474912137005267E-012   8.1632414216027323E-013   5.4235842291638659E-013   3.6652498762977697E-013   2.5240045218619390E-013   1.7741776354316097E-013   1.2751023667542777E-013   9.3846574589311771E-014   7.0837008992153276E-014   5.4911954609549999E-014   4.3770722947833488E-014   3.5917019168603399E-014   3.0370130982760861E-014   2.6484382797734102E-014   2.3835854331027525E-014   2.2151391326466833E-014   2.1264534259381303E-014
   7.0667256212410710E-007   3.7221191949508841E-006   9.1373294042947439E-006   1.6918583527115801E-005   2.6976158017535150E-005   3.9125376407275102E-005   5.3041905731479084E-005   6.8221935984488492E-005   8.3961820759030609E-005   9.9373995971300589E-005   1.1345232828807955E-004   1.2518789324123691E-004   1.3371711833911213E-004   1.3846580596503838E-004   1.3924575929231465E-004   1.3627268923199599E-004   1.3010118745712830E-004   1.2150121413863318E-004   1.1131631871025859E-004   1.0034117800808557E-004   8.9240447850892120E-005   7.8512774647140226E-005   6.8491062259680801E-005   5.9365129370864829E-005   5.1213897192141705E-005   4.4038047620531685E-005   3.7788184089476293E-005   3.2386662264457817E-005   2.7743166730584280E-005   2.3765017950652815E-005   2.0363455773765742E-005   1.7457066345589429E-005   1.4973302369335271E-005   1.2848806251092290E-005   1.1029034067535433E-005   9.4675122762602124E-006   8.1249379085736351E-006   6.9682490433094980E-006   5.9697366550044354E-006   5.1062334128993753E-006   4.3583933231852013E-006   3.7100635820118293E-006   3.1477433609397357E-006   2.6601212525728206E-006   2.2376822846812609E-006   1.8723758024305709E-006   1.5573364975796283E-006   1.2866520319476952E-006   1.0551718082651265E-006   8.5835233448816552E-007   6.9213523215017049E-007   5.5285424065389933E-007   4.3716760412796506E-007   3.4201207428511805E-007   2.6457452942389145E-007   2.0227701559255162E-007   1.5277097124732919E-007   1.1393658162577965E-007   8.3883657699676808E-008   6.0951127812742101E-008   4.3703099230771353E-008   3.0920388491153510E-008   2.1587317516057793E-008   1.4874322330819072E-008   1.0117449571423461E-008   6.7960921506689183E-009   4.5103522163676363E-009   2.9592642103917332E-009   1.9208306450296860E-009   1.2344890979140406E-009   7.8630210767869696E-010   4.9688532065876464E-010   3.1188606072676049E-010   1.9469887490141017E-010   1.2104780546891044E-010   7.5061219027242996E-011   4.6496081114830066E-011   2.8818400805435046E-011   1.7902626595897047E-011   1.1166649275767060E-011   7.0060731071538877E-012   4.4296962687130770E-012   2.8276952011774098E-012   1.8258576865348546E-012   1.1947910779225158E-012   7.9380828728990173E-013   5.3645431576560573E-013   3.6941898247065658E-013   2.5967258996136994E-013   1.8662679489304600E-013   1.3735589846425363E-013   1.0367858297509152E-013   8.0370319576419416E-014   6.4063767128288149E-014   5.2568914071043504E-014   4.4450367527940553E-014   3.8763102086892467E-014   3.4886658492166386E-014   3.2421242066433258E-014   3.1123218943579600E-014
   9.5775628629347807E-007   5.0446160395619439E-006   1.2384048503309740E-005   2.2931026785437008E-005   3.6565797770165588E-005   5.3041905731479084E-005   7.1926315497940140E-005   9.2545604175094681E-005   1.1395740956558656E-004   1.3496949715258917E-004   1.5422441781563298E-004   1.7035221164734960E-004   1.8216860315069618E-004   1.8887109808402846E-004   1.9017481734133926E-004   1.8634404093577473E-004   1.7811080722146842E-004   1.6651110962522347E-004   1.5269236089173811E-004   1.3774408486856630E-004   1.2258353804482018E-004   1.0790310074015121E-004   9.4168169108404631E-005   8.1646792098755223E-005   7.0453247003634246E-005   6.0592814883211180E-005   5.2000659979716863E-005   4.4572109195874713E-005   3.8184334269212291E-005   3.2710745922876760E-005   2.8029802784343838E-005   2.4029844215870079E-005   2.0611263226761758E-005   1.7687005306565939E-005   1.5182086371646514E-005   1.3032592636302515E-005   1.1184456723488197E-005   9.5921874559386067E-006   8.2176531241950191E-006   7.0289684693446863E-006   5.9995053205069947E-006   5.1070292909321391E-006   4.3329555971797840E-006   3.6617128221420099E-006   3.0802022368544795E-006   2.5773407855318299E-006   2.1436771553492602E-006   1.7710719414626084E-006   1.4524344279601522E-006   1.1815097271070182E-006   9.5271084679839818E-007   7.6099066813623543E-007   6.0174886121981309E-007   4.7076855544921527E-007   3.6417725900333877E-007   2.7842625472506349E-007   2.1028263803074509E-007   1.5682841692960286E-007   1.1546171180402115E-007   8.3896046821438252E-008   6.0154921182262303E-008   4.2560144540476508E-008   2.9713657090622553E-008   2.0473586951049244E-008   1.3926024691131828E-008   9.3543749807835515E-009   6.2081959295202476E-009   4.0732228836819461E-009   2.6438877822938017E-009   1.6991852932682476E-009   1.0822871192211561E-009   6.8392552430210653E-010   4.2928748843593878E-010   2.6798800313461908E-010   1.6661285189363747E-010   1.0331583249048166E-010   6.3998135969171814E-011   3.9666198318489189E-011   2.4641503352858926E-011   1.5369972292718123E-011   9.6432772120197244E-012   6.0971057676653605E-012   3.8920838008651743E-012   2.5131379800642473E-012   1.6445277837082996E-012   1.0926088663605923E-012   7.3838300993882471E-013   5.0847315684997762E-013   3.5741667906273792E-013   2.5687544810335696E-013   1.8905833000249181E-013   1.4270443502133939E-013   1.1062264470288923E-013   8.8178102431371481E-014   7.2356445682254694E-014   6.1181980090712751E-014   5.3353960032917526E-014   4.8018377233465211E-014   4.4624949122199201E-014   4.2838334927208245E-014
   1.2313267671548293E-006   6.4855680373824381E-006   1.5921752503801684E-005   2.9483296802930224E-005   4.7019827013672285E-005   6.8221935984488492E-005   9.2545604175094681E-005   1.1914338884874438E-004   1.4682595176258170E-004   1.7408181270150172E-004   1.9917863934096707E-004   2.2035125021550988E-004   2.3605101956644596E-004   2.4519922206819064E-004   2.4737077412264507E-004   2.4284898890166229E-004   2.3253453795284029E-004   2.1774257931995821E-004   1.9995505024210746E-004   1.8059669379449504E-004   1.6087928319415845E-004   1.4172618139657742E-004   1.2376448584213896E-004   1.0736081282031331E-004   9.2677111611742642E-005   7.9729206670820006E-005   6.8438198542360040E-005   5.8670787623653200E-005   5.0268309452545484E-005   4.3066108098670596E-005   3.6905461305987536E-005   3.1640181006544926E-005   2.7139639189082992E-005   2.3289535731369037E-005   1.9991336794967880E-005   1.7161005293848114E-005   1.4727419644396716E-005   1.2630720396179904E-005   1.0820720126371808E-005   9.2554453513723441E-006   7.8998383915752448E-006   6.7246234272440780E-006   5.7053282927250754E-006   4.8214477162782418E-006   4.0557319650561716E-006   3.3935853980533446E-006   2.8225611005813587E-006   2.3319398262553833E-006   1.9123834362006280E-006   1.5556546184493998E-006   1.2543957507597323E-006   1.0019603068274854E-006   7.9229026338087446E-007   6.1983268483324829E-007   4.7948823765570665E-007   3.6658403404017134E-007   2.7686312308908087E-007   2.0648328276441153E-007   1.5201857896987539E-007   1.1045841450976890E-007   7.9200365824374149E-008   5.6034811893122208E-008   3.9120987218289161E-008   2.6955449676271369E-008   1.8334911435417323E-008   1.2315881582823478E-008   8.1736356756407674E-009   5.3627459359441316E-009   3.4808980402352926E-009   2.2371150004187803E-009   1.4249164120163781E-009   9.0044062859664876E-010   5.6518927565466534E-010   3.5282591962020197E-010   2.1935781460577042E-010   1.3602257994443376E-010   8.4257971646159257E-011   5.2223242155195348E-011   3.2442181953484648E-011   2.0235575975284627E-011   1.2695996455856781E-011   8.0272270811240105E-012   5.1241720585882911E-012   3.3087014211427545E-012   2.1651211534390897E-012   1.4384854441598876E-012   9.7212526081052450E-013   6.6943492233787189E-013   4.7055995617482193E-013   3.3819141822830612E-013   2.4890616559235616E-013   1.8787853912587339E-013   1.4564099040927867E-013   1.1609144920507238E-013   9.5261325762221045E-014   8.0549500429344411E-014   7.0243464430143202E-014   6.3218865512360794E-014   5.8751224382411680E-014   5.6399045313173071E-014
   1.5145003497091266E-006   7.9771234261602242E-006   1.9583974103424007E-005   3.6267706894188411E-005   5.7849553387578987E-005   8.3961820759030609E-005   1.1395740956558656E-004   1.4682595176258170E-004   1.8114367926120247E-004   2.1508977061069427E-004   2.4655799971432077E-004   2.7337325111409700E-004   2.9358797369968213E-004   3.0579458080187623E-004   3.0936619435242081E-004   3.0454864417271422E-004   2.9237338886059646E-004   2.7442329944848856E-004   2.5252925393154488E-004   2.2848430482951299E-004   2.0383655260871299E-004   1.7978191194729034E-004   1.5714459949338087E-004   1.3641647021067816E-004   1.1782497768996592E-004   1.0140680033255255E-004   8.7073591026717162E-005   7.4664123624371132E-005   6.3982150087213137E-005   5.4821845790064141E-005   4.6983601407240672E-005   4.0282870700574511E-005   3.4554332413336232E-005   2.9653076631565811E-005   2.5454027395029412E-005   2.1850415533971614E-005   1.8751822465272930E-005   1.6082111208723341E-005   1.3777424480489257E-005   1.1784342304749373E-005   1.0058237876686061E-005   8.5618390937022049E-006   7.2639862726433245E-006   6.1385686606139610E-006   5.1636198200506707E-006   4.3205524699289885E-006   3.5935153723863375E-006   2.9688573922773513E-006   2.4346863106899649E-006   1.9805119730805872E-006   1.5969647103163844E-006   1.2755806436263433E-006   1.0086455512948093E-006   7.8908861390071777E-007   6.1041681246948338E-007   4.6668030412054156E-007   3.5245899584406995E-007   2.6286096344251363E-007   1.9352439788305158E-007   1.4061636079195172E-007   1.0082363609281465E-007   7.1333137210532291E-008   4.9801401087237031E-008   3.4314430060572785E-008   2.3340361370912252E-008   1.5678081055169750E-008   1.0404983686053244E-008   6.8267210391112344E-009   4.4311363902059571E-009   2.8478104306628587E-009   1.8138909413641696E-009   1.1462410142463235E-009   7.1947202232154381E-010   4.4913786540631765E-010   2.7923608536934756E-010   1.7315248478094326E-010   1.0725759531050326E-010   6.6478355088009936E-011   4.1297704217651403E-011   2.5759111677526205E-011   1.6161497464521539E-011   1.0218329054780381E-011   6.5228531496142362E-012   4.2118322829059341E-012   2.7561022024946503E-012   1.8311260435502577E-012   1.2374699934330012E-012   8.5215877389256316E-013   5.9900004496610393E-013   4.3050106365757994E-013   3.1684516332854401E-013   2.3915992408536964E-013   1.8539357682405639E-013   1.4777846192038055E-013   1.2126274696027872E-013   1.0253532787552408E-013   8.9416261827853350E-014   8.0474302035801239E-014   7.4787221217748056E-014   7.1793016694913380E-014
   1.7910815619351248E-006   9.4339862561842626E-006   2.3161416403497316E-005   4.2897233804737628E-005   6.8439671135372184E-005   9.9373995971300589E-005   1.3496949715258917E-004   1.7408181270150172E-004   2.1508977061069427E-004   2.5590292446299597E-004   2.9407369485933647E-004   3.2702977767835162E-004   3.5240659541457435E-004   3.6841498423800920E-004   3.7414648274180189E-004   3.6972050461986871E-004   3.5622303716149547E-004   3.3545802359819389E-004   3.0959438028983321E-004   2.8081339777304425E-004   2.5103876296961764E-004   2.2178505268478574E-004   1.9411700261830127E-004   1.6868706457353916E-004   1.4581384449421835E-004   1.2557148960530256E-004   1.0787155351020399E-004   9.2528960969238177E-005   7.9310456905980306E-005   6.7967502289942910E-005   5.8256915934057074E-005   4.9952622809153024E-005   4.2851357801179588E-005   3.6774503793998561E-005   3.1567617830973046E-005   2.7098694323180477E-005   2.3255839609623858E-005   1.9944769754148976E-005   1.7086367798588100E-005   1.4614423745767602E-005   1.2473610882066414E-005   1.0617711198137761E-005   9.0080804035594758E-006   7.6123323849633472E-006   6.4032192920096105E-006   5.3576837214062998E-006   4.4560617477916843E-006   3.6814185659487374E-006   3.0190014693182954E-006   2.4557973186432056E-006   1.9801833069770190E-006   1.5816606426461949E-006   1.2506608435519914E-006   9.7841388214536037E-007   7.5686674442100139E-007   5.7864040686764728E-007   4.3701310576446217E-007   3.2591830175894838E-007   2.3994702628965100E-007   1.7434627973983214E-007   1.2500763758719634E-007   8.8442914348281272E-008   6.1746303833876543E-008   4.2544558824593893E-008   2.8938284164847169E-008   1.9438206920977631E-008   1.2900392169442539E-008   8.4639286113570005E-009   5.4938068098966509E-009   3.5307573396805561E-009   2.2488815778996844E-009   1.4211177574855505E-009   8.9200403886473351E-010   5.5684130879980772E-010   3.4619616476133185E-010   2.1467350328863307E-010   1.3297709446777025E-010   8.2419158622462849E-011   5.1200359060443627E-011   3.1935757261202772E-011   2.0036747524042873E-011   1.2668489938238822E-011   8.0868977905005001E-012   5.2217352919465607E-012   3.4169496058822922E-012   2.2701837366852821E-012   1.5341824036441105E-012   1.0564827966307041E-012   7.4262298991019370E-013   5.3372239188437535E-013   3.9281491592869664E-013   2.9650295203067482E-013   2.2984499767248356E-013   1.8321089825830576E-013   1.5033752057591919E-013   1.2711984512470128E-013   1.1085523801441000E-013   9.9769279362052822E-014   9.2718617997278396E-014   8.9006499215278017E-014
   2.0428036585776668E-006   1.0759947750394559E-005   2.6417951773361287E-005   4.8934952821659486E-005   7.8094535615010286E-005   1.1345232828807955E-004   1.5422441781563298E-004   1.9917863934096707E-004   2.4655799971432077E-004   2.9407369485933647E-004   3.3900542243333270E-004   3.7843182906310249E-004   4.0958022034599285E-004   4.3023758801223947E-004   4.3912274321372593E-004   4.3610753205916190E-004   4.2221091926561584E-004   3.9936457062512222E-004   3.7002696126042046E-004   3.3676471430624662E-004   3.0190824029332174E-004   2.6733971321646165E-004   2.3441670526829229E-004   2.0399856877733558E-004   1.7653111039355441E-004   1.5215121099549199E-004   1.3078628766855600E-004   1.1223626789845460E-004   9.6234772731237613E-005   8.2491224525679536E-005   7.0717644258531405E-005   6.0644198843247332E-005   5.2027027781699333E-005   4.4651086244880815E-005   3.8329974103768518E-005   3.2904089709707669E-005   2.8237974495930732E-005   2.4217381286311506E-005   2.0746375115891038E-005   1.7744630670936832E-005   1.5145000764218661E-005   1.2891377292533544E-005   1.0936836908427925E-005   9.2420493122967681E-006   7.7739207316519504E-006   6.5044449401241902E-006   5.4097365825987794E-006   4.4692250138565599E-006   3.6649903151374974E-006   2.9812260170699562E-006   2.4038150114663087E-006   1.9200060929749954E-006   1.5181786401416152E-006   1.1876823836403271E-006   9.1873838309728882E-007   7.0238665204374789E-007   5.3046571212641159E-007   3.9560999901112914E-007   2.9125260066171190E-007   2.1162321629212481E-007   1.5173424245614093E-007   1.0735116218715194E-007   7.4946530900448372E-008   5.1639455667325173E-008   3.5124298130468207E-008   2.3593289581778754E-008   1.5657873918896026E-008   1.0273054764946762E-008   6.6680503394613692E-009   4.2853999954002506E-009   2.7295321467588946E-009   1.7248444765547749E-009   1.0826424616428358E-009   6.7584661623057273E-010   4.2018206443627749E-010   2.6055076549304735E-010   1.6139478116544508E-010   1.0003215948411477E-010   6.2141734543608879E-011   3.8760248586414074E-011   2.4318433767277905E-011   1.5375609179904356E-011   9.8149615691074304E-012   6.3375402419274202E-012   4.1470926448879400E-012   2.7552785584113988E-012   1.8620052235601444E-012   1.2822295198672956E-012   9.0130384545104150E-013   6.4776547566335471E-013   4.7674915219850488E-013   3.5985754272331204E-013   2.7895639192170870E-013   2.2235775438088929E-013   1.8246018647225514E-013   1.5428151040538935E-013   1.3454159785478025E-013   1.2108687538317355E-013   1.1252968428357862E-013   1.0802438998538664E-013
   2.2514836667404963E-006   1.1859234307509134E-005   2.9118443213167367E-005   5.3945353478754675E-005   8.6119288317416335E-005   1.2518789324123691E-004   1.7035221164734960E-004   2.2035125021550988E-004   2.7337325111409700E-004   3.2702977767835162E-004   3.7843182906310249E-004   4.2439766993556196E-004   4.6179436422418430E-004   4.8797010562538128E-004   5.0118525061166100E-004   5.0092125069502982E-004   4.8796355202327112E-004   4.6422212983347305E-004   4.3234429811558894E-004   3.9524178380093508E-004   3.5566423072818585E-004   3.1590778325746224E-004   2.7768294272406143E-004   2.4211466547238871E-004   2.0982495876835394E-004   1.8105001527308223E-004   1.5575798228492199E-004   1.3374918350078578E-004   1.1473257900384578E-004   9.8379324281412312E-005   8.4357455528114665E-005   7.2352468727955160E-005   6.2078092943982220E-005   5.3280659570969711E-005   4.5739545943273401E-005   3.9265393399818497E-005   3.3697208486940737E-005   2.8899035542858559E-005   2.4756604382214853E-005   2.1174172061723458E-005   1.8071662496455813E-005   1.5382139084214936E-005   1.3049607125825784E-005   1.1027123486252205E-005   9.2751831418953497E-006   7.7603511023225071E-006   6.4541105089315679E-006   5.3319014650196752E-006   4.3723290565165740E-006   3.5565223037915462E-006   2.8676280329812270E-006   2.2904247485030771E-006   1.8110416403922184E-006   1.4167671729218387E-006   1.0959307059180044E-006   8.3783978221999748E-007   6.3275552385745889E-007   4.7188934404157156E-007   3.4740604092308125E-007   2.5242121122734330E-007   1.8098452214648796E-007   1.2804427963849808E-007   8.9392449937227634E-008   6.1592395407531245E-008   4.1893772623046934E-008   2.8140183165416444E-008   1.8675319116759712E-008   1.2252701709476606E-008   7.9529514558042457E-009   5.1111450469433362E-009   3.2554617559833034E-009   2.0571787226507394E-009   1.2912340787630919E-009   8.0605754014539137E-010   5.0113359438423268E-010   3.1074674395286453E-010   1.9248729114771362E-010   1.1930280794309526E-010   7.4112752291122212E-011   4.6226899920688351E-011   2.9002975360297688E-011   1.8337414768165310E-011   1.1705589414920644E-011   7.5583047507512138E-012   4.9459129330312589E-012   3.2859986049550299E-012   2.2206594341971409E-012   1.5292063890395227E-012   1.0749069956465668E-012   7.7253267486152275E-013   5.6857589508893070E-013   4.2916928934343825E-013   3.3268553112837942E-013   2.6518533288044628E-013   2.1760306765387404E-013   1.8399690279924561E-013   1.6045490422979229E-013   1.4440868797033350E-013   1.3420331277326141E-013   1.2883026360866450E-013
   2.4017358006647452E-006   1.2650797710457995E-005   3.1063804010815374E-005   5.7559141329901689E-005   9.1922774530928385E-005   1.3371711833911213E-004   1.8216860315069618E-004   2.3605101956644596E-004   2.9358797369968213E-004   3.5240659541457435E-004   4.0958022034599285E-004   4.6179436422418430E-004   5.0565161297790181E-004   5.3809375185420022E-004   5.5686914159531868E-004   5.6092916526651266E-004   5.5062822835097208E-004   5.2764793195922476E-004   4.9465780964694131E-004   4.5481820525148910E-004   4.1127478936137286E-004   3.6677016594537581E-004   3.2343048826989547E-004   2.8271681960786798E-004   2.4549119099030368E-004   2.1213973029745068E-004   1.8270774235364061E-004   1.5702006511523778E-004   1.3477567019266350E-004   1.1561545774761879E-004   9.9167100400567845E-005   8.5072327972713428E-005   7.3001799400189044E-005   6.2661749558560431E-005   5.3795514466729623E-005   4.6182089345430054E-005   3.9633138691945290E-005   3.3989348640650552E-005   2.9116651026693194E-005   2.4902612665489704E-005   2.1253135171897368E-005   1.8089521546953519E-005   1.5345915175932984E-005   1.2967090633259495E-005   1.0906564294439992E-005   9.1249899921891323E-006   7.5888067957712399E-006   6.2691098551625775E-006   5.1407195019861929E-006   4.1814274462860254E-006   3.3714014224359334E-006   2.6927308447238842E-006   2.1290960480628199E-006   1.6655428548619888E-006   1.2883430248609758E-006   9.8492017591308172E-007   7.4382053631169059E-007   5.5470878713977734E-007   4.0837143843342805E-007   2.9671355961108314E-007   2.1273891698112104E-007   1.5050815521363486E-007   1.0507403050340098E-007   7.2396351630087571E-008   4.9241854941469178E-008   3.3075581844991002E-008   2.1950505077496163E-008   1.4401393476348963E-008   9.3475413825378564E-009   6.0073634077155525E-009   3.8262658503982802E-009   2.4178625598002950E-009   1.5176156434490892E-009   9.4737138507640075E-010   5.8898644897262137E-010   3.6522129714086671E-010   2.2622960494881052E-010   1.4021550754328202E-010   8.7103671592444392E-011   5.4329605368771612E-011   3.4086523739581363E-011   2.1551462992800511E-011   1.3757215216288423E-011   8.8830138754989336E-012   5.8127440805467320E-012   3.8618997597655495E-012   2.6098440484039357E-012   1.7972055961229914E-012   1.2632860220930105E-012   9.0791853315053853E-013   6.6821738010847476E-013   5.0437939315251556E-013   3.9098676621848077E-013   3.1165719857552850E-013   2.5573623274568171E-013   2.1624068962662535E-013   1.8857304897180977E-013   1.6971480839017778E-013   1.5772099431854826E-013   1.5140634805767516E-013
   2.4835565109944932E-006   1.3081931664054255E-005   3.2124434931934563E-005   5.9535204801939335E-005   9.5116531952695057E-005   1.3846580596503838E-004   1.8887109808402846E-004   2.4519922206819064E-004   3.0579458080187623E-004   3.6841498423800920E-004   4.3023758801223947E-004   4.8797010562538128E-004   5.3809375185420022E-004   5.7723904658847603E-004   6.0265202303246847E-004   6.1265615823747537E-004   6.0697929326888010E-004   5.8682634840794890E-004   5.5465151765061516E-004   5.1369139908875004E-004   4.6740498592159316E-004   4.1898042095259391E-004   3.7101307495767310E-004   3.2537774129383752E-004   2.8325511538208827E-004   2.4524817520607507E-004   2.1153022123246494E-004   1.8198605311782137E-004   1.5632759135785130E-004   1.3417922123820536E-004   1.1513570182554232E-004   9.8798392282592096E-005   8.4795808553081372E-005   7.2793610011763358E-005   6.2497885436305149E-005   5.3654466980907995E-005   4.6046092003282738E-005   3.9488568309783001E-005   3.3826640287626709E-005   2.8929951372744142E-005   2.4689306984807932E-005   2.1013325826453238E-005   1.7825500396440656E-005   1.5061651760982788E-005   1.2667747015526496E-005   1.0598042532456894E-005   8.8135168958214775E-006   7.2805610784869506E-006   5.9698978370067567E-006   4.8557062163607891E-006   3.9149297813650643E-006   3.1267484755204012E-006   2.4721939554194300E-006   1.9338872396939218E-006   1.4958761144170203E-006   1.1435486009249236E-006   8.6359852322172836E-007   6.4402025325145018E-007   4.7411224964716717E-007   3.4447292643790787E-007   2.4697730228026273E-007   1.7472820270321993E-007   1.2198086173532726E-007   8.4044004196960501E-008   5.7163472472329532E-008   3.8396019417362499E-008   2.5481094812518381E-008   1.6717574268286646E-008   1.0850796588166993E-008   6.9733890314522761E-009   4.4415152778171480E-009   2.8066218835861415E-009   1.7616133928789449E-009   1.0996786759981519E-009   6.8367198258733173E-010   4.2393151977849132E-010   2.6259494908494008E-010   1.6275355032728944E-010   1.0110404711471587E-010   6.3061811305327555E-011   3.9564944619384507E-011   2.5015126659554835E-011   1.5968154054505850E-011   1.0310574952611894E-011   6.7468682299945231E-012   4.4825033379631039E-012   3.0292344854558604E-012   2.0860029392027491E-012   1.4662828887497689E-012   1.0538091833076302E-012   7.7558961177028009E-013   5.8542432475329390E-013   4.5381076220350199E-013   3.6173396517362266E-013   2.9682731961021233E-013   2.5098547638015811E-013   2.1887212134571610E-013   1.9698370249106721E-013   1.8306270722187532E-013   1.7573341824748922E-013
