# Version 0.32
# Potential name = chengdu_MMWLY_600   
# L = 1
# S = 0
# J = 1
# Order = 1                   
# K_MAX = 1200 MeV
# For uncoupled channels, e.g., 3P0 (LSJ = 110)
# storage = D(1:N，1:N) (row, column)
# D(i,j)  = <pout(j),L|V|L,pin(i)>
# Normalization
# If V were so weak as to validate the Born approximation, the relation of V
# in 1S0 and the respective scattering length 'a' would have been
# <p|V|p> = 2/pi * a + ... for p->0, in unit of MeV^(-1)
# Momenta are in unit of MeV
# The value of pin and pout, where pin(1:N) = pout(1:N)
  0.17176393593524608       0.90482961624252312        2.2229191601248885        4.1250377775339757        6.6093628542049601        9.6734755763658313        13.314384907848989        17.528534541776253        22.311807446510670        27.659530244704911        33.566477918246392        40.026878974152282        47.034421112799578        54.582257410482157        62.663013017563799        71.268792368988898        80.391186901701303        90.021283272245228        100.14967206695951        110.76645699649430        121.86126456581133        133.42325421030273        145.44112888817568        157.90314611878756        170.79712945616615        184.11048038651882        197.83019063811543        211.94285489152242        226.43468387777534        241.29151785169273        256.49884042717133        272.04179276094351        287.90518807094219        304.07352647508543        320.53101013598518        337.26155869678109        354.24882499301907        371.47621102522203        388.92688417654699        406.58379365968250        424.42968717691679        442.44712777709788        460.61851089301558        478.92608154255839        497.35195167683804        515.87811765833158        534.48647785196329        553.15885031193807        571.87699054704501        590.62260934707410        609.37739065292590        628.12300945295499        646.84114968806193        665.51352214803671        684.12188234166842        702.64804832316190        721.07391845744155        739.38148910698442        757.55287222290212        775.57031282308321        793.41620634031756        811.07311582345301        828.52378897477797        845.75117500698093        862.73844130321891        879.46898986401482        895.92647352491463        912.09481192905787        927.95820723905649        943.50115957282867        958.70848214830721        973.56531612222466        988.05714510847758        1002.1698093618845        1015.8895196134812        1029.2028705438338        1042.0968538812124        1054.5588711118244        1066.5767457896973        1078.1387354341887        1089.2335430035057        1099.8503279330405        1109.9787167277548        1119.6088130982987        1128.7312076310111        1137.3369869824362        1145.4177425895177        1152.9655788872005        1159.9731210258478        1166.4335220817536        1172.3404697552951        1177.6881925534894        1182.4714654582237        1186.6856150921510        1190.3265244236341        1193.3906371457952        1195.8749622224659        1197.7770808398750        1199.0951703837575        1199.8282360640646     
# Matrix elements start here 
   7.1819840502277643E-009   3.7830603139417837E-008   9.2899232045798236E-008   1.7217337279575033E-007   2.7509537025040958E-007   4.0053346352122285E-007   5.4649587329448237E-007   7.0983507838550422E-007   8.8600111497182471E-007   1.0689215071098054E-006   1.2510927877898847E-006   1.4239518042200868E-006   1.5785454114927509E-006   1.7064380232127887E-006   1.8007089275477303E-006   1.8568308397252985E-006   1.8732220357998679E-006   1.8513380447119612E-006   1.7952920524240202E-006   1.7111171805065230E-006   1.6058606839791935E-006   1.4867078104312779E-006   1.3602825763780073E-006   1.2321956235929408E-006   1.1068378565961763E-006   9.8737186896215900E-007   8.7585474545729965E-007   7.7342885912098452E-007   6.8053169210461012E-007   5.9709302032839791E-007   5.2270292698577802E-007   4.5674504769168847E-007   3.9849617989575713E-007   3.4719680093735723E-007   3.0209822089280961E-007   2.6249198160060174E-007   2.2772637053897530E-007   1.9721396657524423E-007   1.7043320466822538E-007   1.4692614418856734E-007   1.2629398359716640E-007   1.0819137723820738E-007   9.2320255832140792E-008   7.8423604118556496E-008   6.6279481251018537E-008   5.5695459970911338E-008   4.6503591212905301E-008   3.8555957503676556E-008   3.1720850631048785E-008   2.5879588599842884E-008   2.0923968747182194E-008   1.6754334979244986E-008   1.3278216554809551E-008   1.0409474495863619E-008   8.0678716590773769E-009   6.1789665693768121E-009   4.6742219981473047E-009   3.4912190300208651E-009   2.5738767209608585E-009   1.8725955181564967E-009   1.3442671188320038E-009   9.5212095199826747E-010   6.6540424099143993E-010   4.5891521837049928E-010   3.1242510686325797E-010   2.1003286627947970E-010   1.3949773808479246E-010   9.1589696493509495E-011   5.9489084413461596E-011   3.8256171045840461E-011   2.4381016866102998E-011   1.5415231369238960E-011   9.6806803486159113E-012   6.0460950807740937E-012   3.7605953691896642E-012   2.3328717834185501E-012   1.4456241327949010E-012   8.9631700974393664E-013   5.5699441414927511E-013   3.4752775698945863E-013   2.1810447902468832E-013   1.3793625639431959E-013   8.8073118928671371E-014   5.6882169228528385E-014   3.7229925992730814E-014   2.4739999496386415E-014   1.6722216918090936E-014   1.1517304532430329E-014   8.0969605966728825E-015   5.8200693642080602E-015   4.2840438317517826E-015   3.2340180564304233E-015   2.5072082615439636E-015   1.9986796493266169E-015   1.6401762755498294E-015   1.3869556801154355E-015   1.2095573154675308E-015   1.0886369346159283E-015   1.0117290483729438E-015   9.7123676610062581E-016
   3.7830603139417837E-008   1.9927008117762370E-007   4.8934028815848330E-007   9.0691145367074262E-007   1.4490463970558880E-006   2.1097841300045633E-006   2.8786339457537387E-006   3.7390178000977640E-006   4.6669708312220566E-006   5.6305087547895710E-006   6.5901096073919311E-006   7.5006690547649840E-006   8.3150273590780336E-006   8.9887493457398026E-006   9.4853775253686647E-006   9.7810601071256926E-006   9.8674600769078190E-006   9.7522391789675514E-006   9.4570593578478803E-006   9.0136974590081467E-006   8.4592741099612982E-006   7.8316384256747258E-006   7.1656843674254397E-006   6.4909685247016092E-006   5.8306226222904262E-006   5.2013080244741842E-006   4.6138624142167746E-006   4.0743047593031625E-006   3.5849405677210919E-006   3.1454006248855862E-006   2.7535260864998553E-006   2.4060704263700566E-006   2.0992241967208342E-006   1.8289865356611375E-006   1.5914135848043881E-006   1.3827733770507847E-006   1.1996328425901112E-006   1.0388975685059395E-006   8.9782004819593046E-007   7.7398792993176797E-007   6.6530039210147248E-007   5.6993820706802589E-007   4.8633118989630376E-007   4.1312542082927258E-007   3.4915174622041391E-007   2.9339648530620011E-007   2.4497490469679244E-007   2.0310779450444270E-007   1.6710133290694353E-007   1.3633031839223652E-007   1.1022475316002941E-007   8.8259661618582204E-008   6.9947919684564268E-008   5.4835758197625801E-008   4.2500498132565887E-008   3.2549991325872300E-008   2.4623192439344032E-008   1.8391286649698865E-008   1.3558846762445269E-008   9.8645887337899663E-009   7.0814235967895036E-009   5.0156487443708380E-009   3.5052625366869875E-009   2.4175053359446666E-009   1.6458145735332561E-009   1.1064256390246977E-009   7.3485581173209111E-010   4.8248251935315586E-010   3.1338069847824200E-010   2.0152849249710883E-010   1.2843599871251573E-010   8.1205416173011081E-011   5.0996553477243618E-011   3.1850035113074704E-011   1.9810322562750887E-011   1.2289262129172713E-011   7.6153580039211471E-012   4.7216802237279051E-012   2.9341733652970722E-012   1.8307305383105196E-012   1.1489457188008395E-012   7.2663005964466465E-013   4.6395760692701674E-013   2.9964778518982402E-013   1.9612235224978432E-013   1.3032706221661466E-013   8.8090438289833508E-014   6.0671644579618026E-014   4.2653722751815138E-014   3.0659359348198250E-014   2.2567778978508846E-014   1.7036381384082059E-014   1.3207643043861854E-014   1.0528781249851431E-014   8.6402326665840231E-015   7.3062999034508038E-015   6.3717886721732002E-015   5.7347960236442644E-015   5.3296554039948452E-015   5.1163473921838353E-015
   9.2899232045798236E-008   4.8934028815848330E-007   1.2016553891550095E-006   2.2270712607183087E-006   3.5583781135200450E-006   5.1809439686732947E-006   7.0690181145425634E-006   9.1819071930806031E-006   1.1460784102012169E-005   1.3827132643247126E-005   1.6183926198007864E-005   1.8420422681923140E-005   2.0420817924930382E-005   2.2075977333411959E-005   2.3296333589418630E-005   2.4023255321577269E-005   2.4236200459955557E-005   2.3953917557099483E-005   2.3229550021197249E-005   2.2141102792426742E-005   2.0779727770748331E-005   1.9238386577341648E-005   1.7602797987241964E-005   1.5945580528785600E-005   1.4323575645003373E-005   1.2777731678135951E-005   1.1334689680675224E-005   1.0009250704821185E-005   8.8070904326158979E-006   7.7273110003781068E-006   6.7646156864862832E-006   5.9110337912448299E-006   5.1572102290458457E-006   4.4933185764131830E-006   3.9096716573841786E-006   3.3971022862336368E-006   2.9471771860645007E-006   2.5522947898155358E-006   2.2057055940561618E-006   1.9014833500700493E-006   1.6344670665790552E-006   1.4001874938481258E-006   1.1947871738089596E-006   1.0149399279088175E-006   8.5777348142625897E-007   7.2079750392498390E-007   6.0183844722367326E-007   4.9898200189682318E-007   4.1052363167077539E-007   3.3492738067850327E-007   2.7079291321762361E-007   2.1683050098271524E-007   1.7184340687357171E-007   1.3471683823586048E-007   1.0441238297974025E-007   7.9966635612033652E-008   6.0492602394552735E-008   4.5182471740154385E-008   3.3310456889244872E-008   2.4234651969766830E-008   1.7397159512127963E-008   1.2322103597881314E-008   8.6114892529947063E-009   5.9391613886552589E-009   4.0433241833590602E-009   2.7181903504238881E-009   1.8053430795828904E-009   1.1853297201855086E-009   7.6989201301439037E-010   4.9510123181657328E-010   3.1553264607178551E-010   1.9949982155281615E-010   1.2528478293526490E-010   7.8246946570975515E-011   4.8668618240164985E-011   3.0191400796607786E-011   1.8708879066047575E-011   1.1599893508261777E-011   7.2084715787338060E-012   4.4976104316695113E-012   2.8226492243844607E-012   1.7851337078926220E-012   1.1398184480991398E-012   7.3615361009376483E-013   4.8181959730102622E-013   3.2017835260120788E-013   2.1641438490297005E-013   1.4905382154912062E-013   1.0478865946283883E-013   7.5321752088796558E-014   5.5442927468296931E-014   4.1853779670843213E-014   3.2447605224606710E-014   2.5866366468224240E-014   2.1226713512004680E-014   1.7949601603559322E-014   1.5653760347085378E-014   1.4088841759766412E-014   1.3093520877649095E-014   1.2569480808839097E-014
   1.7217337279575033E-007   9.0691145367074262E-007   2.2270712607183087E-006   4.1275187436524345E-006   6.5949076770179621E-006   9.6021537321462983E-006   1.3101591501072930E-005   1.7017893336437505E-005   2.1242155128905663E-005   2.5629003512145102E-005   2.9998756919903935E-005   3.4146276344217090E-005   3.7856961372442759E-005   4.0928458515766945E-005   4.3194552930894613E-005   4.4546259016230688E-005   4.4945130162257550E-005   4.4425554756584707E-005   4.3085747961790470E-005   4.1070124980978520E-005   3.8547599334845623E-005   3.5690551569163124E-005   3.2658015038679989E-005   2.9584779608523744E-005   2.6576396226819307E-005   2.3708938563226986E-005   2.1031929984188893E-005   1.8572913149935957E-005   1.6342483804021493E-005   1.4339025772115185E-005   1.2552747886745980E-005   1.0968886915513512E-005   9.5701028077442681E-006   8.3381749568125979E-006   7.2551368366668330E-006   6.3039837675175941E-006   5.4690707978447457E-006   4.7362948583051771E-006   4.0931330061851990E-006   3.5285892975141206E-006   3.0330873924805546E-006   2.5983342907649388E-006   2.2171720769020237E-006   1.8834285873348627E-006   1.5917738739019977E-006   1.3375867017428128E-006   1.1168336503143296E-006   9.2596234467129309E-007   7.6180967187231973E-007   6.2152534597731607E-007   5.0251074785843642E-007   4.0237251160988683E-007   3.1888983579123068E-007   2.4999398487199927E-007   1.9375796480175010E-007   1.4839397348546746E-007   1.1225600828708052E-007   8.3845006868564845E-008   6.1814122091455358E-008   4.4972166013588467E-008   3.2283846227556053E-008   2.2866078583704264E-008   1.5980303223583639E-008   1.1021273984046877E-008   7.5031764543017381E-009   5.0441314026440126E-009   3.3501650479830726E-009   2.1996094045324620E-009   1.4286838918207404E-009   9.1875620256885330E-010   5.8553184950374428E-010   3.7021045959263416E-010   2.3249009264104855E-010   1.4520229477828169E-010   9.0313995330286635E-011   5.6025954315273405E-011   3.4717922536601712E-011   2.1525831156424794E-011   1.3376703010664633E-011   8.3461790897980230E-012   5.2379668579666511E-012   3.3126576772719659E-012   2.1151514306890404E-012   1.3660739402323530E-012   8.9410844988311129E-013   5.9415216615933261E-013   4.0159826268516363E-013   2.7659784948968194E-013   1.9445537545750791E-013   1.3977389525696805E-013   1.0288493691642693E-013   7.7667676764566527E-014   6.0212723353182757E-014   4.7999978005970934E-014   3.9390216075159457E-014   3.3308909318058222E-014   2.9048537644076225E-014   2.6144532530460899E-014   2.4297524685282549E-014   2.3325068334304388E-014
   2.7509537025040958E-007   1.4490463970558880E-006   3.5583781135200450E-006   6.5949076770179621E-006   1.0537366771672813E-005   1.5342598868531161E-005   2.0934653659370246E-005   2.7193493488463776E-005   3.3945543657481116E-005   4.0959034633391348E-005   4.7947372731728146E-005   5.4583155491266004E-005   6.0523583426409211E-005   6.5445023744488493E-005   6.9081140905597057E-005   7.1256666516908258E-005   7.1908848514393232E-005   7.1091364609405426E-005   6.8960159709708908E-005   6.5745430290119360E-005   6.1716983664870522E-005   5.7150566271938039E-005   5.2300868846402638E-005   4.7383973318472149E-005   4.2569249721960645E-005   3.7978892600868159E-005   3.3692554787137625E-005   2.9754637396974807E-005   2.6182342026287935E-005   2.2973256004117765E-005   2.0111825452142814E-005   1.7574494583191349E-005   1.5333551165561369E-005   1.3359851203692613E-005   1.1624642514285770E-005   1.0100703090627821E-005   8.7629818553420528E-006   7.5888928754285902E-006   6.5583783186818455E-006   5.6538245061690362E-006   4.8598906534379157E-006   4.1632910981084864E-006   3.5525581375276759E-006   3.0178030151388289E-006   2.5504861096896863E-006   2.1432031447054989E-006   1.7894915526237564E-006   1.4836594532191643E-006   1.2206386247322675E-006   9.9586205587514254E-007   8.0516596446366459E-007   6.4471543893624324E-007   5.1095206736779498E-007   4.0056109622899100E-007   3.1045488934899756E-007   2.3776884339719837E-007   1.7986556565636884E-007   1.3434311046127813E-007   9.9043430182076621E-008   7.2057892454596813E-008   5.1727657822522433E-008   3.6637770699003848E-008   2.5604846612914705E-008   1.7659108936600283E-008   1.2022145509741688E-008   8.0820783108865316E-009   5.3678789908890563E-009   3.5243736100568199E-009   2.2891401785115702E-009   1.4720969015441543E-009   9.3818075387422281E-010   5.9317736387702545E-010   3.7251196819036894E-010   2.3265327004375166E-010   1.4470736759635410E-010   8.9768664366875263E-011   5.5627449538806181E-011   3.4490164920977013E-011   2.1433068616578940E-011   1.3372816987595382E-011   8.3926262814016552E-012   5.3077644165763845E-012   3.3890384008638170E-012   2.1888156229872420E-012   1.4326005879059461E-012   9.5199039515851298E-013   6.4346757438330888E-013   4.4318352096394350E-013   3.1156934658166277E-013   2.2395502320903934E-013   1.6484907226185816E-013   1.2444429777665787E-013   9.6476810013131444E-014   7.6908737824645571E-014   6.3113605716863738E-014   5.3369732703793075E-014   4.6543482861096962E-014   4.1890493525791865E-014   3.8931095275486160E-014   3.7372961345617204E-014
   4.0053346352122285E-007   2.1097841300045633E-006   5.1809439686732947E-006   9.6021537321462983E-006   1.5342598868531161E-005   2.2339764644046943E-005   3.0483633820641844E-005   3.9600299467555192E-005   4.9438206835491202E-005   5.9661275862387265E-005   6.9853587233659916E-005   7.9539447303246931E-005   8.8219989839862911E-005   9.5423168489135049E-005   1.0075915264601653E-004   1.0396968522516435E-004   1.0495980536725357E-004   1.0380421071637608E-004   1.0072726640241253E-004   9.6062622681846680E-005   9.0202876670544320E-005   8.3550365406763859E-005   7.6477511625877955E-005   6.9300876629980186E-005   6.2269029920835283E-005   5.5561646890343266E-005   4.9296136966871822E-005   4.3538225938900390E-005   3.8313704452839605E-005   3.3619525554733689E-005   2.9433291808928418E-005   2.5720797304841826E-005   2.2441676827723262E-005   1.9553412403386682E-005   1.7014017615293332E-005   1.4783715612891731E-005   1.2825885808058768E-005   1.1107500951368304E-005   9.5992238777078549E-006   8.2752878668998455E-006   7.1132482226789466E-006   6.0936650714387459E-006   5.1997572912113076E-006   4.4170533923857421E-006   3.7330556359285349E-006   3.1369274414568679E-006   2.6192101874659237E-006   2.1715730386487861E-006   1.7865978414949244E-006   1.4575999651035007E-006   1.1784849307139819E-006   9.4363960226558817E-007   7.4785554911842153E-007   5.8628098689620168E-007   4.5439657166596504E-007   3.4800942310560381E-007   2.6325923880418375E-007   1.9663034777328155E-007   1.4496407724624030E-007   1.0546682516465480E-007   7.5710610068290043E-008   5.3624419657452087E-008   3.7476186869828527E-008   2.5846495963049655E-008   1.7596024433447407E-008   1.1829198935310794E-008   7.8566013895674715E-009   5.1583841328132910E-009   3.3504556899749278E-009   2.1546049570719988E-009   1.3731486502122859E-009   8.6819123303788447E-010   5.4521884755905479E-010   3.4051763326832995E-010   2.1179754140222511E-010   1.3138774870121369E-010   8.1417751143044617E-011   5.0480666570216399E-011   3.1369964632143395E-011   1.9572777058023496E-011   1.2283646634377541E-011   7.7685677572246760E-012   4.9602744474253720E-012   3.2036001152957786E-012   2.0967862354918093E-012   1.3933541534765576E-012   9.4179317951654588E-013   6.4865296582189510E-013   4.5601955310740904E-013   3.2778531379248993E-013   2.4127656362772934E-013   1.8213926776898740E-013   1.4120545642654615E-013   1.1256521156105265E-013   9.2374365743976050E-014   7.8113029047780382E-014   6.8121987335525117E-014   6.1311775361593980E-014   5.6980338671099411E-014   5.4699821566553898E-014
   5.4649587329448237E-007   2.8786339457537387E-006   7.0690181145425634E-006   1.3101591501072930E-005   2.0934653659370246E-005   3.0483633820641844E-005   4.1599702434756539E-005   5.4047540289538592E-005   6.7486570059174342E-005   8.1461359082794720E-005   9.5407515232413242E-005   1.0867829317960998E-004   1.2059363157003712E-004   1.3050760160648083E-004   1.3788369722628861E-004   1.4236259000736180E-004   1.4380651825855766E-004   1.4230947696790205E-004   1.3817138709813651E-004   1.3184394867229115E-004   1.2386220501671322E-004   1.1477700633124601E-004   1.0510011177222802E-004   9.5267893511611916E-005   8.5624019122785744E-005   7.6417692432154011E-005   6.7812418885099005E-005   5.9900366711428502E-005   5.2718450509123326E-005   4.6263594447856811E-005   4.0505819617226132E-005   3.5398670682461474E-005   3.0887039424367428E-005   2.6912722356240866E-005   2.3418150741944038E-005   2.0348727656553389E-005   1.7654151550137437E-005   1.5289032776170445E-005   1.3213037396747541E-005   1.1390729977715208E-005   9.7912368351766160E-006   8.3878129882187510E-006   7.1573682406642994E-006   6.0799882834873050E-006   5.1384734806644130E-006   4.3179093463982355E-006   3.6052772312822971E-006   2.9891103014657384E-006   2.4591976752586142E-006   2.0063379613151002E-006   1.6221420079006956E-006   1.2988831900705508E-006   1.0293919577121963E-006   8.0698970485436146E-007   6.2545546175376879E-007   4.7901767148056322E-007   3.6236260484879869E-007   2.7065094750823311E-007   1.9953481658532389E-007   1.4516886562885656E-007   1.0421103493562887E-007   7.3810637053515944E-008   5.1583542181255277E-008   3.5575981174896704E-008   2.4219727152711047E-008   1.6282066744667303E-008   1.0814051835805886E-008   7.1001408742265130E-009   4.6116543348268284E-009   2.9656516026619777E-009   1.8900341809844512E-009   1.1949979226411986E-009   7.5045090426975258E-010   4.6869543199767153E-010   2.9152227010448374E-010   1.8084454765674187E-010   1.1206484459481107E-010   6.9482450995971063E-011   4.3178132154139699E-011   2.6940277148225439E-011   1.6907396047034994E-011   1.0692768983817011E-011   6.8273907532349847E-012   4.4094781344089097E-012   2.8860436864640308E-012   1.9178300648466607E-012   1.2962955196263067E-012   8.9281354543390126E-013   6.2767050425338308E-013   4.5116733691865653E-013   3.3209566816017579E-013   2.5069841035491940E-013   1.9435664953091274E-013   1.5493589902161967E-013   1.2714499892068196E-013   1.0751554208822867E-013   9.3763766426246702E-014   8.4390119233486828E-014   7.8428284674584993E-014   7.5289357299181730E-014
   7.0983507838550422E-007   3.7390178000977640E-006   9.1819071930806031E-006   1.7017893336437505E-005   2.7193493488463776E-005   3.9600299467555192E-005   5.4047540289538592E-005   7.0233464835115010E-005   8.7720978105338023E-005   1.0592476365616127E-004   1.2411796675995871E-004   1.4146523091330737E-004   1.5708459078804770E-004   1.7013353422077763E-004   1.7990615765603571E-004   1.8592192488353326E-004   1.8798548104268943E-004   1.8620289352231094E-004   1.8095102969498342E-004   1.7280920239430014E-004   1.6247084992828328E-004   1.5065507131939557E-004   1.3803375060565234E-004   1.2518261156871084E-004   1.1255715942325724E-004   1.0048930612505349E-004   8.9198172082502973E-005   7.8808567314225255E-005   6.9371981434534130E-005   6.0886650170846441E-005   5.3314842369002573E-005   4.6596679251942364E-005   4.0660531856819599E-005   3.5430425506082129E-005   3.0831022690862566E-005   2.6790756070721197E-005   2.3243613048958939E-005   2.0129978070056183E-005   1.7396843770910618E-005   1.4997619328960446E-005   1.2891697725130146E-005   1.1043892900225875E-005   9.4238207755841876E-006   8.0052721103178433E-006   6.7656075384754931E-006   5.6851935806534319E-006   4.7468910866674750E-006   3.9356029686841754E-006   3.2378851087341439E-006   2.6416221547215187E-006   2.1357680052382088E-006   1.7101488144724072E-006   1.3553242254321969E-006   1.0625003431195931E-006   8.2348590182754264E-007   6.3068144509558172E-007   4.7709040271534417E-007   3.5634092145141534E-007   2.6270825787278003E-007   1.9112938613195406E-007   1.3720397243566199E-007   9.7178675521052051E-008   6.7914464024882424E-008   4.6838949352105720E-008   3.1887369342540231E-008   2.1436713718518415E-008   1.4237587234528490E-008   9.3479037184203108E-009   6.0716029681081356E-009   3.9045063712125057E-009   2.4883707515330266E-009   1.5733017894998145E-009   9.8802210196943237E-010   6.1707025679459803E-010   3.8380901979689585E-010   2.3809399003435063E-010   1.4754075667726487E-010   9.1478148802315661E-011   5.6846762585318153E-011   3.5468564755226885E-011   2.2259631648078047E-011   1.4077681771179443E-011   8.9886703001582832E-012   5.8053396701580767E-012   3.7996457782273306E-012   2.5249345161080277E-012   1.7066474627502752E-012   1.1754397926155109E-012   8.2636358967934089E-013   5.9398701795300509E-013   4.3722237381954959E-013   3.3005827537939426E-013   2.5588117859295637E-013   2.0398155660228276E-013   1.6739329084920736E-013   1.4155002387384166E-013   1.2344505239954318E-013   1.1110413010645267E-013   1.0325504755583528E-013   9.9122477541334605E-014
   8.8600111497182471E-007   4.6669708312220566E-006   1.1460784102012169E-005   2.1242155128905663E-005   3.3945543657481116E-005   4.9438206835491202E-005   6.7486570059174342E-005   8.7720978105338023E-005   1.0960533023351990E-004   1.3242030194351076E-004   1.5526998084952072E-004   1.7712040501490541E-004   1.9687357934179058E-004   2.1347204855601531E-004   2.2601887652300376E-004   2.3388961230750056E-004   2.3681069674578252E-004   2.3488512158220773E-004   2.2855959463546736E-004   2.1854298570484805E-004   2.0569732733248533E-004   1.9092620035095404E-004   1.7508098568253230E-004   1.5889648163913326E-004   1.4295796374748037E-004   1.2769491109801528E-004   1.1339335930783598E-004   1.0021860847386691E-004   8.8241578416385383E-005   7.7464286268219540E-005   6.7841949805741872E-005   5.9300745883421858E-005   5.1751225318931054E-005   4.5097900991508037E-005   3.9245725202637512E-005   3.4104182694925388E-005   2.9589640972734156E-005   2.5626479827474237E-005   2.2147401027845592E-005   1.9093213079235661E-005   1.6412300287520210E-005   1.4059919959385025E-005   1.1997423780544287E-005   1.0191465786128371E-005   8.6132364986659322E-006   7.2377478191038379E-006   6.0431837099476080E-006   5.0103257135774085E-006   4.1220584612880055E-006   3.3629574978575579E-006   2.7189592633681382E-006   2.1771105356071406E-006   1.7253919123000821E-006   1.3526071017809129E-006   1.0483271620838788E-006   8.0287673998857912E-007   6.0734816840007136E-007   4.5362924251362100E-007   3.3443170511639652E-007   2.4330981822911172E-007   1.7466157859509111E-007   1.2370870796218052E-007   8.6455025860312889E-008   5.9625749863036692E-008   4.0592351433269495E-008   2.7288684422411234E-008   1.8124236634123463E-008   1.1899714728004114E-008   7.7290253953441766E-009   4.9703458504700225E-009   3.1676319596437203E-009   2.0027690349716579E-009   1.2577222409911323E-009   7.8551048825273576E-010   4.8857572670591594E-010   3.0308505230956619E-010   1.8781380208510671E-010   1.1644807530412472E-010   7.2363600555981933E-011   4.5149980016920905E-011   2.8335538378131205E-011   1.7920256306470537E-011   1.1442163018601416E-011   7.3899236177638322E-012   4.8367661044234594E-012   3.2141177290621458E-012   2.1724770204162456E-012   1.4962752606397516E-012   1.0519183650636842E-012   7.5611455243816685E-013   5.5656106648424801E-013   4.2014663832400059E-013   3.2572301950731695E-013   2.5965750164559803E-013   2.1308255832506511E-013   1.8018544378593501E-013   1.5713877601638230E-013   1.4142943967076496E-013   1.3143797719042978E-013   1.2617743691246441E-013
   1.0689215071098054E-006   5.6305087547895710E-006   1.3827132643247126E-005   2.5629003512145102E-005   4.0959034633391348E-005   5.9661275862387265E-005   8.1461359082794720E-005   1.0592476365616127E-004   1.3242030194351076E-004   1.6009879616617545E-004   1.8789837852374402E-004   2.1458663041826187E-004   2.3884454803864693E-004   2.5938785870011533E-004   2.7510932430007605E-004   2.8521535910129938E-004   2.8932648244555677E-004   2.8751709982952924E-004   2.8028503870634717E-004   2.6845985871749292E-004   2.5307391226336384E-004   2.3522607074375360E-004   2.1596413157747666E-004   1.9620160538422524E-004   1.7667294394542007E-004   1.5792232421090106E-004   1.4031649022244343E-004   1.2407143011529623E-004   1.0928437151554721E-004   9.5965220162995426E-005   8.4064112657294965E-005   7.3493712276140435E-005   6.4146146918226342E-005   5.5905176646793087E-005   4.8654457318200207E-005   4.2282797561820758E-005   3.6687209866153206E-005   3.1774411099020634E-005   2.7461278000885174E-005   2.3674630607239682E-005   2.0350608882192932E-005   1.7433825353470831E-005   1.4876416104732160E-005   1.2637069862922665E-005   1.0680085908076274E-005   8.9744924433572667E-006   7.4932448680214124E-006   6.2125157100785994E-006   5.1110829808349049E-006   4.1698200837540029E-006   3.3712872494018680E-006   2.6994212653255625E-006   2.1393168547623783E-006   1.6770895481720531E-006   1.2998066158449920E-006   9.9547002961827101E-007   7.5303393529403615E-007   5.6243906582592313E-007   4.1464802245522996E-007   3.0166825874950553E-007   2.1655354416151979E-007   1.5337911312674961E-007   1.0719001542976779E-007   7.3925824532012705E-008   5.0327442595229428E-008   3.3833090518324042E-008   2.2470736206895479E-008   1.4753420352073421E-008   9.5825163317038627E-009   6.1622623775819505E-009   3.9272369669811499E-009   2.4830310000475668E-009   1.5593189678680463E-009   9.7387051690353159E-010   6.0573153539475814E-010   3.7576120458560107E-010   2.3284885279259579E-010   1.4437039347914409E-010   8.9715042822985355E-011   5.5976016036752873E-011   3.5129766038489463E-011   2.2217102241450372E-011   1.4185700158022005E-011   9.1618268880726939E-012   5.9964848738678558E-012   3.9847675900770255E-012   2.6933698964112371E-012   1.8550342535564583E-012   1.3041337524379444E-012   9.3740525835838385E-013   6.9000515029503795E-013   5.2088296388531557E-013   4.0381969094927642E-013   3.2191389410125365E-013   2.6417187889628549E-013   2.2338718154005959E-013   1.9481473406319152E-013   1.7533885658510418E-013   1.6295179834167416E-013   1.5642996917607032E-013
   1.2510927877898847E-006   6.5901096073919311E-006   1.6183926198007864E-005   2.9998756919903935E-005   4.7947372731728146E-005   6.9853587233659916E-005   9.5407515232413242E-005   1.2411796675995871E-004   1.5526998084952072E-004   1.8789837852374402E-004   2.2079004773884137E-004   2.5252679953852348E-004   2.8157552119690795E-004   3.0642247463804565E-004   3.2573546693019173E-004   3.3852524627253427E-004   3.4427131845968272E-004   3.4298180337180546E-004   3.3517225991296849E-004   3.2176963036949208E-004   3.0396636780646191E-004   2.8305927818504304E-004   2.6030530752489553E-004   2.3681548279944447E-004   2.1349433776607826E-004   1.9102067084003784E-004   1.6985897967204097E-004   1.5028929663087610E-004   1.3244480197619897E-004   1.1634966294592908E-004   1.0195267293355473E-004   8.9154744302882667E-005   7.7829956375612144E-005   6.7840778525380313E-005   5.9048481367378806E-005   5.1319817439737998E-005   4.4530950735487484E-005   3.8569443519428265E-005   3.3334927645315980E-005   2.8738925031373157E-005   2.4704148933126302E-005   2.1163515244728668E-005   1.8059017767649044E-005   1.5340568130126391E-005   1.2964864681669853E-005   1.0894330680990797E-005   9.0961466982499584E-006   7.5413924057554058E-006   6.2043065791687631E-006   5.0616695262181372E-006   4.0923081874108473E-006   3.2767201732627184E-006   2.5968087952065847E-006   2.0357168454730055E-006   1.5777428775803425E-006   1.2083205649018076E-006   9.1403989886035354E-007   6.8268891820327094E-007   5.0329647308600522E-007   3.6616005378635513E-007   2.6284749581767825E-007   1.8616674766648603E-007   1.3010311685220557E-007   8.9727827974982623E-008   6.1084859278450314E-008   4.1064661412736800E-008   2.7273561537619020E-008   1.7906691788518260E-008   1.1630554114309300E-008   7.4792719026744728E-009   4.7665553235445897E-009   3.0136871042056671E-009   1.8925595549944708E-009   1.1819918159520951E-009   7.3517744332082442E-010   4.5606079722497549E-010   2.8260756994771908E-010   1.7522125327445016E-010   1.0888622223158609E-010   6.7937369748531543E-011   4.2636460319939411E-011   2.6964507789123875E-011   1.7216906166560740E-011   1.1119511891690325E-011   7.2777936947162230E-012   4.8362127590215743E-012   3.2688715444060530E-012   2.2514032157157358E-012   1.5827889992869479E-012   1.1377002539404637E-012   8.3743753886769185E-013   6.3217877159172137E-013   4.9010253426305430E-013   3.9069595716703066E-013   3.2061627018720084E-013   2.7111717758969731E-013   2.3643971965272631E-013   2.1280248315847509E-013   1.9776871871930495E-013   1.8985339077105512E-013
   1.4239518042200868E-006   7.5006690547649840E-006   1.8420422681923140E-005   3.4146276344217090E-005   5.4583155491266004E-005   7.9539447303246931E-005   1.0867829317960998E-004   1.4146523091330737E-004   1.7712040501490541E-004   2.1458663041826187E-004   2.5252679953852348E-004   2.8936380622611690E-004   3.2337166020946433E-004   3.5281690159541290E-004   3.7613577763280541E-004   3.9211847601793384E-004   4.0006265164441092E-004   3.9985997958426621E-004   3.9199347625939508E-004   3.7744609093435762E-004   3.5754407239682779E-004   3.3377288429385665E-004   3.0760439715029605E-004   2.8036354551607735E-004   2.5314683500023437E-004   2.2679065077014674E-004   2.0187822747812933E-004   1.7877101285272489E-004   1.5765140178904629E-004   1.3856720976959693E-004   1.2147200369517349E-004   1.0625851262415624E-004   9.2784471519889741E-005   8.0891479462026487E-005   7.0418011882925500E-005   6.1207859919605546E-005   5.3115174150878121E-005   4.6007096198323967E-005   3.9764747158324089E-005   3.4283145732309714E-005   2.9470466765511049E-005   2.5246925231574602E-005   2.1543477861988624E-005   1.8300468694005882E-005   1.5466299629528695E-005   1.2996177140229975E-005   1.0850966943782005E-005   8.9961761870600077E-006   7.4010746351126585E-006   6.0379605551978684E-006   4.8815720305639202E-006   3.9086395446853035E-006   3.0975705593494708E-006   2.4282516127070869E-006   1.8819486442195147E-006   1.4412824386766884E-006   1.0902538969400562E-006   8.1429374543118683E-007   6.0031345020334103E-007   4.3673830191034925E-007   3.1350933789436698E-007   2.2204717502335344E-007   1.5517706187298161E-007   1.0701972621940911E-007   7.2856328682872535E-008   4.8977784592971748E-008   3.2528952949740342E-008   2.1357040704666283E-008   1.3871510356709663E-008   8.9203198599941765E-009   5.6849105066512622E-009   3.5943069622152230E-009   2.2571721585581664E-009   1.4097036849610088E-009   8.7680673885259642E-010   5.4391731826276538E-010   3.3704855505999610E-010   2.0897488050200509E-010   1.2986106013736820E-010   8.1023972977140833E-011   5.0849281330183142E-011   3.2158450870625598E-011   2.0533205469285328E-011   1.3261310713076727E-011   8.6795981828365953E-012   5.7677243265942707E-012   3.8984882408821275E-012   2.6850414408317786E-012   1.8876441578328053E-012   1.3568267896197367E-012   9.9873089132939189E-013   7.5393780836633762E-013   5.8449684338827658E-013   4.6594407818737384E-013   3.8236677081073129E-013   3.2333400022136475E-013   2.8197757980137495E-013   2.5378776652996562E-013   2.3585847613143444E-013   2.2641864585782766E-013
   1.5785454114927509E-006   8.3150273590780336E-006   2.0420817924930382E-005   3.7856961372442759E-005   6.0523583426409211E-005   8.8219989839862911E-005   1.2059363157003712E-004   1.5708459078804770E-004   1.9687357934179058E-004   2.3884454803864693E-004   2.8157552119690795E-004   3.2337166020946433E-004   3.6235114114290559E-004   3.9658598726068041E-004   4.2428678849649142E-004   4.4400496485684000E-004   4.5481412550391087E-004   4.5642933820415322E-004   4.4923370161547785E-004   4.3420396167171262E-004   4.1275335669660663E-004   3.8652999150347469E-004   3.5721534125425156E-004   3.2635937172318194E-004   2.9527196187878685E-004   2.6497275146946113E-004   2.3618904255889712E-004   2.0938587578051671E-004   1.8481264405346235E-004   1.6255406556428230E-004   1.4257770237726568E-004   1.2477405018793803E-004   1.0898797172263806E-004   9.5041895557576082E-005   8.2752000299023633E-005   7.1938845751264529E-005   6.2433843517295323E-005   5.4082749559726816E-005   4.6747113034446256E-005   4.0304382597665903E-005   3.4647175822231918E-005   2.9682064431942669E-005   2.5328114378779738E-005   2.1515338650647895E-005   1.8183164824545480E-005   1.5278982142499207E-005   1.2756808741662031E-005   1.0576104207138224E-005   8.7007424621822887E-006   7.0981526953905492E-006   5.7386298684492611E-006   4.5948103700674202E-006   3.6413022147505597E-006   2.8544529744521083E-006   2.2122328992310691E-006   1.6942061550039967E-006   1.2815605101514392E-006   9.5716567190289689E-007   7.0563299308551497E-007   5.1335419911826688E-007   3.6850347913038269E-007   2.6099481199429168E-007   1.8239372297860322E-007   1.2578885483685022E-007   8.5633124412655972E-008   5.7566527103063707E-008   3.8232928204503836E-008   2.5101826605310724E-008   1.6303654140137294E-008   1.0484283502796611E-008   6.6815811925071469E-009   4.2244310591934048E-009   2.6528661662521628E-009   1.6568234222286221E-009   1.0305050822977344E-009   6.3925942840842475E-010   3.9612736281037744E-010   2.4560357961896456E-010   1.5262226512772793E-010   9.5224989885433799E-011   5.9761400961770216E-011   3.7794596843073166E-011   2.4131820655932469E-011   1.5585423723229241E-011   1.0200716922151169E-011   6.7785150426297477E-012   4.5816865131345906E-012   3.1555806461772916E-012   2.2184397652488628E-012   1.5945980048416232E-012   1.1737474244394668E-012   8.8605590072653692E-013   6.8692174617821329E-013   5.4759371118750097E-013   4.4937035838618367E-013   3.7999277481014222E-013   3.3138915274113996E-013   2.9825944156515323E-013   2.7718828497857802E-013   2.6609425472018834E-013
   1.7064380232127887E-006   8.9887493457398026E-006   2.2075977333411959E-005   4.0928458515766945E-005   6.5445023744488493E-005   9.5423168489135049E-005   1.3050760160648083E-004   1.7013353422077763E-004   2.1347204855601531E-004   2.5938785870011533E-004   3.0642247463804565E-004   3.5281690159541290E-004   3.9658598726068041E-004   4.3564992880888942E-004   4.6801677590756967E-004   4.9199452024332243E-004   5.0639673838698859E-004   5.1069802000926364E-004   5.0510035204995687E-004   4.9049074812871642E-004   4.6829839525968373E-004   4.4028574454814737E-004   4.0832177378197665E-004   3.7418273803534722E-004   3.3940983866236209E-004   3.0523295626997071E-004   2.7255294532531473E-004   2.4196595375005332E-004   2.1381153592665741E-004   1.8822935555243612E-004   1.6521413244829309E-004   1.4466315221254591E-004   1.2641418261126309E-004   1.1027386115582592E-004   9.6037765320455273E-005   8.3503792903678618E-005   7.2480471534655815E-005   6.2791603887492762E-005   5.4278375614109915E-005   4.6799780015194881E-005   4.0231979836769923E-005   3.4467041677807493E-005   2.9411339908085907E-005   2.4983827448657875E-005   2.1114301815565197E-005   1.7741748591282456E-005   1.4812814301765945E-005   1.2280441208522062E-005   1.0102683682692825E-005   8.2417166101029765E-006   6.6630386337312650E-006   5.3348657637995991E-006   4.2277034996457223E-006   3.3140782460305595E-006   2.5684020518927509E-006   1.9669393771739282E-006   1.4878415365583706E-006   1.1112142895901654E-006   8.1918695380314524E-007   5.9595712791494625E-007   4.2779287459341857E-007   3.0298294359095134E-007   2.1173411394523093E-007   1.4602191289257241E-007   9.9406058214890878E-008   6.6824627357345255E-008   4.4381275411973324E-008   2.9138251154540440E-008   1.8925147698277530E-008   1.2169968748050162E-008   7.7557990169908230E-009   4.9035691988928200E-009   3.0793311424814534E-009   1.9231556188301459E-009   1.1961500392183104E-009   7.4201065546700718E-010   4.5979630234413144E-010   2.8507760508996338E-010   1.7715124992020402E-010   1.1052876327762803E-010   6.9365468109898877E-011   4.3868275863421113E-011   2.8009757647892001E-011   1.8089909771706357E-011   1.1839874906904772E-011   7.8677348733514852E-012   5.3178900834687568E-012   3.6626228345001399E-012   2.5748953190569432E-012   1.8508118181662951E-012   1.3623380863280730E-012   1.0284203247587882E-012   7.9728971166126619E-013   6.3557498108957970E-013   5.2156962264180456E-013   4.4104490590769400E-013   3.8463202450845409E-013   3.4617931106391934E-013   3.2172263152841562E-013   3.0884611698873156E-013
