# Version 0.32
# Potential name = chengdu_MMWLY_800   
# L = 0
# S = 0
# J = 0
# Order = 0                   
# K_MAX = 1600 MeV
# For uncoupled channels, e.g., 3P0 (LSJ = 110)
# storage = D(1:N，1:N) (row, column)
# D(i,j)  = <pout(j),L|V|L,pin(i)>
# Normalization
# If V were so weak as to validate the Born approximation, the relation of V
# in 1S0 and the respective scattering length 'a' would have been
# <p|V|p> = 2/pi * a + ... for p->0, in unit of MeV^(-1)
# Momenta are in unit of MeV
# The value of pin and pout, where pin(1:N) = pout(1:N)
  0.22901858124691898        1.2064394883233263        2.9638922134998893        5.5000503700453010        8.8124838056065755        12.897967435154328        17.752513210465395        23.371379389034928        29.749076595347560        36.879373659606586        44.755303890995151        53.369171965536339        62.712561483732770        72.776343213976247        83.550684023418398        95.025056491985310        107.18824920226837        120.02837769632697        133.53289608927935        147.68860932865903        162.48168608774836        177.89767228040364        193.92150518423432        210.53752815838345        227.72950594155486        245.48064051535846        263.77358751748727        282.59047318869659        301.91291183703379        321.72202380225701        341.99845390289505        362.72239034792466        383.87358409458960        405.43136863344722        427.37468018131352        449.68207826237483        472.33176665735874        495.30161470029606        518.56917890206262        542.11172487957674        565.90624956922238        589.92950370279721        614.15801452402081        638.56810872341123        663.13593556911735        687.83749021110884        712.64863713595105        737.54513374925068        762.50265406272672        787.49681246276555        812.50318753723445        837.49734593727328        862.45486625074932        887.35136286404895        912.16250978889116        936.86406443088265        961.43189127658877        985.84198547597919        1010.0704962972028        1034.0937504307776        1057.8882751204233        1081.4308210979375        1104.6983852997039        1127.6682333426413        1150.3179217376251        1172.6253198186864        1194.5686313665528        1216.1264159054103        1237.2776096520754        1258.0015460971049        1278.2779761977431        1298.0870881629662        1317.4095268113033        1336.2264124825128        1354.5193594846414        1372.2704940584451        1389.4624718416167        1406.0784948157657        1422.1023277195964        1437.5183139122516        1452.3113906713411        1466.4671039107207        1479.9716223036730        1492.8117507977317        1504.9749435080148        1516.4493159765816        1527.2236567860236        1537.2874385162672        1546.6308280344638        1555.2446961090050        1563.1206263403933        1570.2509234046524        1576.6286206109651        1582.2474867895346        1587.1020325648456        1591.1875161943935        1594.4999496299547        1597.0361077865000        1598.7935605116768        1599.7709814187531     
# Matrix elements start here 
  -3.5387813697345056E-003  -3.5386106094092355E-003  -3.5377190089773349E-003  -3.5351115959152734E-003  -3.5293736095941648E-003  -3.5187144138863267E-003  -3.5010522146599692E-003  -3.4741548267209735E-003  -3.4358448132824539E-003  -3.3842621405934781E-003  -3.3181551001133175E-003  -3.2371467477217315E-003  -3.1419105002699873E-003  -3.0341962418729343E-003  -2.9166812472035042E-003  -2.7926689185370462E-003  -2.6657023981649691E-003  -2.5391798608674181E-003  -2.4160468803280481E-003  -2.2986078197524693E-003  -2.1884601312017965E-003  -2.0865274344859346E-003  -1.9931550486010740E-003  -1.9082329197085048E-003  -1.8313196194396401E-003  -1.7617516373480476E-003  -1.6987311308012550E-003  -1.6413913857248040E-003  -1.5888426271592900E-003  -1.5402022143215196E-003  -1.4946134299180975E-003  -1.4512566272015083E-003  -1.4093558174321848E-003  -1.3681830765181235E-003  -1.3270625155762101E-003  -1.2853750195724915E-003  -1.2425645000374626E-003  -1.1981460083530940E-003  -1.1517156915303473E-003  -1.1029622262303698E-003  -1.0516790337443350E-003  -9.9777626666755579E-004  -9.4129128854988746E-004  -8.8239617429669570E-004  -8.2140068296146138E-004  -7.5874923859819044E-004  -6.9501073394332953E-004  -6.3086046200849398E-004  -5.6705416881144984E-004  -5.0439505570154704E-004  -4.4369545201001386E-004  -3.8573570544845909E-004  -3.3122346002645113E-004  -2.8075677924028868E-004  -2.3479443366346080E-004  -1.9363607881863512E-004  -1.5741405356831030E-004  -1.2609726300189848E-004  -9.9506264157565172E-005  -7.7337462046670342E-005  -5.9193439663945917E-005  -4.4616018103958675E-005  -3.3118710925448052E-005  -2.4215745569025434E-005  -1.7445642963207469E-005  -1.2388302408807018E-005  -8.6754603297726531E-006  -5.9951419879539882E-006  -4.0912254479324973E-006  -2.7594692795627217E-006  -1.8413532027147524E-006  -1.2169092859891378E-006  -7.9745583316679071E-007  -5.1885482769345100E-007  -3.3564691883977584E-007  -2.1620431144011230E-007  -1.3889143489418813E-007  -8.9132092921051791E-008  -5.7238443899786601E-008  -3.6847594318886699E-008  -2.3822688629585495E-008  -1.5496745432658088E-008  -1.0161920416838131E-008  -6.7300493479476852E-009  -4.5101176182729555E-009  -3.0640593971284972E-009  -2.1141965383899300E-009  -1.4842679557615446E-009  -1.0620692782112338E-009  -7.7587351783658262E-010  -5.7958097911046072E-010  -4.4337199715679268E-010  -3.4781824888377912E-010  -2.8016503351936633E-010  -2.3197680599012785E-010  -1.9764053936920114E-010  -1.7341104723839972E-010  -1.5680098281372924E-010  -1.4619238574177883E-010  -1.4059204868797989E-010
  -3.5386106094092355E-003  -3.5384398910090170E-003  -3.5375485093723019E-003  -3.5349417350959149E-003  -3.5292051489426196E-003  -3.5185485339872006E-003  -3.5008905533299847E-003  -3.4739994526813921E-003  -3.4356981123214161E-003  -3.3841266041433485E-003  -3.3180330326250148E-003  -3.2370399431274214E-003  -3.1418199642933601E-003  -3.0341220382139131E-003  -2.9166225135949038E-003  -2.7926240444383858E-003  -2.6656693054911565E-003  -2.5391563065502278E-003  -2.4160307107446649E-003  -2.2985971394065574E-003  -2.1884533820979483E-003  -2.0865234050332000E-003  -1.9931528386557019E-003  -1.9082318856704617E-003  -1.8313193160842136E-003  -1.7617517656672002E-003  -1.6987314955767493E-003  -1.6413918631910458E-003  -1.5888431414792016E-003  -1.5402027210626146E-003  -1.4946139047593342E-003  -1.4512570583863193E-003  -1.4093562008222857E-003  -1.3681834124105797E-003  -1.3270628066934516E-003  -1.2853752698201494E-003  -1.2425647137575108E-003  -1.1981461898917900E-003  -1.1517158450030538E-003  -1.1029623554070140E-003  -1.0516791420068670E-003  -9.9777635700867601E-004  -9.4129136359394675E-004  -8.8239623633116441E-004  -8.2140073397202825E-004  -7.5874928030360712E-004  -6.9501076782792822E-004  -6.3086048935145846E-004  -5.6705419071259328E-004  -5.0439507310375768E-004  -4.4369546571868456E-004  -3.8573571614834462E-004  -3.3122346829639283E-004  -2.8075678556620102E-004  -2.3479443844991735E-004  -1.9363608239932989E-004  -1.5741405621557439E-004  -1.2609726493540243E-004  -9.9506265552268074E-005  -7.7337463040040930E-005  -5.9193440362458806E-005  -4.4616018588857187E-005  -3.3118711257772396E-005  -2.4215745793917540E-005  -1.7445643113521401E-005  -1.2388302508072276E-005  -8.6754603945730554E-006  -5.9951420297947764E-006  -4.0912254746732614E-006  -2.7594692964928538E-006  -1.8413532133432079E-006  -1.2169092926122655E-006  -7.9745583726833346E-007  -5.1885483022086645E-007  -3.3564692039162141E-007  -2.1620431239093960E-007  -1.3889143547644106E-007  -8.9132093277986181E-008  -5.7238444119204292E-008  -3.6847594454382629E-008  -2.3822688713790470E-008  -1.5496745485418470E-008  -1.0161920450230440E-008  -6.7300493693356476E-009  -4.5101176321625985E-009  -3.0640594062910991E-009  -2.1141965445409336E-009  -1.4842679599712181E-009  -1.0620692811534644E-009  -7.7587351994012111E-010  -5.7958098065128541E-010  -4.4337199831484471E-010  -3.4781824977805338E-010  -2.8016503422980519E-010  -2.3197680657140602E-010  -1.9764053985951385E-010  -1.7341104766513796E-010  -1.5680098319721389E-010  -1.4619238609779168E-010  -1.4059204902954138E-010
  -3.5377190089773349E-003  -3.5375485093723019E-003  -3.5366582695675478E-003  -3.5340548289453716E-003  -3.5283255499369988E-003  -3.5176824034551663E-003  -3.5000464391197823E-003  -3.4731881521468462E-003  -3.4349320787739933E-003  -3.3834188440632308E-003  -3.3173955788524997E-003  -3.2364821661569109E-003  -3.1413471220558945E-003  -3.0337344716951566E-003  -2.9163157288619158E-003  -2.7923896387628756E-003  -2.6654964321697621E-003  -2.5390332546249101E-003  -2.4159462340901413E-003  -2.2985413383808601E-003  -2.1884181188206180E-003  -2.0865023504574279E-003  -1.9931412903521272E-003  -1.9082264812531674E-003  -1.8313177294629179E-003  -1.7617524346217510E-003  -1.6987334001322407E-003  -1.6413943566847080E-003  -1.5888458276612936E-003  -1.5402053677660153E-003  -1.4946163848965444E-003  -1.4512593105183555E-003  -1.4093582033158256E-003  -1.3681851668076342E-003  -1.3270643272094496E-003  -1.2853765768537511E-003  -1.2425658299882400E-003  -1.1981471380225327E-003  -1.1517166465311282E-003  -1.1029630300256655E-003  -1.0516797073828459E-003  -9.9777682877547915E-004  -9.4129175546098839E-004  -8.8239656024804514E-004  -8.2140100031189811E-004  -7.5874949804512703E-004  -6.9501094472510828E-004  -6.3086063208654696E-004  -5.6705430503075000E-004  -5.0439516393024789E-004  -4.4369553726039950E-004  -3.8573577198187893E-004  -3.3122351144495600E-004  -2.8075681856746908E-004  -2.3479446341659446E-004  -1.9363610107380586E-004  -1.5741407001967830E-004  -1.2609727501587946E-004  -9.9506272822325704E-005  -7.7337468217094973E-005  -5.9193444002078946E-005  -4.4616021114882555E-005  -3.3118712988582105E-005  -2.4215746964917448E-005  -1.7445643896000171E-005  -1.2388303024674957E-005  -8.6754607317195140E-006  -5.9951422474244338E-006  -4.0912256137214480E-006  -2.7594693845006832E-006  -1.8413532685760080E-006  -1.2169093270197611E-006  -7.9745585856921732E-007  -5.1885484334241117E-007  -3.3564692844565018E-007  -2.1620431732405170E-007  -1.3889143849628833E-007  -8.9132095128598826E-008  -5.7238445256446159E-008  -3.6847595156423546E-008  -2.3822689149935040E-008  -1.5496745758604476E-008  -1.0161920623075943E-008  -6.7300494800096045E-009  -4.5101177040140195E-009  -3.0640594536755135E-009  -2.1141965763419328E-009  -1.4842679817296123E-009  -1.0620692963570044E-009  -7.7587353080725273E-010  -5.7958098860961552E-010  -4.4337200429494715E-010  -3.4781825439517807E-010  -2.8016503789718498E-010  -2.3197680957161398E-010  -1.9764054238990675E-010  -1.7341104986721574E-010  -1.5680098517594386E-010  -1.4619238793467274E-010  -1.4059205079180795E-010
  -3.5351115959152734E-003  -3.5349417350959149E-003  -3.5340548289453716E-003  -3.5314611212176670E-003  -3.5257531764205257E-003  -3.5151493543060376E-003  -3.4975776754675343E-003  -3.4708152097485930E-003  -3.4326913403011738E-003  -3.3813483249030317E-003  -3.3155304726234175E-003  -3.2348499120021254E-003  -3.1399631607404348E-003  -3.0325998811742867E-003  -2.9154174467282469E-003  -2.7917031544216955E-003  -2.6649900612615868E-003  -2.5386727581689457E-003  -2.4156987112986857E-003  -2.2983778137090809E-003  -2.1883147644782279E-003  -2.0864406297038535E-003  -1.9931074275995101E-003  -1.9082106249411327E-003  -1.8313130634877311E-003  -1.7617543808160353E-003  -1.6987389691854309E-003  -1.6414016532509969E-003  -1.5888536902627706E-003  -1.5402131158146347E-003  -1.4946236457823575E-003  -1.4512659040489732E-003  -1.4093640659765040E-003  -1.3681903030201750E-003  -1.3270687785519341E-003  -1.2853804030378091E-003  -1.2425690974206948E-003  -1.1981499131879434E-003  -1.1517189923889030E-003  -1.1029650042548604E-003  -1.0516813617292957E-003  -9.9777820903105370E-004  -9.4129290178264469E-004  -8.8239750763852089E-004  -8.2140177915633931E-004  -7.5875013464377387E-004  -6.9501146179047689E-004  -6.3086104919104396E-004  -5.6705463900097648E-004  -5.0439542919018137E-004  -4.4369574612872231E-004  -3.8573593492999280E-004  -3.3122363732236931E-004  -2.8075691480069435E-004  -2.3479453618673968E-004  -1.9363615547690957E-004  -1.5741411021267995E-004  -1.2609730435007006E-004  -9.9506293965259869E-005  -7.7337483263327300E-005  -5.9193454572736075E-005  -4.4616028445957308E-005  -3.3118718007920613E-005  -2.4215750358079522E-005  -1.7445646161450457E-005  -1.2388304519040586E-005  -8.6754617060843696E-006  -5.9951428757851921E-006  -4.0912260148007312E-006  -2.7594696380993245E-006  -1.8413534275665528E-006  -1.2169094259581602E-006  -7.9745591975312522E-007  -5.1885488099059427E-007  -3.3564695152825313E-007  -2.1620433144617474E-007  -1.3889144713139763E-007  -8.9132100414274126E-008  -5.7238448500888748E-008  -3.6847597156995539E-008  -2.3822690391389879E-008  -1.5496746535341427E-008  -1.0161921113980495E-008  -6.7300497940015334E-009  -4.5101179076503369E-009  -3.0640595878337301E-009  -2.1141966662919804E-009  -1.4842680432169251E-009  -1.0620693392832271E-009  -7.7587356146465549E-010  -5.7958101104377737E-010  -4.4337202114071845E-010  -3.4781826739317958E-010  -2.8016504821561741E-010  -2.3197681800871556E-010  -1.9764054950280404E-010  -1.7341105605509050E-010  -1.5680099073473044E-010  -1.4619239309401473E-010  -1.4059205574106473E-010
  -3.5293736095941648E-003  -3.5292051489426196E-003  -3.5283255499369988E-003  -3.5257531764205257E-003  -3.5200919974694204E-003  -3.5095743835315673E-003  -3.4921436527019494E-003  -3.4655913227671360E-003  -3.4277574649385352E-003  -3.3767880084204869E-003  -3.3114211863727837E-003  -3.2312522269174774E-003  -3.1369113934847574E-003  -3.0300968278733930E-003  -2.9134347811028000E-003  -2.7901872670082861E-003  -2.6638714164307783E-003  -2.5378760554830649E-003  -2.4151514834939184E-003  -2.2980161657272092E-003  -2.1880861062716249E-003  -2.0863040213598191E-003  -1.9930324290207161E-003  -1.9081754586432957E-003  -1.8313026577146689E-003  -1.7617586101091422E-003  -1.6987512209639709E-003  -1.6414177341956971E-003  -1.5888710302418337E-003  -1.5402302084699634E-003  -1.4946396661012482E-003  -1.4512804527506645E-003  -1.4093770019671509E-003  -1.3682016355661491E-003  -1.3270785991830714E-003  -1.2853888434596989E-003  -1.2425763042048720E-003  -1.1981560331268068E-003  -1.1517241645196280E-003  -1.1029693559709616E-003  -1.0516850073310480E-003  -9.9778124967461138E-004  -9.4129542618126669E-004  -8.8239959312165603E-004  -8.2140349285296510E-004  -7.5875153465732080E-004  -6.9501259829571555E-004  -6.3086196542172664E-004  -5.6705537212003456E-004  -5.0439601104732066E-004  -4.4369620391706058E-004  -3.8573629175620765E-004  -3.3122391270511446E-004  -2.8075712511079918E-004  -2.3479469504058772E-004  -1.9363627409185562E-004  -1.5741419773080393E-004  -1.2609736813424551E-004  -9.9506339869609661E-005  -7.7337515878807061E-005  -5.9193477447808300E-005  -4.4616044282094668E-005  -3.3118728829874840E-005  -2.4215757659341622E-005  -1.7445651025957617E-005  -1.2388307720806946E-005  -8.6754637889497608E-006  -5.9951442158167663E-006  -4.0912268680259602E-006  -2.7594701762090442E-006  -1.8413537640400031E-006  -1.2169096347760348E-006  -7.9745604852881919E-007  -5.1885496000539190E-007  -3.3564699983350597E-007  -2.1620436091318599E-007  -1.3889146509593650E-007  -8.9132111377822235E-008  -5.7238455210359040E-008  -3.6847601281769621E-008  -2.3822692943388751E-008  -1.5496748127324757E-008  -1.0161922117195194E-008  -6.7300504338407671E-009  -4.5101183214523518E-009  -3.0640598597124225E-009  -2.1141968481036146E-009  -1.4842681671867875E-009  -1.0620694256243485E-009  -7.7587362299009157E-010  -5.7958105597199784E-010  -4.4337205481213347E-010  -3.4781829332807132E-010  -2.8016506877167777E-010  -2.3197683479377868E-010  -1.9764056363692535E-010  -1.7341106833934319E-010  -1.5680100176197812E-010  -1.4619240332361152E-010  -1.4059206555130830E-010
  -3.5187144138863267E-003  -3.5185485339872006E-003  -3.5176824034551663E-003  -3.5151493543060376E-003  -3.5095743835315673E-003  -3.4992157105012919E-003  -3.4820449131064135E-003  -3.4558802725066099E-003  -3.4185817915597921E-003  -3.3683025026608766E-003  -3.3037698375781507E-003  -3.2245482288295524E-003  -3.1312197185038235E-003  -3.0254242173957217E-003  -2.9097301523898006E-003  -2.7873522470154306E-003  -2.6617775395066565E-003  -2.5363836224627078E-003  -2.4141256461352326E-003  -2.2973377553057311E-003  -2.1876568665243549E-003  -2.0860473598115882E-003  -1.9928913389271920E-003  -1.9081091251040097E-003  -1.8312828174355746E-003  -1.7617662670669351E-003  -1.6987739651715000E-003  -1.6414476934592300E-003  -1.5889033779623561E-003  -1.5402621144937584E-003  -1.4946695792504097E-003  -1.4513076211627785E-003  -1.4094011586491789E-003  -1.3682227960043279E-003  -1.3270969335123968E-003  -1.2854045974470805E-003  -1.2425897517223700E-003  -1.1981674486418257E-003  -1.1517338081028937E-003  -1.1029774659775144E-003  -1.0516917976598815E-003  -9.9778690965478538E-004  -9.4130012187094840E-004  -8.8240346928032285E-004  -8.2140667514819083E-004  -7.5875413185735071E-004  -6.9501470431713661E-004  -6.3086366117377410E-004  -5.6705672713018790E-004  -5.0439708487735565E-004  -4.4369704739142916E-004  -3.8573694802983066E-004  -3.3122441819818048E-004  -2.8075751033572818E-004  -2.3479498534225264E-004  -1.9363649031735162E-004  -1.5741435684020819E-004  -1.2609748375944012E-004  -9.9506422824734717E-005  -7.7337574623447154E-005  -5.9193518502673347E-005  -4.4616072596623111E-005  -3.3118748101658655E-005  -2.4215770606276284E-005  -1.7445659613247865E-005  -1.2388313346163155E-005  -8.6754674302743887E-006  -5.9951465463013452E-006  -4.0912283438148558E-006  -2.7594711016717773E-006  -1.8413543393041258E-006  -1.2169099896031881E-006  -7.9745626596129584E-007  -5.1885509254760549E-007  -3.3564708031863771E-007  -2.1620440967282241E-007  -1.3889149461343176E-007  -8.9132129263241162E-008  -5.7238466076541519E-008  -3.6847607913054497E-008  -2.3822697015951470E-008  -1.5496750649124982E-008  -1.0161923694665511E-008  -6.7300514325976920E-009  -4.5101189627310154E-009  -3.0640602780782285E-009  -2.1141971259531490E-009  -1.4842683553828065E-009  -1.0620695558621356E-009  -7.7587371523391948E-010  -5.7958112294852893E-010  -4.4337210474219950E-010  -3.4781833159972310E-010  -2.8016509897373590E-010  -2.3197685936073573E-010  -1.9764058425609313E-010  -1.7341108621161208E-010  -1.5680101777200165E-010  -1.4619241815393622E-010  -1.4059207976210331E-010
  -3.5010522146599692E-003  -3.5008905533299847E-003  -3.5000464391197823E-003  -3.4975776754675343E-003  -3.4921436527019494E-003  -3.4820449131064135E-003  -3.4652994082075448E-003  -3.4397695424760477E-003  -3.4033485533228472E-003  -3.3542020363542054E-003  -3.2910409005537399E-003  -3.2133802628344244E-003  -3.1217238518631675E-003  -3.0176160466431619E-003  -2.9035294691036372E-003  -2.7825995848629924E-003  -2.6582621230362095E-003  -2.5338745485209771E-003  -2.4123988473858295E-003  -2.2961944225216423E-003  -2.1869325732748112E-003  -2.0856136305872808E-003  -1.9926523804444712E-003  -1.9079962607767660E-003  -1.8312484427542100E-003  -1.7617783621400288E-003  -1.6988115987348262E-003  -1.6414975805549941E-003  -1.5889573684836256E-003  -1.5403154257511039E-003  -1.4947195865664036E-003  -1.4513530490136834E-003  -1.4094415502710152E-003  -1.3682581719436067E-003  -1.3271275759259599E-003  -1.2854309167398209E-003  -1.2426122063056231E-003  -1.1981864984603023E-003  -1.1517498892804599E-003  -1.1029909784096685E-003  -1.0517031003334488E-003  -9.9779632040196322E-004  -9.4130791951085218E-004  -8.8240989690021123E-004  -8.2141194378472179E-004  -7.5875842415832674E-004  -6.9501817796341521E-004  -6.3086645196300186E-004  -5.6705895169666749E-004  -5.0439884306365099E-004  -4.4369842430864754E-004  -3.8573801585215168E-004  -3.3122523773780241E-004  -2.8075813244007126E-004  -2.3479545214816796E-004  -1.9363683638880616E-004  -1.5741461020763169E-004  -1.2609766687156587E-004  -9.9506553417948802E-005  -7.7337666509718641E-005  -5.9193582275138222E-005  -4.4616116251632108E-005  -3.3118777577178309E-005  -2.4215790238454458E-005  -1.7445672515197149E-005  -1.2388321715115344E-005  -8.6754727908965081E-006  -5.9951499389470405E-006  -4.0912304667853792E-006  -2.7594724162512057E-006  -1.8413551455630004E-006  -1.2169104799077251E-006  -7.9745656194677686E-007  -5.1885527014897147E-007  -3.3564718639018327E-007  -2.1620447282352473E-007  -1.3889153215185622E-007  -8.9132151579590287E-008  -5.7238479368393028E-008  -3.6847615859273308E-008  -2.3822701793148141E-008  -1.5496753542942750E-008  -1.0161925464452154E-008  -6.7300525275673357E-009  -4.5101196494875761E-009  -3.0640607156148362E-009  -2.1141974096964320E-009  -1.4842685430623723E-009  -1.0620696827309368E-009  -7.7587380305214974E-010  -5.7958118531119236E-010  -4.4337215025758968E-010  -3.4781836579979287E-010  -2.8016512547229735E-010  -2.3197688056277183E-010  -1.9764060179731446E-010  -1.7341110123478220E-010  -1.5680103110392888E-010  -1.4619243042194846E-010  -1.4059209147390379E-010
  -3.4741548267209735E-003  -3.4739994526813921E-003  -3.4731881521468462E-003  -3.4708152097485930E-003  -3.4655913227671360E-003  -3.4558802725066099E-003  -3.4397695424760477E-003  -3.4151881730504711E-003  -3.3800804652376819E-003  -3.3326329833204137E-003  -3.2715347106571295E-003  -3.1962297498201418E-003  -3.1071064295111477E-003  -3.0055660579587093E-003  -2.8939355225707816E-003  -2.7752275413208600E-003  -2.6527962688816633E-003  -2.5299648435361450E-003  -2.4097026929646827E-003  -2.2944058640258407E-003  -2.1857973071454191E-003  -2.0849321975722184E-003  -1.9922756312616939E-003  -1.9078170349788985E-003  -1.8311923395204189E-003  -1.7617952759768005E-003  -1.6988687434533222E-003  -1.6415741284737163E-003  -1.5890405300649476E-003  -1.5403976864487631E-003  -1.4947968142183269E-003  -1.4514232272489253E-003  -1.4095039476124695E-003  -1.3683128067370194E-003  -1.3271748782267114E-003  -1.2854715191909364E-003  -1.2426468182451255E-003  -1.1982158329417020E-003  -1.1517746231886668E-003  -1.1030117328694243E-003  -1.0517204332333645E-003  -9.9781072587569225E-004  -9.4131983116889513E-004  -8.8241969285771040E-004  -8.2141995232666272E-004  -7.5876492938520409E-004  -6.9502342507263824E-004  -6.3087065201248996E-004  -5.6706228581089092E-004  -5.0440146610695622E-004  -4.4370046808384740E-004  -3.8573959189542564E-004  -3.3122643978134372E-004  -2.8075903860655155E-004  -2.3479612692940341E-004  -1.9363733244758642E-004  -1.5741497002846606E-004  -1.2609792427458724E-004  -9.9506734941363998E-005  -7.7337792660534969E-005  -5.9193668645421394E-005  -4.4616174497871862E-005  -3.3118816262732892E-005  -2.4215815542633484E-005  -1.7445688816449679E-005  -1.2388332059283320E-005  -8.6754792580561440E-006  -5.9951539237596984E-006  -4.0912328875017580E-006  -2.7594738667426881E-006  -1.8413560032671970E-006  -1.2169109806803879E-006  -7.9745685078617527E-007  -5.1885543481482868E-007  -3.3564727921520110E-007  -2.1620452457907258E-007  -1.3889156069369853E-007  -8.9132167141378167E-008  -5.7238487747782820E-008  -3.6847620305353417E-008  -2.3822704108189149E-008  -1.5496754716869885E-008  -1.0161926035721707E-008  -6.7300527861177173E-009  -4.5101197497038872E-009  -3.0640607386135955E-009  -2.1141973973659236E-009  -1.4842685165104711E-009  -1.0620696521988079E-009  -7.7587377319417941E-010  -5.7958115797814598E-010  -4.4337212594483966E-010  -3.4781834438775174E-010  -2.8016510659527859E-010  -2.3197686378514853E-010  -1.9764058669141486E-010  -1.7341108740982450E-010  -1.5680101821139461E-010  -1.4619241815018661E-010  -1.4059207953829155E-010
  -3.4358448132824539E-003  -3.4356981123214161E-003  -3.4349320787739933E-003  -3.4326913403011738E-003  -3.4277574649385352E-003  -3.4185817915597921E-003  -3.4033485533228472E-003  -3.3800804652376819E-003  -3.3467953543459541E-003  -3.3017132765388903E-003  -3.2434985445981015E-003  -3.1715025727137983E-003  -3.0859575319563586E-003  -2.9880663551961834E-003  -2.8799491596201306E-003  -2.7644399154035269E-003  -2.6447695359570703E-003  -2.5242044736734307E-003  -2.4057182911196942E-003  -2.2917551415780769E-003  -2.1841098461071054E-003  -2.0839157759373513E-003  -1.9917107718705586E-003  -1.9075455270887336E-003  -1.8311040666655013E-003  -1.7618159404281552E-003  -1.6989496559562723E-003  -1.6416843174456000E-003  -1.5891609500847139E-003  -1.5405171267264791E-003  -1.4949090918924492E-003  -1.4515253072190980E-003  -1.4095947083315559E-003  -1.3683922450414884E-003  -1.3272436066463016E-003  -1.2855304548712553E-003  -1.2426969955281694E-003  -1.1982582945725938E-003  -1.1518103607083829E-003  -1.1030416571741518E-003  -1.0517453631536434E-003  -9.9783138711280841E-004  -9.4133686082563742E-004  -8.8243364666014553E-004  -8.2143131281638007E-004  -7.5877411410673582E-004  -6.9503079424492928E-004  -6.3087651545739839E-004  -5.6706690908079477E-004  -5.0440507584920895E-004  -4.4370325672837981E-004  -3.8574172177030020E-004  -3.3122804676043909E-004  -2.8076023538128891E-004  -2.3479700597784774E-004  -1.9363796875334521E-004  -1.5741542358166572E-004  -1.2609824237011790E-004  -9.9506954277036344E-005  -7.7337941230479592E-005  -5.9193767421842884E-005  -4.4616238896340692E-005  -3.3118857391282846E-005  -2.4215841241522187E-005  -1.7445704502118731E-005  -1.2388341391665101E-005  -8.6754846541961201E-006  -5.9951569424754892E-006  -4.0912345096004240E-006  -2.7594746935468563E-006  -1.8413563933840413E-006  -1.2169111416118807E-006  -7.9745689857727468E-007  -5.1885543179205566E-007  -3.3564725717236604E-007  -2.1620449859399382E-007  -1.3889153709874754E-007  -8.9132147959884402E-008  -5.7238473062956764E-008  -3.6847609461376290E-008  -2.3822696276940648E-008  -1.5496749135720178E-008  -1.0161922084772080E-008  -6.7300499938083305E-009  -4.5101177713224189E-009  -3.0640593284350946E-009  -2.1141963829912803E-009  -1.4842677781279334E-009  -1.0620691069361030E-009  -7.7587336378682375E-010  -5.7958084477426398E-010  -4.4337188135712255E-010  -3.4781814908248141E-010  -2.8016494688835635E-010  -2.3197672986507699E-010  -1.9764047140344325E-010  -1.7341098541818159E-010  -1.5680092541441956E-010  -1.4619233126273047E-010  -1.4059199578288134E-010
  -3.3842621405934781E-003  -3.3841266041433485E-003  -3.3834188440632308E-003  -3.3813483249030317E-003  -3.3767880084204869E-003  -3.3683025026608766E-003  -3.3542020363542054E-003  -3.3326329833204137E-003  -3.3017132765388903E-003  -3.2597142677640452E-003  -3.2052787113365845E-003  -3.1376487112096856E-003  -3.0568617707260057E-003  -2.9638646919512065E-003  -2.8605018947983987E-003  -2.7493603968954177E-003  -2.6334924534652717E-003  -2.5160734234673872E-003  -2.4000697139953744E-003  -2.2879818705343119E-003  -2.1816977191846968E-003  -2.0824557201668576E-003  -1.9908935664506647E-003  -1.9071471907557947E-003  -1.8309681417817828E-003  -1.7618365723788764E-003  -1.6990573241678249E-003  -1.6418347143839504E-003  -1.5893267749732950E-003  -1.5406822679804458E-003  -1.4950646274980537E-003  -1.4516668215954246E-003  -1.4097205293453010E-003  -1.3685023073695237E-003  -1.3273387327656463E-003  -1.2856119097846956E-003  -1.2427662181949209E-003  -1.1983167417165732E-003  -1.1518594209422219E-003  -1.1030826082653621E-003  -1.0517793550791892E-003  -9.9785943995552733E-004  -9.4135987070862771E-004  -8.8245239557196119E-004  -8.2144647986974462E-004  -7.5878628683874287E-004  -6.9504047923024345E-004  -6.3088414791226659E-004  -5.6707286137727729E-004  -5.0440966499509397E-004  -4.4370675093645710E-004  -3.8574434626517640E-004  -3.3122998896784072E-004  -2.8076164962471028E-004  -2.3479801777841029E-004  -1.9363867879696188E-004  -1.5741591138780534E-004  -1.2609856967207470E-004  -9.9507168106886221E-005  -7.7338076693617152E-005  -5.9193850145702046E-005  -4.4616287144016214E-005  -3.3118883841046334E-005  -2.4215854445137099E-005  -1.7445710046114563E-005  -1.2388342794589732E-005  -8.6754840383444613E-006  -5.9951555204623066E-006  -4.0912329248013028E-006  -2.7594732496704023E-006  -1.8413552032094463E-006  -1.2169102191339439E-006  -7.9745621316615660E-007  -5.1885493797743487E-007  -3.3564690954538474E-007  -2.1620425813907940E-007  -1.3889137294668108E-007  -8.9132036950321156E-008  -5.7238398455098428E-008  -3.6847559481553175E-008  -2.3822662813195370E-008  -1.5496726684451344E-008  -1.0161906954071245E-008  -6.7300397266144328E-009  -4.5101107405342216E-009  -3.0640544591544097E-009  -2.1141929651881265E-009  -1.4842653418549110E-009  -1.0620673399358773E-009  -7.7587205740313533E-010  -5.7957985855538177E-010  -4.4337111991190838E-010  -3.4781754692953947E-010  -2.8016445850626144E-010  -2.3197632312422447E-010  -1.9764012319725942E-010  -1.7341067872550565E-010  -1.5680064729222015E-010  -1.4619207143999614E-010  -1.4059174563789821E-010
  -3.3181551001133175E-003  -3.3180330326250148E-003  -3.3173955788524997E-003  -3.3155304726234175E-003  -3.3114211863727837E-003  -3.3037698375781507E-003  -3.2910409005537399E-003  -3.2715347106571295E-003  -3.2434985445981015E-003  -3.2052787113365845E-003  -3.1555086848071537E-003  -3.0933158619812096E-003  -3.0185150523531585E-003  -2.9317452413916908E-003  -2.8345048874652396E-003  -2.7290564669940017E-003  -2.6182030681496278E-003  -2.5049780504091683E-003  -2.3923157046550408E-003  -2.2827728856656617E-003  -2.1783487485101923E-003  -2.0804151787053977E-003  -1.9897406890248374E-003  -1.9065751047040178E-003  -1.8307613860530597E-003  -1.7618488063909274E-003  -1.6991921434520755E-003  -1.6420305136289131E-003  -1.5895454912787778E-003  -1.5409013609403090E-003  -1.4952715477695511E-003  -1.4518552924876647E-003  -1.4098881002691519E-003  -1.3686487749416975E-003  -1.3274651411710739E-003  -1.2857199310869520E-003  -1.2428577780141986E-003  -1.1983938009954970E-003  -1.1519238554077592E-003  -1.1031361478622225E-003  -1.0518235592844225E-003  -9.9789569377951165E-004  -9.4138939193869867E-004  -8.8247624750281521E-004  -8.2146558611107109E-004  -7.5880144626986712E-004  -6.9505238009368140E-004  -6.3089338060269952E-004  -5.6707992981786209E-004  -5.0441499668083423E-004  -4.4371070581681129E-004  -3.8574722466872284E-004  -3.3123203876300950E-004  -2.8076307277802390E-004  -2.3479897642702001E-004  -1.9363930090472741E-004  -1.5741629601088818E-004  -1.2609879182630301E-004  -9.9507283208064972E-005  -7.7338124534446947E-005  -5.9193858377787605E-005  -4.4616274247711747E-005  -3.3118861585628801E-005  -2.4215829862882986E-005  -1.7445686962604463E-005  -1.2388322971397091E-005  -8.6754679919009938E-006  -5.9951430823290484E-006  -4.0912236047826682E-006  -2.7594664557387046E-006  -1.8413503627552197E-006  -1.2169068361457447E-006  -7.9745388671085609E-007  -5.1885335949435715E-007  -3.3564585027177783E-007  -2.1620355342994722E-007  -1.3889090712680216E-007  -8.9131730342897340E-008  -5.7238197063917172E-008  -3.6847427193835059E-008  -2.3822575728494400E-008  -1.5496669110842814E-008  -1.0161868647529043E-008  -6.7300140232915656E-009  -4.5100933121048423E-009  -3.0640424931613816E-009  -2.1141846301371296E-009  -1.4842594404109561E-009  -1.0620630850350095E-009  -7.7586892803554192E-010  -5.7957750689906641E-010  -4.4336931144757602E-010  -3.4781612170440082E-010  -2.8016330595941632E-010  -2.3197536561947529E-010  -1.9763930515831648E-010  -1.7340995938309527E-010  -1.5679999576053425E-010  -1.4619146328830322E-010  -1.4059116041024894E-010
  -3.2371467477217315E-003  -3.2370399431274214E-003  -3.2364821661569109E-003  -3.2348499120021254E-003  -3.2312522269174774E-003  -3.2245482288295524E-003  -3.2133802628344244E-003  -3.1962297498201418E-003  -3.1715025727137983E-003  -3.1376487112096856E-003  -3.0933158619812096E-003  -3.0375281988933040E-003  -2.9698694212465550E-003  -2.8906362318861368E-003  -2.8009200336474647E-003  -2.7025787111161210E-003  -2.5980821163369833E-003  -2.4902505998129227E-003  -2.3819409863206839E-003  -2.2757507191874795E-003  -2.1737998720076793E-003  -2.0776197045089687E-003  -1.9881424706552639E-003  -1.9057646529759748E-003  -1.8304491371324569E-003  -1.7618370313498147E-003  -1.6993500366257349E-003  -1.6422741850439790E-003  -1.5898229221550611E-003  -1.5411816092192028E-003  -1.4955372692660653E-003  -1.4520976987129146E-003  -1.4101036345619666E-003  -1.3688369644791298E-003  -1.3276272354393155E-003  -1.2858580567369775E-003  -1.2429744273878475E-003  -1.1984915329950722E-003  -1.1520051293271113E-003  -1.1032032388901950E-003  -1.0518785229304739E-003  -9.9794035856659211E-004  -9.4142536752708349E-004  -8.8250494042221546E-004  -8.2148821846833109E-004  -7.5881907481194612E-004  -6.9506591426052246E-004  -6.3090359897325678E-004  -5.6708749480844701E-004  -5.0442046760851267E-004  -4.4371455056247484E-004  -3.8574983021030860E-004  -3.3123372083011403E-004  -2.8076408482693917E-004  -2.3479951806703545E-004  -1.9363952583607505E-004  -1.5741631947274786E-004  -1.2609869750764154E-004  -9.9507129549135154E-005  -7.7337950343356251E-005  -5.9193687702030210E-005  -4.4616120469752332E-005  -3.3118730747834832E-005  -2.4215723263486561E-005  -1.7445603095181685E-005  -1.2388258901757886E-005  -8.6754202767117248E-006  -5.9951083337603172E-006  -4.0911987970408038E-006  -2.7594490553528027E-006  -1.8413383479105290E-006  -1.2168986536951966E-006  -7.9744838054865388E-007  -5.1884969173049917E-007  -3.3564342740795288E-007  -2.1620196331361545E-007  -1.3888986837933237E-007  -8.9131053645462941E-008  -5.7237756592257892E-008  -3.6847140163766161E-008  -2.3822388108498394E-008  -1.5496545847072192E-008  -1.0161787090617037E-008  -6.7299595708665748E-009  -4.5100565534259167E-009  -3.0640173550997049E-009  -2.1141671816179436E-009  -1.4842471251608188E-009  -1.0620542306039015E-009  -7.7586243194159878E-010  -5.7957263586814399E-010  -4.4336557270633551E-010  -3.4781318015447211E-010  -2.8016093059344284E-010  -2.3197339461253496E-010  -1.9763762291920294E-010  -1.7340848128486003E-010  -1.5679865780604264E-010  -1.4619021493397410E-010  -1.4058995938725656E-010
  -3.1419105002699873E-003  -3.1418199642933601E-003  -3.1413471220558945E-003  -3.1399631607404348E-003  -3.1369113934847574E-003  -3.1312197185038235E-003  -3.1217238518631675E-003  -3.1071064295111477E-003  -3.0859575319563586E-003  -3.0568617707260057E-003  -3.0185150523531585E-003  -2.9698694212465550E-003  -2.9102959267104998E-003  -2.8397433615203718E-003  -2.7588579764846969E-003  -2.6690228134601712E-003  -2.5722837962820549E-003  -2.4711570499386598E-003  -2.3683502221015255E-003  -2.2664612307069700E-003  -2.1677235154916336E-003  -2.0738450668072797E-003  -1.9859531427037194E-003  -1.9046262194362352E-003  -1.8299799923359428E-003  -1.7617746807495208E-003  -1.6995198411914724E-003  -1.6425636076225407E-003  -1.5901618553418400E-003  -1.5415281194911701E-003  -1.4958676570602765E-003  -1.4523997697174524E-003  -1.4103722522950440E-003  -1.3690711709012939E-003  -1.3278284230132148E-003  -1.2860288318693044E-003  -1.2431179209882195E-003  -1.1986109957277113E-003  -1.1521037052215645E-003  -1.1032838485984674E-003  -1.0519438127574313E-003  -9.9799268760702715E-004  -9.4146681571735430E-004  -8.8253732703053793E-004  -8.2151312482171075E-004  -7.5883786775509548E-004  -6.9507976852537521E-004  -6.3091351766894838E-004  -5.6709432785217962E-004  -5.0442492825460465E-004  -4.4371723034403860E-004  -3.8575121264687031E-004  -3.3123419421710726E-004  -2.8076395434039648E-004  -2.3479901731360113E-004  -1.9363882787478613E-004  -1.5741554724707269E-004  -1.2609793356552147E-004  -9.9506424901395609E-005  -7.7337332317173828E-005  -5.9193166681260103E-005  -4.4615695468767447E-005  -3.3118393829029816E-005  -2.4215462869715746E-005  -1.7445406418185489E-005  -1.2388113440452775E-005  -8.6753147532516851E-006  -5.9950331320522548E-006  -4.0911460718280014E-006  -2.7594126351048809E-006  -1.8413135265642139E-006  -1.2168819388772700E-006  -7.9743724205346723E-007  -5.1884233512600733E-007  -3.3563860396950128E-007  -2.1619881851677003E-007  -1.3888782599187039E-007  -8.9129730004913934E-008  -5.7236898989412289E-008  -3.6846583615991802E-008  -2.3822025657785290E-008  -1.5496308509753471E-008  -1.0161630523900820E-008  -6.7298553162068090E-009  -4.5099863439570437E-009  -3.0639694445132237E-009  -2.1141339907523611E-009  -1.4842237394078853E-009  -1.0620374426675892E-009  -7.7585013232685816E-010  -5.7956342435040645E-010  -4.4335851000867691E-010  -3.4780762858103044E-010  -2.8015645117775113E-010  -2.3196968025788601E-010  -1.9763445453155243E-010  -1.7340569863682175E-010  -1.5679613984975509E-010  -1.4618786615103861E-010  -1.4058769995156368E-010
  -3.0341962418729343E-003  -3.0341220382139131E-003  -3.0337344716951566E-003  -3.0325998811742867E-003  -3.0300968278733930E-003  -3.0254242173957217E-003  -3.0176160466431619E-003  -3.0055660579587093E-003  -2.9880663551961834E-003  -2.9638646919512065E-003  -2.9317452413916908E-003  -2.8906362318861368E-003  -2.8397433615203718E-003  -2.7786989075906381E-003  -2.7077031010592206E-003  -2.6276207342975822E-003  -2.5399909296327469E-003  -2.4469212016441999E-003  -2.3508701527630883E-003  -2.2543634347463345E-003  -2.1597127209540684E-003  -2.0688024061093482E-003  -1.9829782464122949E-003  -1.9030354441582869E-003  -1.8292786685298839E-003  -1.7616191530787256E-003  -1.6996797301395601E-003  -1.6428895267533749E-003  -1.5905601923242108E-003  -1.5419425027676258E-003  -1.4962659181896260E-003  -1.4527650675734915E-003  -1.4106971849654237E-003  -1.3693539539800074E-003  -1.3280704585756592E-003  -1.2862331937976278E-003  -1.2432884335986112E-003  -1.1987516904522974E-003  -1.1522185143020157E-003  -1.1033764446246748E-003  -1.0520175358432571E-003  -9.9805052350161218E-004  -9.4151140204860764E-004  -8.8257097378738607E-004  -8.2153784085253236E-004  -7.5885538864039689E-004  -6.9509158341880123E-004  -6.3092089407113319E-004  -5.6709833409152879E-004  -5.0442645389167228E-004  -4.4371700491551585E-004  -3.8574982320284314E-004  -3.3123210203819125E-004  -2.8076151109277686E-004  -2.3479648074519409E-004  -1.9363637700434648E-004  -1.5741329687404051E-004  -1.2609594784858250E-004  -9.9504729726663957E-005  -7.7335926201999445E-005  -5.9192030028070943E-005  -4.4614798080065891E-005  -3.3117700701653711E-005  -2.4214938386334446E-005  -1.7445017132921702E-005  -1.2387829705335289E-005  -8.6751114508761031E-006  -5.9948897706874578E-006  -4.0910464692174793E-006  -2.7593443748860780E-006  -1.8412673247558805E-006  -1.2168510137938154E-006  -7.9741674355181194E-007  -5.1882886025032776E-007  -3.3562980596654594E-007  -2.1619310376313069E-007  -1.3888412692126937E-007  -8.9127339857305432E-008  -5.7235354540289782E-008  -3.6845583754527216E-008  -2.3821375916389424E-008  -1.5495883885442835E-008  -1.0161350903429860E-008  -6.7296694198529553E-009  -4.5098613338903035E-009  -3.0638842490405835E-009  -2.1140750391271119E-009  -1.4841822466307433E-009  -1.0620076842316109E-009  -7.7582834820248244E-010  -5.7954712175667780E-010  -4.4334601859780269E-010  -3.4779781542954741E-010  -2.8014853711418989E-010  -2.3196312062016645E-010  -1.9762886102301868E-010  -1.7340078747958760E-010  -1.5679169678664414E-010  -1.4618372220194598E-010  -1.4058371395635584E-010
