# Version 0.32
# Potential name = chengdu_MMWLY_600   
# L = 0
# S = 0
# J = 0
# Order = 1                   
# K_MAX = 1200 MeV
# For uncoupled channels, e.g., 3P0 (LSJ = 110)
# storage = D(1:N，1:N) (row, column)
# D(i,j)  = <pout(j),L|V|L,pin(i)>
# Normalization
# If V were so weak as to validate the Born approximation, the relation of V
# in 1S0 and the respective scattering length 'a' would have been
# <p|V|p> = 2/pi * a + ... for p->0, in unit of MeV^(-1)
# Momenta are in unit of MeV
# The value of pin and pout, where pin(1:N) = pout(1:N)
  0.17176393593524608       0.90482961624252312        2.2229191601248885        4.1250377775339757        6.6093628542049601        9.6734755763658313        13.314384907848989        17.528534541776253        22.311807446510670        27.659530244704911        33.566477918246392        40.026878974152282        47.034421112799578        54.582257410482157        62.663013017563799        71.268792368988898        80.391186901701303        90.021283272245228        100.14967206695951        110.76645699649430        121.86126456581133        133.42325421030273        145.44112888817568        157.90314611878756        170.79712945616615        184.11048038651882        197.83019063811543        211.94285489152242        226.43468387777534        241.29151785169273        256.49884042717133        272.04179276094351        287.90518807094219        304.07352647508543        320.53101013598518        337.26155869678109        354.24882499301907        371.47621102522203        388.92688417654699        406.58379365968250        424.42968717691679        442.44712777709788        460.61851089301558        478.92608154255839        497.35195167683804        515.87811765833158        534.48647785196329        553.15885031193807        571.87699054704501        590.62260934707410        609.37739065292590        628.12300945295499        646.84114968806193        665.51352214803671        684.12188234166842        702.64804832316190        721.07391845744155        739.38148910698442        757.55287222290212        775.57031282308321        793.41620634031756        811.07311582345301        828.52378897477797        845.75117500698093        862.73844130321891        879.46898986401482        895.92647352491463        912.09481192905787        927.95820723905649        943.50115957282867        958.70848214830721        973.56531612222466        988.05714510847758        1002.1698093618845        1015.8895196134812        1029.2028705438338        1042.0968538812124        1054.5588711118244        1066.5767457896973        1078.1387354341887        1089.2335430035057        1099.8503279330405        1109.9787167277548        1119.6088130982987        1128.7312076310111        1137.3369869824362        1145.4177425895177        1152.9655788872005        1159.9731210258478        1166.4335220817536        1172.3404697552951        1177.6881925534894        1182.4714654582237        1186.6856150921510        1190.3265244236341        1193.3906371457952        1195.8749622224659        1197.7770808398750        1199.0951703837575        1199.8282360640646     
# Matrix elements start here 
  -1.9095736103440378E-003  -1.9095633036985040E-003  -1.9095094640938408E-003  -1.9093517739359256E-003  -1.9090034861718925E-003  -1.9083518212923160E-003  -1.9072584612868163E-003  -1.9055601220632620E-003  -1.9030691828903069E-003  -1.8995743499457937E-003  -1.8948413313814821E-003  -1.8886135039903984E-003  -1.8806125572019832E-003  -1.8705391093836214E-003  -1.8580733049466630E-003  -1.8428754191484784E-003  -1.8245865212594076E-003  -1.8028292762712968E-003  -1.7772090006641611E-003  -1.7473151286731292E-003  -1.7127232912840847E-003  -1.6729982594634746E-003  -1.6276980536737802E-003  -1.5763795702182920E-003  -1.5186061166896068E-003  -1.4539572773767482E-003  -1.3820415365790985E-003  -1.3025120629306653E-003  -1.2150859885318981E-003  -1.1195673887142194E-003  -1.0158739666634015E-003  -9.0406715784033134E-004  -7.8438498157902352E-004  -6.5727647793793970E-004  -5.2343598511973865E-004  -3.8383486200689577E-004  -2.3974758968396985E-004  -9.2768570403874108E-005   5.5184513756025792E-005   2.0188508776520608E-004   3.4483385508825054E-004   4.8131995196961600E-004   6.0850875905441807E-004   7.2355579897695542E-004   8.2374325007166004E-004   9.0663226705908154E-004   9.7022088961493526E-004   1.0130943534657376E-003   1.0345526996691609E-003   1.0347003006160110E-003   1.0144837391521879E-003   9.7566855895075955E-004   9.2075151804167307E-004   8.5281244226143808E-004   7.7531751502063495E-004   6.9189255056332274E-004   6.0608920945274462E-004   5.2116828695062984E-004   4.3992177944908223E-004   3.6454976476046105E-004   2.9660023771893416E-004   2.3697138592653641E-004   1.8596793769293552E-004   1.4339747169116309E-004   1.0868971133640067E-004   8.1021938847883505E-005   5.9436251573648908E-005   4.2938541249096358E-005   3.0573769172674406E-005   2.1476423239892500E-005   1.4898355905239423E-005   1.0218247658896276E-005   6.9377635847648165E-006   4.6693269796158015E-006   3.1196712212140394E-006   2.0722866722525865E-006   1.3708174763770067E-006   9.0455007177975876E-007   5.9644619198200963E-007   3.9371490819989201E-007   2.6065717868718808E-007   1.7340200272981623E-007   1.1613502562672714E-007   7.8456400338792023E-008   5.3564680280495908E-008   3.7028349712311326E-008   2.5965850593538103E-008   1.8504179935634508E-008   1.3424472542776446E-008   9.9314875104416477E-009   7.5043603275209686E-009   5.8002367975301992E-009   4.5921227770116666E-009   3.7287907772521354E-009   3.1088801203847360E-009   2.6641321369274715E-009   2.3485185201430767E-009   2.1311913508090810E-009   1.9919349677077053E-009   1.9182683385793060E-009
  -1.9095633036985040E-003  -1.9095529970529705E-003  -1.9094991574483094E-003  -1.9093414672904162E-003  -1.9089931795265138E-003  -1.9083415146474848E-003  -1.9072481546437937E-003  -1.9055498154252563E-003  -1.9030588762645152E-003  -1.8995640433468585E-003  -1.8948310248369808E-003  -1.8886031975491062E-003  -1.8806022509457938E-003  -1.8705288034441239E-003  -1.8580629995275102E-003  -1.8428651145547643E-003  -1.8245762179353651E-003  -1.8028189748476632E-003  -1.7771987020165764E-003  -1.7473048339928848E-003  -1.7127130021624363E-003  -1.6729879779905511E-003  -1.6276877825528442E-003  -1.5763693128957030E-003  -1.5185958775003131E-003  -1.4539470617044162E-003  -1.3820313510290994E-003  -1.3025019155130228E-003  -1.2150758888499541E-003  -1.1195573481531918E-003  -1.0158639985712067E-003  -9.0405727769106068E-004  -7.8437520710739972E-004  -6.5726682923104309E-004  -5.2342648465050269E-004  -3.8382553459256332E-004  -2.3973846235218928E-004  -9.2759672149770938E-005   5.5193152336278613E-005   2.0189343497471345E-004   3.4484187876777776E-004   4.8132762026971160E-004   6.0851604132640836E-004   7.2356266675579974E-004   8.2374967811083347E-004   9.0663823436542201E-004   9.7022638042135395E-004   1.0130993580736258E-003   1.0345572150919314E-003   1.0347043309617313E-003   1.0144872956972860E-003   9.7567165987782025E-004   9.2075418784077904E-004   8.5281471082354935E-004   7.7531941647968538E-004   6.9189412196714122E-004   6.0609048935822819E-004   5.2116931404340547E-004   4.3992259128146913E-004   3.6455039668486811E-004   2.9660072206957465E-004   2.3697175147425055E-004   1.8596820937012682E-004   1.4339767056007976E-004   1.0868985475687218E-004   8.1022040791386285E-005   5.9436323029005432E-005   4.2938590669851031E-005   3.0573802925184843E-005   2.1476446022212730E-005   1.4898371117992435E-005   1.0218257719113360E-005   6.9377701812972247E-006   4.6693312739670742E-006   3.1196740006769200E-006   2.0722884634934160E-006   1.3708186276077129E-006   9.0455081088281105E-007   5.9644666680333166E-007   3.9371521398143818E-007   2.6065737644859306E-007   1.7340213141525076E-007   1.1613511003652537E-007   7.8456456257103574E-008   5.3564717763414903E-008   3.7028375183187051E-008   2.5965868172167679E-008   1.8504192279099076E-008   1.3424481376731194E-008   9.9314939649556348E-009   7.5043651497742627E-009   5.8002404869717784E-009   4.5921256716521104E-009   3.7287931090969949E-009   3.1088820513189142E-009   2.6641337821701644E-009   2.3485199637723893E-009   2.1311926562185006E-009   1.9919361848345762E-009   1.9182695091001275E-009
  -1.9095094640938408E-003  -1.9094991574483094E-003  -1.9094453178436681E-003  -1.9092876276859138E-003  -1.9089393399227476E-003  -1.9082876750466833E-003  -1.9071943150526097E-003  -1.9054959758605457E-003  -1.9030050367639952E-003  -1.8995102039871762E-003  -1.8947771857623866E-003  -1.8885493590146260E-003  -1.8805484133794918E-003  -1.8704749675337150E-003  -1.8580091663371974E-003  -1.8428112856787100E-003  -1.8245223956946102E-003  -1.8027651625375620E-003  -1.7771449042118552E-003  -1.7472510569172160E-003  -1.7126592541288695E-003  -1.6729342699181948E-003  -1.6276341285637256E-003  -1.5763157309936749E-003  -1.5185423903310556E-003  -1.4538936973919120E-003  -1.3819781440792705E-003  -1.3024489077693947E-003  -1.2150231304791869E-003  -1.1195048986300461E-003  -1.0158119276230931E-003  -9.0400566615198366E-004  -7.8432414762028956E-004  -6.5721642672687971E-004  -5.2337685652325281E-004  -3.8377681048211887E-004  -2.3969078344484272E-004  -9.2713189909167295E-005   5.5238278083328055E-005   2.0193703865185181E-004   3.4488379238389096E-004   4.8136767745234283E-004   6.0855408197609917E-004   7.2359854218028135E-004   8.2378325643097760E-004   9.0666940592097145E-004   9.7025506285203841E-004   1.0131255007196081E-003   1.0345808023553870E-003   1.0347253843054926E-003   1.0145058740297325E-003   9.7568785818308301E-004   9.2076813405136200E-004   8.5282656108429458E-004   7.7532934909911003E-004   6.9190233047465100E-004   6.0609717516565975E-004   5.2117467923454047E-004   4.3992683201953838E-004   3.6455369764098637E-004   2.9660325214832456E-004   2.3697366096591462E-004   1.8596962851391953E-004   1.4339870937853439E-004   1.0869060393211407E-004   8.1022573305770083E-005   5.9436696284406296E-005   4.2938848824649296E-005   3.0573979234975110E-005   2.1476565027928646E-005   1.4898450583234002E-005   1.0218310269543272E-005   6.9378046388280636E-006   4.6693537058410603E-006   3.1196885193997169E-006   2.0722978201581167E-006   1.3708246411312073E-006   9.0455467162865588E-007   5.9644914705648460E-007   3.9371681124528008E-007   2.6065840946336615E-007   1.7340280360827957E-007   1.1613555095379012E-007   7.8456748347944047E-008   5.3564913556322490E-008   3.7028508230805806E-008   2.5965959994420041E-008   1.8504256755341009E-008   1.3424527520976223E-008   9.9315276801504372E-009   7.5043903388317648E-009   5.8002597587739675E-009   4.5921407918032656E-009   3.7288052894814280E-009   3.1088921375443336E-009   2.6641423760850970E-009   2.3485275045593931E-009   2.1311994750137424E-009   1.9919425424858959E-009   1.9182756233047632E-009
  -1.9093517739359256E-003  -1.9093414672904162E-003  -1.9092876276859138E-003  -1.9091299375288049E-003  -1.9087816497683205E-003  -1.9081299849019217E-003  -1.9070366249376669E-003  -1.9053382858257018E-003  -1.9028473469209144E-003  -1.8993525145618597E-003  -1.8946194971791871E-003  -1.8883916720227292E-003  -1.8803907292353030E-003  -1.8703172882545637E-003  -1.8578514950435684E-003  -1.8426536270437634E-003  -1.8243647565209544E-003  -1.8026075524819776E-003  -1.7769873366787869E-003  -1.7470935501412172E-003  -1.7125018324645742E-003  -1.6727769653536069E-003  -1.6274769824683368E-003  -1.5761587961068656E-003  -1.5183857329880090E-003  -1.4537373999734876E-003  -1.3818223076585594E-003  -1.3022936549106352E-003  -1.2148686081241255E-003  -1.1193512809826089E-003  -1.0156594189156430E-003  -9.0385450314616118E-004  -7.8417460166376428E-004  -6.5706880515630233E-004  -5.2323150317624815E-004  -3.8363410506113047E-004  -2.3955113946788533E-004  -9.2577050992510932E-005   5.5370443831979964E-005   2.0206474628868955E-004   3.4500654989645641E-004   4.8148499757304187E-004   6.0866549581419177E-004   7.2370361425908567E-004   8.2388160052081433E-004   9.0676070087122970E-004   9.7033906747226754E-004   1.0132020666668057E-003   1.0346498839784246E-003   1.0347870444976108E-003   1.0145602853545382E-003   9.7573529886141417E-004   9.2080897880061343E-004   8.5286126724647246E-004   7.7535843892472249E-004   6.9192637078819045E-004   6.0611675587259376E-004   5.2119039220343069E-004   4.3993925177442203E-004   3.6456336504407845E-004   2.9661066188194508E-004   2.3697925319282866E-004   1.8597378467017815E-004   1.4340175168917177E-004   1.0869279797817598E-004   8.1024132829849878E-005   5.9437789397902304E-005   4.2939604852458270E-005   3.0574495570983442E-005   2.1476913543531942E-005   1.4898683301269811E-005   1.0218464165620407E-005   6.9379055487538114E-006   4.6694193980347953E-006   3.1197310376240335E-006   2.0723252211506223E-006   1.3708422516759208E-006   9.0456597774816549E-007   5.9645641040670571E-007   3.9372148877213279E-007   2.6066143459903014E-007   1.7340477208854809E-007   1.1613684215210601E-007   7.8457603715196441E-008   5.3565486920456813E-008   3.7028897849346006E-008   2.5966228887390403E-008   1.8504445567640487E-008   1.3424662649561513E-008   9.9316264113793062E-009   7.5044641020807261E-009   5.8003161939347202E-009   4.5921850692895021E-009   3.7288409581811277E-009   3.1089216737349461E-009   2.6641675422168541E-009   2.3485495867303161E-009   2.1312194429184528E-009   1.9919611599866675E-009   1.9182935279017106E-009
  -1.9090034861718925E-003  -1.9089931795265138E-003  -1.9089393399227476E-003  -1.9087816497683205E-003  -1.9084333620165363E-003  -1.9077816971766796E-003  -1.9066883372869982E-003  -1.9049899983654773E-003  -1.9024990599040730E-003  -1.8990042284955484E-003  -1.8942712130104980E-003  -1.8880433914182191E-003  -1.8800424549839882E-003  -1.8699690248284166E-003  -1.8575032493535250E-003  -1.8423054094326868E-003  -1.8240165820376446E-003  -1.8022594424819299E-003  -1.7766393207976901E-003  -1.7467456686857486E-003  -1.7121541392615316E-003  -1.6724295310922236E-003  -1.6271298985612078E-003  -1.5758121790815152E-003  -1.5180397294029644E-003  -1.4533921918289112E-003  -1.3814781182411673E-003  -1.3019507549749910E-003  -1.2145273222669132E-003  -1.1190119940129879E-003  -1.0153225819638646E-003  -9.0352063918574957E-004  -7.8384431005262172E-004  -6.5674276473357517E-004  -5.2291047339114694E-004  -3.8331892456572097E-004  -2.3924272158872516E-004  -9.2276375518084586E-005   5.5662343036997838E-005   2.0234679819335858E-004   3.4527766787802758E-004   4.8174410550982927E-004   6.0891155819399793E-004   7.2393566939026890E-004   8.2409879549972002E-004   9.0696232654647506E-004   9.7052459130745976E-004   1.0133711611985544E-003   1.0348024485529338E-003   1.0349232181900026E-003   1.0146804494490147E-003   9.7584006798135986E-004   9.2089918067061538E-004   8.5293791205026648E-004   7.7542268017452716E-004   6.9197946041287418E-004   6.0615999674906913E-004   5.2122509151827999E-004   4.3996667838506706E-004   3.6458471344531459E-004   2.9662702456388000E-004   2.3699160222719341E-004   1.8598296242317662E-004   1.4340846975581859E-004   1.0869764285481711E-004   8.1027576529622283E-005   5.9440203161083558E-005   4.2941274263861643E-005   3.0575635700599479E-005   2.1477683099591863E-005   1.4899197160688445E-005   1.0218803977141512E-005   6.9381283618654301E-006   4.6695644477811046E-006   3.1198249179806916E-006   2.0723857221249953E-006   1.3708811351799686E-006   9.0459094109341699E-007   5.9647244739769661E-007   3.9373181636164547E-007   2.6066811379844804E-007   1.7340911826746849E-007   1.1613969295097869E-007   7.8459492243322694E-008   5.3566752818406079E-008   3.7029758060866130E-008   2.5966822554093845E-008   1.8504862428644763E-008   1.3424960985871176E-008   9.9318443887818552E-009   7.5046269548593067E-009   5.8004407896963361E-009   4.5922828233919992E-009   3.7289197059061555E-009   3.1089868822178472E-009   2.6642231025870991E-009   2.3485983384187239E-009   2.1312635267970571E-009   1.9920022624899107E-009   1.9183330564816240E-009
  -1.9083518212923160E-003  -1.9083415146474848E-003  -1.9082876750466833E-003  -1.9081299849019217E-003  -1.9077816971766796E-003  -1.9071300324056870E-003  -1.9060366726877491E-003  -1.9043383341725856E-003  -1.9018473966141199E-003  -1.8983525670869389E-003  -1.8936195552916322E-003  -1.8873917405511018E-003  -1.8793908162388273E-003  -1.8693174066328699E-003  -1.8568516647077143E-003  -1.8416538777675110E-003  -1.8233651315988772E-003  -1.8016081133256109E-003  -1.7759881684828312E-003  -1.7460947687477266E-003  -1.7115035925429078E-003  -1.6717794699961739E-003  -1.6264804942750938E-003  -1.5751636497930654E-003  -1.5173923494975236E-003  -1.4527463020116696E-003  -1.3808341364715117E-003  -1.3013091880297234E-003  -1.2138887776639317E-003  -1.1183771919269724E-003  -1.0146923666514837E-003  -9.0289598931282526E-004  -7.8322634718484027E-004  -6.5613275912416698E-004  -5.2230984608555805E-004  -3.8272924476071219E-004  -2.3866569815136018E-004  -9.1713841611486008E-005   5.6208453135547180E-005   2.0287448073815200E-004   3.4578489002644254E-004   4.8222885414548754E-004   6.0937189626001525E-004   7.2436979802384090E-004   8.2450511944866462E-004   9.0733951957538712E-004   9.7087165766740631E-004   1.0136874888516329E-003   1.0350878498179947E-003   1.0351779538896088E-003   1.0149052335247217E-003   9.7603605087496538E-004   9.2106791143954897E-004   8.5308128102243926E-004   7.7554284572772477E-004   6.9207876494488505E-004   6.0624087787125840E-004   5.2128999480883262E-004   4.4001797763017724E-004   3.6462464324193327E-004   2.9665762862363451E-004   2.3701469894552737E-004   1.8600012752159143E-004   1.4342103430278836E-004   1.0870670388959506E-004   8.1034016930053968E-005   5.9444717298166904E-005   4.2944396285819468E-005   3.0577767858224211E-005   2.1479122222452593E-005   1.4900158096770059E-005   1.0219439426440424E-005   6.9385450165287344E-006   4.6698356824885764E-006   3.1200004659887950E-006   2.0724988518025669E-006   1.3709538415920898E-006   9.0463761814212585E-007   5.9650243328751958E-007   3.9375112655631117E-007   2.6068060217298963E-007   1.7341724438564577E-007   1.1614502306328244E-007   7.8463023162044308E-008   5.3569119597305098E-008   3.7031366331880916E-008   2.5967932474743166E-008   1.8505641784946476E-008   1.3425518745053018E-008   9.9322519081226656E-009   7.5049314135489766E-009   5.8006737238869250E-009   4.5924655753596381E-009   3.7290669244503121E-009   3.1091087885807397E-009   2.6643269714868898E-009   2.3486894783161728E-009   2.1313459401345060E-009   1.9920791021020915E-009   1.9184069536253333E-009
  -1.9072584612868163E-003  -1.9072481546437937E-003  -1.9071943150526097E-003  -1.9070366249376669E-003  -1.9066883372869982E-003  -1.9060366726877491E-003  -1.9049433133522459E-003  -1.9032449756652846E-003  -1.9007540398364370E-003  -1.8972592137667984E-003  -1.8925262085695235E-003  -1.8862984058603829E-003  -1.8782975025734654E-003  -1.8682241283094164E-003  -1.8557584437408172E-003  -1.8405607469890253E-003  -1.8222721386589476E-003  -1.8005153257191538E-003  -1.7748956797457036E-003  -1.7450027059623973E-003  -1.7104121252823248E-003  -1.6706888208150913E-003  -1.6253909508285029E-003  -1.5740755786192780E-003  -1.5163062114463936E-003  -1.4516626692236499E-003  -1.3797537107180027E-003  -1.3002328201069959E-003  -1.2128174873900911E-003  -1.1173121881235190E-003  -1.0136350662997755E-003  -9.0184803486593199E-004  -7.8218962079583355E-004  -6.5510939233699088E-004  -5.2130222334454183E-004  -3.8173999895644802E-004  -2.3769769636729980E-004  -9.0770159305395698E-005   5.7124571048085748E-005   2.0375967299744550E-004   3.4663574677711788E-004   4.8304199885765243E-004   6.1014408024132895E-004   7.2509800465375110E-004   8.2518667390647890E-004   9.0797219853778403E-004   9.7145379238874853E-004   1.0142180543997366E-003   1.0355665331973816E-003   1.0356051944796453E-003   1.0152822307492901E-003   9.7636473625315628E-004   9.2135088496954570E-004   8.5332171493231938E-004   7.7574436161147045E-004   6.9224529278496736E-004   6.0637650706852047E-004   5.2139882784747293E-004   4.4010399631943587E-004   3.6469159570542823E-004   2.9670894263327105E-004   2.3705342421834002E-004   1.8602890665257469E-004   1.4344209948778756E-004   1.0872189477978754E-004   8.1044813982821242E-005   5.9452284825361429E-005   4.2949629904609672E-005   3.0581342004682425E-005   2.1481534558782713E-005   1.4901768822162924E-005   1.0220504537823904E-005   6.9392433737200281E-006   4.6702902872886832E-006   3.1202946860170999E-006   2.0726884528154819E-006   1.3710756913938052E-006   9.0471584281753478E-007   5.9655268442248238E-007   3.9378348625358559E-007   2.6070152945919280E-007   1.7343086133097340E-007   1.1615395453167861E-007   7.8468939658133327E-008   5.3573085347331124E-008   3.7034061079647271E-008   2.5969792173192843E-008   1.8506947591531584E-008   1.3426453251385008E-008   9.9329346821486311E-009   7.5054415083907218E-009   5.8010639803911218E-009   4.5927717533004798E-009   3.7293135680600466E-009   3.1093130234226584E-009   2.6645009860950666E-009   2.3488421667161516E-009   2.1314840081122717E-009   1.9922078319352082E-009   1.9185307536991966E-009
  -1.9055601220632620E-003  -1.9055498154252563E-003  -1.9054959758605457E-003  -1.9053382858257018E-003  -1.9049899983654773E-003  -1.9043383341725856E-003  -1.9032449756652846E-003  -1.9015466396284212E-003  -1.8990557070193736E-003  -1.8955608870680383E-003  -1.8908278931314157E-003  -1.8846001104409740E-003  -1.8765992415198777E-003  -1.8665259242986196E-003  -1.8540603314730593E-003  -1.8388627780359032E-003  -1.8205743876809912E-003  -1.7988178982756315E-003  -1.7731987219206584E-003  -1.7433064160239616E-003  -1.7087167675750277E-003  -1.6689947420546606E-003  -1.6236985989225893E-003  -1.5723855240720934E-003  -1.5146191713165465E-003  -1.4499795334882314E-003  -1.3780755707479774E-003  -1.2985609987753626E-003  -1.2111535701123961E-003  -1.1156580538695263E-003  -1.0119929173180876E-003  -9.0022042353757770E-004  -7.8057947169220656E-004  -6.5352001722403588E-004  -5.1973732658027599E-004  -3.8020367051458089E-004  -2.3619438963749751E-004  -8.9304650929895608E-005   5.8547241679009644E-005   2.0513428629443439E-004   3.4795700821989208E-004   4.8430466625955346E-004   6.1134311054807274E-004   7.2622871581576559E-004   8.2624491525363727E-004   9.0895452107402313E-004   9.7235760877670079E-004   1.0150417774133077E-003   1.0363096813603601E-003   1.0362684546916224E-003   1.0158674700157736E-003   9.7687495810627918E-004   9.2179013051892327E-004   8.5369491327020556E-004   7.7605713892871773E-004   6.9250375340637875E-004   6.0658700212606138E-004   5.2156772809209444E-004   4.4023748450197837E-004   3.6479549120390958E-004   2.9678856700478858E-004   2.3711351172838187E-004   1.8607355926242360E-004   1.4347478187188176E-004   1.0874546213375424E-004   8.1061563869705758E-005   5.9464024056268159E-005   4.2957748235103381E-005   3.0586885912493513E-005   2.1485276186687885E-005   1.4904267000505377E-005   1.0222156409512642E-005   6.9403263986188953E-006   4.6709952637849091E-006   3.1207509255645915E-006   2.0729824490378595E-006   1.3712646239049270E-006   9.0483712774327999E-007   5.9663059395075006E-007   3.9383365477366332E-007   2.6073397256567157E-007   1.7345197056468053E-007   1.1616779974058752E-007   7.8478110849518074E-008   5.3579232467856313E-008   3.7038237944819860E-008   2.5972674621764646E-008   1.8508971474453761E-008   1.3427901613289758E-008   9.9339928656808827E-009   7.5062320504421114E-009   5.8016687850540473E-009   4.5932462473127045E-009   3.7296957934256355E-009   3.1096295230679038E-009   2.6647706506295708E-009   2.3490787804163637E-009   2.1316979636454036E-009   1.9924073156675925E-009   1.9187225975636613E-009
  -1.9030691828903069E-003  -1.9030588762645152E-003  -1.9030050367639952E-003  -1.9028473469209144E-003  -1.9024990599040730E-003  -1.9018473966141199E-003  -1.9007540398364370E-003  -1.8990557070193736E-003  -1.8965647803051422E-003  -1.8930699709714689E-003  -1.8883369957756239E-003  -1.8821092453712247E-003  -1.8741084306071029E-003  -1.8640352017677583E-003  -1.8515697493278747E-003  -1.8363724131764015E-003  -1.8180843510284545E-003  -1.7963283462317252E-003  -1.7707098704889297E-003  -1.7408185579117620E-003  -1.7062302925683790E-003  -1.6665101609141834E-003  -1.6212165709808982E-003  -1.5699068886169789E-003  -1.5121449827140026E-003  -1.4475110998287838E-003  -1.3756144955825765E-003  -1.2961092252377394E-003  -1.2087134263993112E-003  -1.1132322986678999E-003  -1.0095847833325269E-003  -8.9783365679432250E-004  -7.7821836379639124E-004  -6.5118942725878363E-004  -5.1744268890471811E-004  -3.7795098440478788E-004  -2.3399018659521617E-004  -8.7155935645759439E-005   6.0633080187257049E-005   2.0714959585760697E-004   3.4989402798599862E-004   4.8615571338386353E-004   6.1310079548207680E-004   7.2788617964277815E-004   8.2779607942591658E-004   9.1039433696065417E-004   9.7368229202093501E-004   1.0162490106496000E-003   1.0373987687606868E-003   1.0372404134060679E-003   1.0167250469738012E-003   9.7762256573645815E-004   9.2243370132888511E-004   8.5424168024166296E-004   7.7651535546858163E-004   6.9288237223403908E-004   6.0689533614597367E-004   5.2181511743637694E-004   4.4043299234830757E-004   3.6494764692984039E-004   2.9690516937251729E-004   2.3720149801256910E-004   1.8613893953419030E-004   1.4352263192778233E-004   1.0877996444493300E-004   8.1086083715813201E-005   5.9481207646981798E-005   4.2969630777997937E-005   3.0594999764637538E-005   2.1490751893825185E-005   1.4907922710589550E-005   1.0224573503501010E-005   6.9419110177118812E-006   4.6720266721651093E-006   3.1214183758842331E-006   2.0734125181555142E-006   1.3715409833108510E-006   9.0501452465130129E-007   5.9674454075340673E-007   3.9390702434038259E-007   2.6078141653321220E-007   1.7348283837396765E-007   1.1618804431038393E-007   7.8491520315360522E-008   5.3588219890634805E-008   3.7044344449770579E-008   2.5976888517444201E-008   1.8511930091425313E-008   1.3430018817912123E-008   9.9355396522735077E-009   7.5073875754666057E-009   5.8025527923369323E-009   4.5939397676003929E-009   3.7302544399211121E-009   3.1100920972471696E-009   2.6651647666114090E-009   2.3494245873066816E-009   2.1320106524439243E-009   1.9926988521095997E-009   1.9190029674493206E-009
  -1.8995743499457937E-003  -1.8995640433468585E-003  -1.8995102039871762E-003  -1.8993525145618597E-003  -1.8990042284955484E-003  -1.8983525670869389E-003  -1.8972592137667984E-003  -1.8955608870680383E-003  -1.8930699709714689E-003  -1.8895751798259322E-003  -1.8848422353780448E-003  -1.8786145361271221E-003  -1.8706138048597506E-003  -1.8605407094669975E-003  -1.8480754656566311E-003  -1.8328784485501582E-003  -1.8145908639093664E-003  -1.7928355592150354E-003  -1.7672180901218474E-003  -1.7373281986903842E-003  -1.7027419055222869E-003  -1.6630244671258199E-003  -1.6177345002916196E-003  -1.5664296236365786E-003  -1.5086740080674874E-003  -1.4440482563345442E-003  -1.3721620387511196E-003  -1.2926698871020452E-003  -1.2052904792311564E-003  -1.1098296185980015E-003  -1.0062069112816933E-003  -8.9448585345347758E-004  -7.7490665469406861E-004  -6.4792063327090486E-004  -5.1422443695815713E-004  -3.7479169268940559E-004  -2.3089901843493773E-004  -8.4142716409609311E-005   6.3557988000703496E-005   2.0997546283578841E-004   3.5260997467033493E-004   4.8875097226392457E-004   6.1556501301093759E-004   7.3020974906073477E-004   8.2997049084592442E-004   9.1241252704460656E-004   9.7553897220526635E-004   1.0179409508599740E-003   1.0389250134566924E-003   1.0386024090485793E-003   1.0179266647902794E-003   9.7867001080799670E-004   9.2333530797822773E-004   8.5500760353193880E-004   7.7715717812757823E-004   6.9341265420891102E-004   6.0732713911672547E-004   5.2216153818609588E-004   4.4070673665279938E-004   3.6516066994310089E-004   2.9706840024935546E-004   2.3732465700067540E-004   1.8623044638115723E-004   1.4358959643474009E-004   1.0882824424601528E-004   8.1120391278629623E-005   5.9505247995499469E-005   4.2986253069701776E-005   3.0606348914040013E-005   2.1498410174645327E-005   1.4913035029073069E-005   1.0227953335344769E-005   6.9441265712797276E-006   4.6734686027383820E-006   3.1223513929060583E-006   2.0740136455275683E-006   1.3719272265685938E-006   9.0526243348713239E-007   5.9690376469775043E-007   3.9400953842318056E-007   2.6084770089404002E-007   1.7352596044595438E-007   1.1621632353066370E-007   7.8510250274646820E-008   5.3600772340422368E-008   3.7052872614221528E-008   2.5982773129050633E-008   1.8516061476237530E-008   1.3432975089934266E-008   9.9376993275222920E-009   7.5090008779191232E-009   5.8037869556047965E-009   4.5949079524328130E-009   3.7310343069409302E-009   3.1107378277669565E-009   2.6657149184087484E-009   2.3499072934622905E-009   2.1324471224331224E-009   1.9931057917202470E-009   1.9193943177989379E-009
  -1.8948413313814821E-003  -1.8948310248369808E-003  -1.8947771857623866E-003  -1.8946194971791871E-003  -1.8942712130104980E-003  -1.8936195552916322E-003  -1.8925262085695235E-003  -1.8908278931314157E-003  -1.8883369957756239E-003  -1.8848422353780448E-003  -1.8801093408487130E-003  -1.8738817217551439E-003  -1.8658811175280938E-003  -1.8558082204115612E-003  -1.8433432808233829E-003  -1.8281467221626052E-003  -1.8098598158440055E-003  -1.7881054968039046E-003  -1.7624894350044837E-003  -1.7326015193174862E-003  -1.6980179558643690E-003  -1.6583042320551017E-003  -1.6130192479759885E-003  -1.5617209651010351E-003  -1.5039739638301021E-003  -1.4393593296989160E-003  -1.3674872949238303E-003  -1.2880130367912022E-003  -1.2006559647634446E-003  -1.1052226998652360E-003  -1.0016337480014503E-003  -8.8995357932303873E-004  -7.7042343807177710E-004  -6.4349571809566865E-004  -5.0986815680442461E-004  -3.7051545026797815E-004  -2.2671522263327656E-004  -8.0064669283468623E-005   6.7516260846766816E-005   2.1379944314859310E-004   3.5628494552093293E-004   4.9226237298384502E-004   6.1889884813625035E-004   7.3335303877014829E-004   8.3291174452013693E-004   9.1514221600460621E-004   9.7804997314363288E-004   1.0202289287703651E-003   1.0409887127594462E-003   1.0404438246847155E-003   1.0195510715524259E-003   9.8008583886776985E-004   9.2455386469513033E-004   8.5604265492562849E-004   7.7802441623807438E-004   6.9412908721467226E-004   6.0791044797393716E-004   5.2262944563440160E-004   4.4107643136948288E-004   3.6544832090424934E-004   2.9728878519739434E-004   2.3749091604971593E-004   1.8635395910285074E-004   1.4367996994670636E-004   1.0889339206974059E-004   8.1166678589599959E-005   5.9537678245154060E-005   4.3008673183108736E-005   3.0621654418192573E-005   2.1508736676024495E-005   1.4919927543996436E-005   1.0232509435155779E-005   6.9471127739000221E-006   4.6754118181127439E-006   3.1236085991956739E-006   2.0748235332650694E-006   1.3724475359470452E-006   9.0559634883605725E-007   5.9711820071282854E-007   3.9414758299027446E-007   2.6093694815380170E-007   1.7358401458362944E-007   1.1625439087321447E-007   7.8535460427530109E-008   5.3617665960102528E-008   3.7064349063062075E-008   2.5990691389245039E-008   1.8521620134617758E-008   1.3436952346045630E-008   9.9406046543151895E-009   7.5111710408031406E-009   5.8054470082230611E-009   4.5962101682951997E-009   3.7320831815223783E-009   3.1116062591401801E-009   2.6664547806183732E-009   2.3505564332619361E-009   2.1330340707812400E-009   1.9936530200716391E-009   1.9199205779971441E-009
  -1.8886135039903984E-003  -1.8886031975491062E-003  -1.8885493590146260E-003  -1.8883916720227292E-003  -1.8880433914182191E-003  -1.8873917405511018E-003  -1.8862984058603829E-003  -1.8846001104409740E-003  -1.8821092453712247E-003  -1.8786145361271221E-003  -1.8738817217551439E-003  -1.8676542271610019E-003  -1.8596538145103478E-003  -1.8495812089806191E-003  -1.8371167076013210E-003  -1.8219207982798032E-003  -1.8036348398396626E-003  -1.7818818833439047E-003  -1.7562677502338951E-003  -1.7263825236382188E-003  -1.6918026548634463E-003  -1.6520939361964362E-003  -1.6068156414975182E-003  -1.5555261843168565E-003  -1.4977906847095253E-003  -1.4331908641657622E-003  -1.3613376947744337E-003  -1.2818872034547147E-003  -1.1945597623137304E-003  -1.0991630677380641E-003  -9.9561880878426805E-004  -8.8399273579536203E-004  -7.6452745243379863E-004  -6.3767676511245082E-004  -5.0413984152907171E-004  -3.6489278024294872E-004  -2.2121452419352166E-004  -7.4703438014664652E-005   7.2719584080532806E-005   2.1882577669172284E-004   3.6111495421664998E-004   4.9687693541836607E-004   6.2327959461125262E-004   7.3748294347295951E-004   8.3677574766958867E-004   9.1872784444976038E-004   9.8134792195098651E-004   1.0232335628145729E-003   1.0436984472379889E-003   1.0428613475656908E-003   1.0216833795461729E-003   9.8194407128179189E-004   9.2615293548222789E-004   8.5740070070232182E-004   7.7916209489693245E-004   6.9506877569144182E-004   6.0867539672185647E-004   5.2324295002079135E-004   4.4156107611619569E-004   3.6582534349110862E-004   2.9757758945311396E-004   2.3770875024033226E-004   1.8651575617293701E-004   1.4379833338732469E-004   1.0897870074437545E-004   8.1227278453292610E-005   5.9580128090386797E-005   4.3038014501120692E-005   3.0641680937920247E-005   2.1522245803016482E-005   1.4928942599406206E-005   1.0238467443010105E-005   6.9510170901966014E-006   4.6779520036446306E-006   3.1252517253199299E-006   2.0758818368998997E-006   1.3731273179419933E-006   9.0603253163089337E-007   5.9739826375457521E-007   3.9432784544023937E-007   2.6105347093408142E-007   1.7365979926191510E-007   1.1630407704384089E-007   7.8568360418997845E-008   5.3639709590308536E-008   3.7079322135734317E-008   2.6001020887468330E-008   1.8528870646526344E-008   1.3442139567383516E-008   9.9443934586102836E-009   7.5140008621262938E-009   5.8076114787507095E-009   4.5979079415093836E-009   3.7334505669565672E-009   3.1127383400825714E-009   2.6674192120723106E-009   2.3514025714938440E-009   2.1337991203712904E-009   1.9943662819395321E-009   1.9206065016404416E-009
  -1.8806125572019832E-003  -1.8806022509457938E-003  -1.8805484133794918E-003  -1.8803907292353030E-003  -1.8800424549839882E-003  -1.8793908162388273E-003  -1.8782975025734654E-003  -1.8765992415198777E-003  -1.8741084306071029E-003  -1.8706138048597506E-003  -1.8658811175280938E-003  -1.8596538145103478E-003  -1.8516536885665126E-003  -1.8415815086622351E-003  -1.8291176332709711E-003  -1.8139226348094868E-003  -1.7956379860935626E-003  -1.7738868891215428E-003  -1.7482753617210748E-003  -1.7183937383780049E-003  -1.6838187871749209E-003  -1.6441166938232347E-003  -1.5988472140471507E-003  -1.5475693437392267E-003  -1.4898488976405509E-003  -1.4252684154098933E-003  -1.3534398204985412E-003  -1.2740202317978238E-003  -1.1867312580704846E-003  -1.0913819765466103E-003  -9.8789559485519866E-004  -8.7633950569382423E-004  -7.5695805583867728E-004  -6.3020686192955043E-004  -4.9678692337892642E-004  -3.5767613337550045E-004  -2.1415512054410242E-004  -6.7823741685755839E-005   7.9395905859687291E-005   2.2527424584364679E-004   3.6731078015789361E-004   5.0279561568140701E-004   6.2889760577211173E-004   7.4277850104016068E-004   8.4172960373852623E-004   9.2332408259349161E-004   9.8557470124673290E-004   1.0270837584552184E-003   1.0471701351336760E-003   1.0459580856656157E-003   1.0244142496913674E-003   9.8432346183224026E-004   9.2820006544558202E-004   8.5913890848338711E-004   7.8061793634313329E-004   6.9627099389818817E-004   6.0965383748177104E-004   5.2402750009408728E-004   4.4218069613599870E-004   3.6630725414439261E-004   2.9794665068099378E-004   2.3798705150043038E-004   1.8672241447887993E-004   1.4394947771588786E-004   1.0908760847301056E-004   8.1304622653090362E-005   5.9634293543830951E-005   4.3075444157560100E-005   3.0667221570710330E-005   2.1539470183903542E-005   1.4940434062999376E-005   1.0246060196429655E-005   6.9559914294295390E-006   4.6811875614230373E-006   3.1273441474581096E-006   2.0772292010289386E-006   1.3739925696711317E-006   9.0658759369432426E-007   5.9775457646576192E-007   3.9455713581036456E-007   2.6120165420404484E-007   1.7375615565088356E-007   1.1636723798555976E-007   7.8610174853539096E-008   5.3667720972815240E-008   3.7098345492496567E-008   2.6014142410183146E-008   1.8538079523073486E-008   1.3448726907374771E-008   9.9492042807572454E-009   7.5175935760146022E-009   5.8103591614775966E-009   4.6000629590011528E-009   3.7351860618006271E-009   3.1141750737110216E-009   2.6686431003473738E-009   2.3524762856129880E-009   2.1347698968315806E-009   1.9952713190251316E-009   1.9214768363524001E-009
  -1.8705391093836214E-003  -1.8705288034441239E-003  -1.8704749675337150E-003  -1.8703172882545637E-003  -1.8699690248284166E-003  -1.8693174066328699E-003  -1.8682241283094164E-003  -1.8665259242986196E-003  -1.8640352017677583E-003  -1.8605407094669975E-003  -1.8558082204115612E-003  -1.8495812089806191E-003  -1.8415815086622351E-003  -1.8315099459076838E-003  -1.8190469590377164E-003  -1.8038532294736246E-003  -1.7855703762546459E-003  -1.7638217941933325E-003  -1.7382137512087139E-003  -1.7083369011107537E-003  -1.6737684136557090E-003  -1.6340749726710328E-003  -1.5888169432278880E-003  -1.5375540568851706E-003  -1.4798530052237270E-003  -1.4152973598376656E-003  -1.3435002433143405E-003  -1.2641201500755905E-003  -1.1768802457730128E-003  -1.0815913450736160E-003  -9.7817856525444667E-004  -8.6671136309451760E-004  -7.4743627467527968E-004  -6.2081118858899596E-004  -4.8753940121340857E-004  -3.4860105382520279E-004  -2.0527888371458299E-004  -5.9174610471272870E-005   8.7788171759839960E-005   2.3337888557085451E-004   3.7509666037643724E-004   5.1023198733663225E-004   6.3595497365502877E-004   7.4942957911413341E-004   8.4795031682773189E-004   9.2909456335586488E-004   9.9088022191907922E-004   1.0319155313716275E-003   1.0515259160858821E-003   1.0498425209933644E-003   1.0278389220307238E-003   9.8730661018424587E-004   9.3076598100514567E-004   8.6131703578351169E-004   7.8244173627088826E-004   6.9777664734964155E-004   6.1087888259195636E-004   5.2500949992139671E-004   4.4295602676112624E-004   3.6691008645348149E-004   2.9840817528121945E-004   2.3833496894037155E-004   1.8698068620351605E-004   1.4413831051694547E-004   1.0922362908240456E-004   8.1401190669103067E-005   5.9701899794641502E-005   4.3122146520915963E-005   3.0699079176511876E-005   2.1560947685686873E-005   1.4954758403608124E-005   1.0255521664404144E-005   6.9621880605403311E-006   4.6852168818362962E-006   3.1299490773580848E-006   2.0789060648720840E-006   1.3750690935862220E-006   9.0727798250825264E-007   5.9819763124040662E-007   3.9484216480320373E-007   2.6138580899591172E-007   1.7387587071293341E-007   1.1644569023357152E-007   7.8662099782199294E-008   5.3702497142561564E-008   3.7121957710174740E-008   2.6030425673132503E-008   1.8549505065199814E-008   1.3456898351755968E-008   9.9551709569608055E-009   7.5220487662736396E-009   5.8137659633733042E-009   4.6027345757708199E-009   3.7373373386208244E-009   3.1159558342217143E-009   2.6701599206127389E-009   2.3538068962815142E-009   2.1359728772140954E-009   1.9963927942916643E-009   1.9225552881297574E-009
