# Version 0.32
# Potential name = chengdu_MMWLY_400   
# L = 2
# S = 0
# J = 2
# Order = 1                   
# K_MAX = 0800 MeV
# For uncoupled channels, e.g., 3P0 (LSJ = 110)
# storage = D(1:N，1:N) (row, column)
# D(i,j)  = <pout(j),L|V|L,pin(i)>
# Normalization
# If V were so weak as to validate the Born approximation, the relation of V
# in 1S0 and the respective scattering length 'a' would have been
# <p|V|p> = 2/pi * a + ... for p->0, in unit of MeV^(-1)
# Momenta are in unit of MeV
# The value of pin and pout, where pin(1:N) = pout(1:N)
  0.11450929062345949       0.60321974416166313        1.4819461067499446        2.7500251850226505        4.4062419028032878        6.4489837175771640        8.8762566052326974        11.685689694517464        14.874538297673780        18.439686829803293        22.377651945497576        26.684585982768169        31.356280741866385        36.388171606988124        41.775342011709199        47.512528245992655        53.594124601134183        60.014188848163485        66.766448044639674        73.844304664329513        81.240843043874179        88.948836140201820        96.960752592117160        105.26876407919173        113.86475297077743        122.74032025767923        131.88679375874364        141.29523659434830        150.95645591851689        160.86101190112851        170.99922695144753        181.36119517396233        191.93679204729480        202.71568431672361        213.68734009065676        224.84103913118742        236.16588332867937        247.65080735014803        259.28458945103131        271.05586243978837        282.95312478461119        294.96475185139860        307.07900726201041        319.28405436170561        331.56796778455868        343.91874510555442        356.32431856797552        368.77256687462534        381.25132703136336        393.74840623138277        406.25159376861723        418.74867296863664        431.22743312537466        443.67568143202448        456.08125489444558        468.43203221544132        480.71594563829439        492.92099273798959        505.03524814860140        517.04687521538881        528.94413756021163        540.71541054896875        552.34919264985194        563.83411667132066        575.15896086881253        586.31265990934321        597.28431568327642        608.06320795270517        618.63880482603770        629.00077304855245        639.13898809887155        649.04354408148311        658.70476340565165        668.11320624125642        677.25967974232071        686.13524702922257        694.73123592080833        703.03924740788284        711.05116385979818        718.75915695612582        726.15569533567054        733.23355195536033        739.98581115183651        746.40587539886587        752.48747175400740        758.22465798829080        763.61182839301182        768.64371925813361        773.31541401723189        777.62234805450248        781.56031317019665        785.12546170232622        788.31431030548254        791.12374339476730        793.55101628242278        795.59375809719677        797.24997481497735        798.51805389325000        799.39678025583839        799.88549070937654     
# Matrix elements start here 
  -5.8607720337582085E-016  -1.6262993075400965E-014  -9.8127075243822224E-014  -3.3762167974415409E-013  -8.6513395243073630E-013  -1.8467776092653269E-012  -3.4782017318319000E-012  -5.9741160925456682E-012  -9.5523647640571948E-012  -1.4411933903499297E-011  -2.0705352934511634E-011  -2.8507538400918446E-011  -3.7785032997365354E-011  -4.8371343025909549E-011  -5.9954982313878056E-011  -7.2086162205890697E-011  -8.4205396266372414E-011  -9.5692846133895063E-011  -1.0593207285814605E-010  -1.1437761224085326E-010  -1.2061407084526758E-010  -1.2439604375269807E-010  -1.2566266715946789E-010  -1.2452651063844229E-010  -1.2124186655037032E-010  -1.1616079862676363E-010  -1.0968601258374098E-010  -1.0222811303798616E-010  -9.4172081229833828E-011  -8.5854890426613307E-011  -7.7553822913341725E-011  -6.9483577366439750E-011  -6.1799659086303423E-011  -5.4605584803892269E-011  -4.7961855895504367E-011  -4.1895204855630064E-011  -3.6407171235918265E-011  -3.1481496160955817E-011  -2.7090153980289325E-011  -2.3198044775377732E-011  -1.9766485303489252E-011  -1.6755691737962995E-011  -1.4126453217099563E-011  -1.1841186082913214E-011  -9.8645301489424074E-012  -8.1636234250409255E-012  -6.7081610281584536E-012  -5.4703218209472390E-012  -4.4246237168803292E-012  -3.5477526895908881E-012  -2.8183926195186517E-012  -2.2170761739924495E-012  -1.7260630313139919E-012  -1.3292467237974064E-012  -1.0120859788592720E-012  -7.6155257124024136E-013  -5.6608605608721062E-013  -4.1554662762130053E-013  -3.0115866227196138E-013  -2.1543929227065304E-013  -1.5211065120664910E-013  -1.0599587298752461E-013  -7.2902676506429587E-014  -4.9499094110177649E-014  -3.3187146275970194E-014  -2.1980034034165324E-014  -1.4387596378987399E-014  -9.3135383222522000E-015  -5.9665456716808818E-015  -3.7859816635563669E-015  -2.3817518739862334E-015  -1.4871029960277557E-015  -9.2262168993431361E-016  -5.6951028633696739E-016  -3.5024778414933276E-016  -2.1492471145120616E-016  -1.3179922151717201E-016  -8.0903462430324549E-017  -4.9795608013672435E-017  -3.0785870196852111E-017  -1.9152947877786643E-017  -1.2012852584270737E-017  -7.6101897685806878E-018  -4.8786586377866076E-018  -3.1708556224287184E-018  -2.0933013152789764E-018  -1.4062469307218819E-018  -9.6303471401772449E-019  -6.7347886259918797E-019  -4.8175738423437015E-019  -3.5305294533811293E-019  -2.6546132752890584E-019  -2.0507335176500327E-019  -1.6297050333334733E-019  -1.3337983347400996E-019  -1.1253375502804287E-019  -9.7961180244952619E-020  -8.8044954632740528E-020  -8.1745908854593706E-020  -7.8432057313835501E-020
  -1.6262993075400965E-014  -4.5128004091710027E-013  -2.7229176594111744E-012  -9.3686279993957739E-012  -2.4006511583641937E-011  -5.1246045792157348E-011  -9.6516291492276926E-011  -1.6577524199018519E-010  -2.6506789721494905E-010  -3.9991602137950860E-010  -5.7455232326251742E-010  -7.9105591742451989E-010  -1.0484987377599991E-009  -1.3422611498782637E-009  -1.6637001282496648E-009  -2.0003348142554919E-009  -2.3366401736940178E-009  -2.6554162174004117E-009  -2.9395569865813392E-009  -3.1739257266553620E-009  -3.3469948121373325E-009  -3.4519535565572730E-009  -3.4871121682370208E-009  -3.4555936481966809E-009  -3.3644539287112938E-009  -3.2234622827668614E-009  -3.0437935110326159E-009  -2.8368418021398873E-009  -2.6132904379304595E-009  -2.3824905938146510E-009  -2.1521370612862556E-009  -1.9281879606075763E-009  -1.7149587813375382E-009  -1.5153223146306105E-009  -1.3309576241417403E-009  -1.1626066784985982E-009  -1.0103122933907065E-009  -8.7362335283311930E-010  -7.5176219914761155E-010  -6.4375483895223620E-010  -5.4852783668828167E-010  -4.6497719644962239E-010  -3.9201482180058994E-010  -3.2859776212291927E-010  -2.7374477177133168E-010  -2.2654392279282936E-010  -1.8615424646220741E-010  -1.5180369672873585E-010  -1.2278514242705833E-010  -9.8451605205832634E-011  -7.8211558726686984E-011  -6.1524777061955333E-011  -4.7898957198945432E-011  -3.6887138747176147E-011  -2.8085796961029606E-011  -2.1133391674044961E-011  -1.5709115073993441E-011  -1.1531584693702150E-011  -8.3572718534243301E-012  -5.9785251043961660E-012  -4.2211297691495200E-012  -2.9414263013526425E-012  -2.0230770862855254E-012  -1.3736185319313750E-012  -9.2095568212572605E-013  -6.0995406571062336E-013  -3.9926103131623044E-013  -2.5845401620753773E-013  -1.6557375014380517E-013  -1.0506231172010204E-013  -6.6094432004552431E-014  -4.1267608840909505E-014  -2.5603056525983887E-014  -1.5804095460327043E-014  -9.7194881057693950E-015  -5.9642279310625292E-015  -3.6574691555909854E-015  -2.2450959027826880E-015  -1.3818429475931288E-015  -8.5431685138032004E-016  -5.3149973015937506E-016  -3.3335999031400466E-016  -2.1118483233282455E-016  -1.3538408582449069E-016  -8.7992081794096825E-017  -5.8089666411608470E-017  -3.9023712890875106E-017  -2.6724451943771469E-017  -1.8689203391862200E-017  -1.3368885504017918E-017  -9.7973037638153722E-018  -7.3666146974815427E-018  -5.6908334025109512E-018  -4.5224688241770384E-018  -3.7013206430655016E-018  -3.1228370892065437E-018  -2.7184442760892545E-018  -2.4432667632535692E-018  -2.2684667021360032E-018  -2.1765069966102639E-018
  -9.8127075243822224E-014  -2.7229176594111744E-012  -1.6429445906714863E-011  -5.6528111749923539E-011  -1.4484973581515220E-010  -3.0920700358427842E-010  -5.8235808302189289E-010  -1.0002532073376437E-009  -1.5993686376193458E-009  -2.4130251441109029E-009  -3.4667677619295059E-009  -4.7731496933284125E-009  -6.3265818205917267E-009  -8.0992023858273126E-009  -1.0038873078172954E-008  -1.2070296106153236E-008  -1.4099800085986390E-008  -1.6023599184675675E-008  -1.7738465627352996E-008  -1.9153044795977170E-008  -2.0197752835623288E-008  -2.0831465001098204E-008  -2.1043957519406820E-008  -2.0854052378681461E-008  -2.0304310780991509E-008  -1.9453674970613769E-008  -1.8369576184965872E-008  -1.7120775706477064E-008  -1.5771749225767123E-008  -1.4378936319425149E-008  -1.2988781959534984E-008  -1.1637250786682838E-008  -1.0350393822992309E-008  -9.1455545758109558E-009  -8.0328713581659380E-009  -7.0168260368227945E-009  -6.0976800985264034E-009  -5.2727132959211318E-009  -4.5372340077208746E-009  -3.8853651841771230E-009  -3.3106292275828656E-009  -2.8063638133530800E-009  -2.3660023570854441E-009  -1.9832505848023665E-009  -1.6521865190638953E-009  -1.3673064550582564E-009  -1.1235348939811711E-009  -9.1621227073455640E-010  -7.4107077696316258E-010  -5.9420563058049543E-010  -4.7204671165796863E-010  -3.7133351041761286E-010  -2.8909474659300322E-010  -2.2263279943594399E-010  -1.6951219897102518E-010  -1.2755087108353064E-010  -9.4812579742140425E-011  -6.9599039403827512E-011  -5.0440430970222686E-011  -3.6083471932550246E-011  -2.5476687868418302E-011  -1.7753019561897701E-011  -1.2210309937084924E-011  -8.2904936887367375E-012  -5.5584406903312921E-012  -3.6813861057047473E-012  -2.4097453698151322E-012  -1.5599026877981964E-012  -9.9932257158585372E-013  -6.3410496930653325E-013  -3.9891380787239203E-013  -2.4907118681703689E-013  -1.5452757521033691E-013  -9.5385818240733659E-014  -5.8662092300189028E-014  -3.5997171636738416E-014  -2.2074699992433404E-014  -1.3550303570030229E-014  -8.3401297156105043E-015  -5.1562395246640814E-015  -3.2078728998833930E-015  -2.0119981220151194E-015  -1.2746085036523801E-015  -8.1711220324172408E-016  -5.3107721329065315E-016  -3.5060083711963781E-016  -2.3552805593789321E-016  -1.6129572694830981E-016  -1.1279889352618752E-016  -8.0688054995901427E-017  -5.9131733710409704E-017  -4.4461283134849904E-017  -3.4347086651965918E-017  -2.7295409215138162E-017  -2.2339360505644998E-017  -1.8847916672705332E-017  -1.6407199429220456E-017  -1.4746362483937249E-017  -1.3691354861332045E-017  -1.3136331095678171E-017
  -3.3762167974415409E-013  -9.3686279993957739E-012  -5.6528111749923539E-011  -1.9449402400937430E-010  -4.9837928054025191E-010  -1.0638796565449073E-009  -2.0037097467223285E-009  -3.4415731065447600E-009  -5.5029937527479827E-009  -8.3026547579573401E-009  -1.1928506929513748E-008  -1.6423825288969193E-008  -2.1769486534387184E-008  -2.7869749099935641E-008  -3.4545340543391023E-008  -4.1537275409202009E-008  -4.8523293075194524E-008  -5.5146250318314528E-008  -6.1050830305358356E-008  -6.5922481400071181E-008  -6.9521498465141298E-008  -7.1706076299169646E-008  -7.2440756460054188E-008  -7.1790082502708022E-008  -6.9900365458400200E-008  -6.6974372493307331E-008  -6.3244162848754131E-008  -5.8946435661149549E-008  -5.4303183649712799E-008  -4.9508765236820735E-008  -4.4723147065638588E-008  -4.0070219801398479E-008  -3.5639740838704605E-008  -3.1491481668337462E-008  -2.7660397750134607E-008  -2.4161960116324767E-008  -2.0997100184211996E-008  -1.8156475481747841E-008  -1.5623949630436146E-008  -1.3379299664517315E-008  -1.1400230962790270E-008  -9.6638099219675533E-009  -8.1474304126886412E-009  -6.8294223398141559E-009  -5.6893963685171737E-009  -4.7084025721992206E-009  -3.8689648848785860E-009  -3.1550390263937675E-009  -2.5519293868018082E-009  -2.0461901936467384E-009  -1.6255279145141224E-009  -1.2787150428909238E-009  -9.9551995725922216E-010  -7.6665333362871911E-010  -5.8372853571798708E-010  -4.3923148198935399E-010  -3.2649463056501107E-010  -2.3966982564989612E-010  -1.7369564342646411E-010  -1.2425631481229787E-010  -8.7731008697926977E-011  -6.1133940203883981E-011  -4.2047176576920619E-011  -2.8548975923987990E-011  -1.9140933074074502E-011  -1.2677145723485206E-011  -8.2981494316468536E-012  -5.3716484801103064E-012  -3.4412462886030958E-012  -2.1835904982849980E-012  -1.3736911105037593E-012  -8.5769620506781966E-013  -5.3212782334453183E-013  -3.2846853020512384E-013  -2.0200749644933114E-013  -1.2395906645616435E-013  -7.6015946792373001E-014  -4.6661522550974646E-014  -2.8719883124122983E-014  -1.7755909779670577E-014  -1.1046558128627829E-014  -6.9284707005484226E-015  -4.3892125347316876E-015  -2.8137887039281314E-015  -1.8288051667790536E-015  -1.2073208710924293E-015  -8.1105890249022957E-016  -5.5543417741113637E-016  -3.8843161183911017E-016  -2.7785547910558144E-016  -2.0362463689173359E-016  -1.5310581819052843E-016  -1.1827680968359692E-016  -9.3993819951030550E-017  -7.6927287979868040E-017  -6.4904234753271136E-017  -5.6499438871547006E-017  -5.0780220224790987E-017  -4.7147221089337883E-017  -4.5235954446868252E-017
  -8.6513395243073630E-013  -2.4006511583641937E-011  -1.4484973581515220E-010  -4.9837928054025191E-010  -1.2770702048070198E-009  -2.7261472311289299E-009  -5.1344622780818644E-009  -8.8190605719766930E-009  -1.4101711955147946E-008  -2.1276497609282864E-008  -3.0569119878241117E-008  -4.2090941779009035E-008  -5.5793565885181617E-008  -7.1432346310568850E-008  -8.8548574853850660E-008  -1.0647911932166519E-007  -1.2439838176855532E-007  -1.4139091485478209E-007  -1.5654542110485788E-007  -1.6905457264308233E-007  -1.7830249483883319E-007  -1.8392407174009479E-007  -1.8582684640766429E-007  -1.8417498038833766E-007  -1.7934266234231853E-007  -1.7184928155729533E-007  -1.6228976428817321E-007  -1.5127128722049407E-007  -1.3936356325857574E-007  -1.2706558090084598E-007  -1.1478818100049926E-007  -1.0284966747619474E-007  -9.1480744720258593E-008  -8.0835131145068667E-008  -7.1002811697483808E-008  -6.2023716073411210E-008  -5.3900411002416765E-008  -4.6609053364921405E-008  -4.0108328251387880E-008  -3.4346404162449152E-008  -2.9266110626084814E-008  -2.4808620528569495E-008  -2.0915934902498533E-008  -1.7532448230233347E-008  -1.4605835807225253E-008  -1.2087462862458082E-008  -9.9324744083570006E-009  -8.0996882805157603E-009  -6.5513825497384552E-009  -5.2530423773393394E-009  -4.1731098921713078E-009  -3.2827631705181825E-009  -2.5557363996016052E-009  -1.9681824718511688E-009  -1.4985714175613781E-009  -1.1276131332467624E-009  -8.3819065589137500E-010  -6.1529049733718040E-010  -4.4591884306028858E-010  -3.1899611822270843E-010  -2.2522679936840151E-010  -1.5694566695738588E-010  -1.0794530790849981E-010  -7.3292147154730808E-011  -4.9139415699676947E-011  -3.2545304054913390E-011  -2.1303357976662708E-011  -1.3790320473850565E-011  -8.8345104358623116E-012  -5.6058036820180506E-012  -3.5265961753642529E-012  -2.2019126589321287E-012  -1.3661000987010702E-012  -8.4325762790142811E-013  -5.1860172180815995E-013  -3.1823264066842265E-013  -1.9515114045815093E-013  -1.1979129233984257E-013  -7.3730804809734997E-014  -4.5583660672421126E-014  -2.8359150425799734E-014  -1.7787036050658479E-014  -1.1268154143820881E-014  -7.2236653817508493E-015  -4.6949778739950330E-015  -3.0994796665442363E-015  -2.0821808791318232E-015  -1.4259314077318017E-015  -9.9719612219950555E-016  -7.1332091750863946E-016  -5.2275271787024957E-016  -3.9305891884740275E-016  -3.0364459024050141E-016  -2.4130439601073330E-016  -1.9749056166892639E-016  -1.6662453396620117E-016  -1.4504743103461147E-016  -1.3036484156403017E-016  -1.2103807201299139E-016  -1.1613139774215833E-016
  -1.8467776092653269E-012  -5.1246045792157348E-011  -3.0920700358427842E-010  -1.0638796565449073E-009  -2.7261472311289299E-009  -5.8195256933898396E-009  -1.0960730727953520E-008  -1.8826800121329992E-008  -3.0105095427661864E-008  -4.5424232908355914E-008  -6.5267344356510293E-008  -8.9874041199574136E-008  -1.1914342311803819E-007  -1.5255598837711965E-007  -1.8913520640943832E-007  -2.2746751594797931E-007  -2.6579124281626681E-007  -3.0215106069114661E-007  -3.3459838559283911E-007  -3.6140462034249991E-007  -3.8124850884611862E-007  -3.9334366009276714E-007  -3.9748632032409210E-007  -3.9402200283585639E-007  -3.8374656712825282E-007  -3.6776796791986942E-007  -3.4735731920783152E-007  -3.2381333274302191E-007  -2.9835563329140434E-007  -2.7205322297643342E-007  -2.4578685718614000E-007  -2.2023937939623006E-007  -1.9590609737966890E-007  -1.7311738364352700E-007  -1.5206698486435581E-007  -1.3284128535053709E-007  -1.1544648681912200E-007  -9.9832079530408404E-008  -8.5910005422260031E-008  -7.3569576706728120E-008  -6.2688586369053360E-008  -5.3141213595757273E-008  -4.4803361256220393E-008  -3.7556020994980998E-008  -3.1287183586511331E-008  -2.5892722693954334E-008  -2.1276592959563112E-008  -1.7350605112807432E-008  -1.4033973735789840E-008  -1.1252777330786430E-008  -8.9394242412006514E-009  -7.0321804563823214E-009  -5.4747852950144464E-009  -4.2161577293641327E-009  -3.2101792949830825E-009  -2.4155289101528631E-009  -1.7955401860425225E-009  -1.3180523660601181E-009  -9.5523093232407190E-010  -6.8334183225217998E-010  -4.8247265055601603E-010  -3.3620329402517502E-010  -2.3123649751317490E-010  -1.5700374811727425E-010  -1.0526464079982793E-010  -6.9717338147722380E-011  -4.5635252768884809E-011  -2.9541101147826964E-011  -1.8924949547970538E-011  -1.2008535481206706E-011  -7.5545362698277847E-012  -4.7168501940614912E-012  -2.9264050310963516E-012  -1.8063924452279176E-012  -1.1109274638868506E-012  -6.8170486375849431E-013  -4.1804466633631951E-013  -2.5661188626094820E-013  -1.5794301408385292E-013  -9.7647375977753793E-014  -6.0749754694802785E-014  -3.8102619596099428E-014  -2.4138149312014683E-014  -1.5474219532276976E-014  -1.0057374698142024E-014  -6.6395679905612961E-015  -4.4603551322371928E-015  -3.0545664427397069E-015  -2.1361487066647498E-015  -1.5280438758923592E-015  -1.1198171937914243E-015  -8.4199295422253346E-016  -6.5045360283989008E-016  -5.1691125208130450E-016  -4.2305523847462516E-016  -3.5693543336733222E-016  -3.1071394348029157E-016  -2.7926156811773379E-016  -2.5928218703738154E-016  -2.4877133298228387E-016
  -3.4782017318319000E-012  -9.6516291492276926E-011  -5.8235808302189289E-010  -2.0037097467223285E-009  -5.1344622780818644E-009  -1.0960730727953520E-008  -2.0644381503199356E-008  -3.5461327073337414E-008  -5.6707673241773444E-008  -8.5570021675618243E-008  -1.2296248832479956E-007  -1.6934230110057210E-007  -2.2452702983596464E-007  -2.8754688915862253E-007  -3.5657110763879415E-007  -4.2894377822031689E-007  -5.0134927606666392E-007  -5.7010142013864354E-007  -6.3152004729962921E-007  -6.8233312541500337E-007  -7.2003150692032738E-007  -7.4311202104796569E-007  -7.5117067760349005E-007  -7.4484258281570854E-007  -7.2561734772600964E-007  -6.9557914621439951E-007  -6.5712550928480702E-007  -6.1271054686996468E-007  -5.6464224615610849E-007  -5.1494604640200564E-007  -4.6529260830191403E-007  -4.1697866941195469E-007  -3.7094606343722590E-007  -3.2782410408743952E-007  -2.8798296211926310E-007  -2.5158898379474228E-007  -2.1865615220912041E-007  -1.8909057679541024E-007  -1.6272684894175905E-007  -1.3935636634486200E-007  -1.1874844243139972E-007  -1.0066533780236533E-007  -8.4872418503224327E-008  -7.1144569088401088E-008  -5.9269841861958461E-008  -4.9051154513833416E-008  -4.0306683254847107E-008  -3.2869450231824996E-008  -2.6586476840495220E-008  -2.1317768292151260E-008  -1.6935307307455792E-008  -1.3322163577013886E-008  -1.0371768619768990E-008  -7.9873615517690739E-009  -6.0815793540301615E-009  -4.5761450475402923E-009  -3.4015981583835137E-009  -2.4970128831169140E-009  -1.8096586199338878E-009  -1.2945725134321252E-009  -9.1403140192975687E-010  -6.3692805670964192E-010  -4.3807126116507195E-010  -2.9743929135965595E-010  -1.9942093366142348E-010  -1.3207752662991241E-010  -8.6454673626580744E-011  -5.5964750270525796E-011  -3.5852751363162684E-011  -2.2749804475631455E-011  -1.4311834148012153E-011  -8.9359232069108331E-012  -5.5439798100991768E-012  -3.4221510555622639E-012  -2.1046148729918630E-012  -1.2914666386811340E-012  -7.9197114258029054E-013  -4.8614219184592933E-013  -2.9921740148082806E-013  -1.8498941851799764E-013  -1.1508818159416457E-013  -7.2183997496203476E-014  -4.5728816735289269E-014  -2.9315320992302186E-014  -1.9053310353309704E-014  -1.2578404308305896E-014  -8.4499684669106288E-015  -5.7867557758256109E-015  -4.0468489391137622E-015  -2.8948180657912270E-015  -2.1214486567308354E-015  -1.5951216194021662E-015  -1.2322579334890490E-015  -9.7926728537207762E-016  -8.0146083326548475E-016  -6.7619952484532194E-016  -5.8863477888140104E-016  -5.2904952689272854E-016  -4.9119939951189329E-016  -4.7128701313559781E-016
  -5.9741160925456682E-012  -1.6577524199018519E-010  -1.0002532073376437E-009  -3.4415731065447600E-009  -8.8190605719766930E-009  -1.8826800121329992E-008  -3.5461327073337414E-008  -6.0916215717108152E-008  -9.7421710531786995E-008  -1.4702298566127434E-007  -2.1130122761129523E-007  -2.9105754769851971E-007  -3.8599881607466737E-007  -4.9448234497917803E-007  -6.1338610591560865E-007  -7.3816550064790025E-007  -8.6313202651079122E-007  -9.8194524817143237E-007  -1.0882572730076844E-006  -1.1764046345303537E-006  -1.2420225743846585E-006  -1.2824702980911385E-006  -1.2969996788217392E-006  -1.2866594862506272E-006  -1.2539829930180050E-006  -1.2025427584399805E-006  -1.1364658286178131E-006  -1.0599888285604643E-006  -9.7710507758068558E-007  -8.9132572332887152E-007  -8.0555199373217548E-007  -7.2203977087275319E-007  -6.4243083512571316E-007  -5.6782515900497673E-007  -4.9887273326048802E-007  -4.3586911970472170E-007  -3.7884456305825041E-007  -3.2764116550842685E-007  -2.8197603799142635E-007  -2.4149055843026700E-007  -2.0578712338055301E-007  -1.7445534886948001E-007  -1.4708980261216990E-007  -1.2330122180322378E-007  -1.0272291932332941E-007  -8.5013789164055192E-008  -6.9859035927907347E-008  -5.6969495988733474E-008  -4.6080197050639540E-008  -3.6948618214421493E-008  -2.9352960570350448E-008  -2.3090614494705438E-008  -1.7976910689608397E-008  -1.3844165291669842E-008  -1.0540973842261812E-008  -7.9316737884976712E-009  -5.8958794293622184E-009  -4.3279949178114692E-009  -3.1366269147577504E-009  -2.2438444108330759E-009  -1.5842639515916217E-009  -1.1039688094533297E-009  -7.5929603474837794E-010  -5.1554266103535284E-010  -3.4565025736013074E-010  -2.2892588852032875E-010  -1.4984914802326278E-010  -9.7001886159573510E-011  -6.2142381658643496E-011  -3.9431460374456291E-011  -2.4806201827532507E-011  -1.5488315588281138E-011  -9.6091768208297272E-012  -5.9314859577208246E-012  -3.6478481847864298E-012  -2.2384484983438414E-012  -1.3726919031863207E-012  -8.4261044004495780E-013  -5.1862109926990819E-013  -3.2063434648433145E-013  -1.9947740589562726E-013  -1.2511337785232632E-013  -7.9259737365800770E-014  -5.0810933316858537E-014  -3.3024239242447477E-014  -2.1801571567678870E-014  -1.4645938902697666E-014  -1.0029913125403509E-014  -7.0142123118141667E-015  -5.0174504617027297E-015  -3.6770053190215468E-015  -2.7647473862689359E-015  -2.1358129161769755E-015  -1.6973162574169612E-015  -1.3891328328228918E-015  -1.1720234198139600E-015  -1.0202516637087328E-015  -9.1697542464239121E-016  -8.5137163085943701E-016  -8.1685845655310679E-016
  -9.5523647640571948E-012  -2.6506789721494905E-010  -1.5993686376193458E-009  -5.5029937527479827E-009  -1.4101711955147946E-008  -3.0105095427661864E-008  -5.6707673241773444E-008  -9.7421710531786995E-008  -1.5582271729558547E-007  -2.3519728407645924E-007  -3.3809948608155231E-007  -4.6584699270154911E-007  -6.1801822141557001E-007  -7.9204037041495266E-007  -9.8297426003465483E-007  -1.1835939580078135E-006  -1.3848196081211787E-006  -1.5764929955744717E-006  -1.7484023651113991E-006  -1.8913912580339911E-006  -1.9983520518120747E-006  -2.0649238482118273E-006  -2.0897824291153095E-006  -2.0745047210302169E-006  -2.0230805070820426E-006  -1.9412037982088251E-006  -1.8354936635830488E-006  -1.7127738930265153E-006  -1.5794976774781419E-006  -1.4413549485935955E-006  -1.3030593631392070E-006  -1.1682855788562682E-006  -1.0397157780152183E-006  -9.1915400981651684E-007  -8.0767331685451849E-007  -7.0576976277551370E-007  -6.1350660859171569E-007  -5.3063949946628420E-007  -4.5671911050190983E-007  -3.9117134845313536E-007  -3.3335728745187738E-007  -2.8261597185009743E-007  -2.3829344519776766E-007  -1.9976116945101232E-007  -1.6642659779052720E-007  -1.3773819405686993E-007  -1.1318672914182462E-007  -9.2304267330762627E-008  -7.4661896779147879E-008  -5.9866958033144077E-008  -4.7560277022819256E-008  -3.7413707374235279E-008  -2.9128125498309583E-008  -2.2431897012757450E-008  -1.7079742610554767E-008  -1.2851874220956251E-008  -9.5532465198262657E-009  -7.0127713979585120E-009  -5.0823687532702268E-009  -3.6357688650434588E-009  -2.5670313071722242E-009  -1.7887944065564138E-009  -1.2303103493313835E-009  -8.3534910485170757E-010  -5.6006714229850454E-010  -3.7093506231489258E-010  -2.4280464715031415E-010  -1.5717468983318157E-010  -1.0069085477993388E-010  -6.3891735625891611E-011  -4.0194051213012066E-011  -2.5096050528310819E-011  -1.5569944300062233E-011  -9.6109001820006523E-012  -5.9106740081265650E-012  -3.6269958343189451E-012  -2.2241943274641203E-012  -1.3652940848181040E-012  -8.4032886274499891E-013  -5.1952790401917357E-013  -3.2321558726259804E-013  -2.0272256604766219E-013  -1.2842534671550854E-013  -8.2329423664016723E-014  -5.3509454331075021E-014  -3.5325255471457806E-014  -2.3730918690709417E-014  -1.6251533223312665E-014  -1.1365169681083802E-014  -8.1298020430829963E-015  -5.9578698122382602E-015  -4.4797326183592721E-015  -3.4606664602154972E-015  -2.7501679549493321E-015  -2.2508167885212285E-015  -1.8990333659174312E-015  -1.6531168970642249E-015  -1.4857779545464159E-015  -1.3794798488723037E-015  -1.3235580089119972E-015
  -1.4411933903499297E-011  -3.9991602137950860E-010  -2.4130251441109029E-009  -8.3026547579573401E-009  -2.1276497609282864E-008  -4.5424232908355914E-008  -8.5570021675618243E-008  -1.4702298566127434E-007  -2.3519728407645924E-007  -3.5508579978669630E-007  -5.1059589590460828E-007  -7.0379245880556147E-007  -9.3413834336823746E-007  -1.1978652501812904E-006  -1.4876333350038200E-006  -1.7926281050923482E-006  -2.0991866090605203E-006  -2.3919438786806173E-006  -2.6553664459176244E-006  -2.8754297243772916E-006  -3.0411400373733436E-006  -3.1456248821809130E-006  -3.1866131218739353E-006  -3.1662682626740505E-006  -3.0904763683550598E-006  -2.9677847451151120E-006  -2.8082186584159628E-006  -2.6221759900298020E-006  -2.4195358546678352E-006  -2.2090432866780478E-006  -1.9979690077830283E-006  -1.7920015799256866E-006  -1.5953100305471096E-006  -1.4107134974404083E-006  -1.2399037055941857E-006  -1.0836799197248840E-006  -9.4217003052661148E-007  -8.1502322831572699E-007  -7.0156843362015690E-007  -6.0093838494261442E-007  -5.1216258139459511E-007  -4.3423381636359939E-007  -3.6615343160997890E-007  -3.0696014893358134E-007  -2.5574673513148282E-007  -2.1166803933272486E-007  -1.7394323225917073E-007  -1.4185443458274449E-007  -1.1474336802798148E-007  -9.2007199007865050E-008  -7.3094361963325666E-008  -5.7500837791628420E-008  -4.4767113083532503E-008  -3.4475852632377748E-008  -2.6250177672051548E-008  -1.9752353525896489E-008  -1.4682650141176984E-008  -1.0778142483226383E-008  -7.8112570383901111E-009  -5.5879348322709702E-009  -3.9453575834050618E-009  -2.7492588729359794E-009  -1.8909052793446977E-009  -1.2838754945752455E-009  -8.6078506448132024E-010  -5.7010150920112813E-010  -3.7317361751773144E-010  -2.4156619170950228E-010  -1.5475445107798664E-010  -9.8196808643437225E-011  -6.1775181071292961E-011  -3.8570669761390584E-011  -2.3929763955121711E-011  -1.4771172933757851E-011  -9.0842168092057597E-012  -5.5743870163834938E-012  -3.4183960522068377E-012  -2.0983380695212850E-012  -1.2915111146836716E-012  -7.9846774615902786E-013  -4.9675293669049094E-013  -3.1156589006811197E-013  -1.9737777030606473E-013  -1.2653255144425003E-013  -8.2238925696244037E-014  -5.4291513803922652E-014  -3.6472114500245389E-014  -2.4977013039529195E-014  -1.7467142835576425E-014  -1.2494696837632063E-014  -9.1566493591959530E-015  -6.8848979579877285E-015  -5.3186941417526041E-015  -4.2267286236358286E-015  -3.4592757778084695E-015  -2.9186199398452836E-015  -2.5406710672966712E-015  -2.2834879880851687E-015  -2.1201185382386228E-015  -2.0341723259493626E-015
  -2.0705352934511634E-011  -5.7455232326251742E-010  -3.4667677619295059E-009  -1.1928506929513748E-008  -3.0569119878241117E-008  -6.5267344356510293E-008  -1.2296248832479956E-007  -2.1130122761129523E-007  -3.3809948608155231E-007  -5.1059589590460828E-007  -7.3450721266156018E-007  -1.0129473330908110E-006  -1.3453347716193021E-006  -1.7264748833783497E-006  -2.1460411909710043E-006  -2.5886703574925762E-006  -3.0348100476046213E-006  -3.4623193862872595E-006  -3.8486458421328249E-006  -4.1732412802872712E-006  -4.4197909704813566E-006  -4.5778509426225853E-006  -4.6436207892166149E-006  -4.6197788910201331E-006  -4.5145095240492185E-006  -4.3399957703863974E-006  -4.1107064717120173E-006  -3.8417732226927093E-006  -3.5476644408105844E-006  -3.2412563223725149E-006  -2.9333065107343920E-006  -2.6322725215316931E-006  -2.3443861922889516E-006  -2.0738912402620624E-006  -1.8233635016612084E-006  -1.5940532968650634E-006  -1.3862099487556691E-006  -1.1993660278296743E-006  -1.0325719881536152E-006  -8.8458054381559152E-007  -7.5398519035422755E-007  -6.3931968409223723E-007  -5.3912596476708692E-007  -4.5199766153948212E-007  -3.7660546630742124E-007  -3.1170961588410563E-007  -2.5616368297756607E-007  -2.0891292808659391E-007  -1.6898964519051856E-007  -1.3550724624994930E-007  -1.0765426152447868E-007  -8.4688969579852992E-008  -6.5934999898420528E-008  -5.0777963787918966E-008  -3.8662961073015263E-008  -2.9092677778954386E-008  -2.1625729658339356E-008  -1.5874910719057842E-008  -1.1505063137158354E-008  -8.2303789751941653E-009  -5.8110560420544211E-009  -4.0493408303553388E-009  -2.7850841706640248E-009  -1.8909985354616751E-009  -1.2678347253813079E-009  -8.3969133736846053E-010  -5.4963948018498843E-010  -3.5579726360521624E-010  -2.2793395876816412E-010  -1.4463142707986860E-010  -9.0986870341157942E-011  -5.6809540665040393E-011  -3.5245356783891235E-011  -2.1755941591043082E-011  -1.3379805715398204E-011  -8.2102968909118006E-012  -5.0348155664507721E-012  -3.0905523850347725E-012  -1.9022092010499246E-012  -1.1760262317502860E-012  -7.3164363295472622E-013  -4.5889001208104623E-013  -2.9070768106499680E-013  -1.8636318562400415E-013  -1.2112531073133205E-013  -7.9962997649574099E-014  -5.3717738607583510E-014  -3.6787219803003619E-014  -2.5726342670633905E-014  -1.8402703857230775E-014  -1.3486282655515445E-014  -1.0140350470943249E-014  -7.8335799664898204E-015  -6.2252881815059498E-015  -5.0949524606375227E-015  -4.2986528453184600E-015  -3.7419947289298051E-015  -3.3632053521527877E-015  -3.1225884242951978E-015  -2.9960034873592423E-015
  -2.8507538400918446E-011  -7.9105591742451989E-010  -4.7731496933284125E-009  -1.6423825288969193E-008  -4.2090941779009035E-008  -8.9874041199574136E-008  -1.6934230110057210E-007  -2.9105754769851971E-007  -4.6584699270154911E-007  -7.0379245880556147E-007  -1.0129473330908110E-006  -1.3978603880520189E-006  -1.8580702884887847E-006  -2.3868186250555479E-006  -2.9702845721337305E-006  -3.5876378632970227E-006  -4.2121134930993997E-006  -4.8131297032976004E-006  -5.3592337461860335E-006  -5.8214337994019571E-006  -6.1763385778904647E-006  -6.4085361022874140E-006  -6.5118071089577469E-006  -6.4890363951573805E-006  -6.3509694612882113E-006  -6.1141755246983604E-006  -5.7986702493655828E-006  -5.4256206403598091E-006  -5.0154380614287589E-006  -4.5864164576121877E-006  -4.1539377022165676E-006  -3.7301711223274612E-006  -3.3241459155847626E-006  -2.9420655866533060E-006  -2.5877490401744598E-006  -2.2631102106613137E-006  -1.9686172149922106E-006  -1.7036972590382954E-006  -1.4670726062148648E-006  -1.2570257233239058E-006  -1.0715992803866407E-006  -9.0874037662800707E-007  -7.6639949931247402E-007  -6.4259433817064220E-007  -5.3544741824287404E-007  -4.4320505754858806E-007  -3.6424368200045978E-007  -2.9706817942242117E-007  -2.4030580233033505E-007  -1.9269814235907292E-007  -1.5309288314458017E-007  -1.2043637253951380E-007  -9.3767521445268749E-008  -7.2213123248370146E-008  -5.4984388000651430E-008  -4.1374294513860225E-008  -3.0755275562743721E-008  -2.2576755929308052E-008  -1.6362143234753514E-008  -1.1705004380674807E-008  -8.2643189487376235E-009  -5.7588577279088536E-009  -3.9608660272203874E-009  -2.6893211797125289E-009  -1.8030744015192829E-009  -1.1941808561094424E-009  -7.8167766667234173E-010  -5.0600135909330310E-010  -3.2415846668784419E-010  -2.0568860721583403E-010  -1.2939738740422358E-010  -8.0791796912056493E-011  -5.0124160432439052E-011  -3.0940141999966121E-011  -1.9028013759018359E-011  -1.1676206301369505E-011  -7.1602095572389968E-012  -4.3951891302215121E-012  -2.7051979782324557E-012  -1.6724653530332467E-012  -1.0404928284974416E-012  -6.5260064901000429E-013  -4.1342319191652736E-013  -2.6503175837312796E-013  -1.7225514058365027E-013  -1.1371712725572110E-013  -7.6393092762441249E-014  -5.2315806861680885E-014  -3.6585890622972128E-014  -2.6170792349553733E-014  -1.9179053738361526E-014  -1.4420741737816101E-014  -1.1140242934130811E-014  -8.8530643056538674E-015  -7.2455957998038734E-015  -6.1131658702230432E-015  -5.3215340834785527E-015  -4.7828522279573697E-015  -4.4406674823146269E-015  -4.2606492718082684E-015
  -3.7785032997365354E-011  -1.0484987377599991E-009  -6.3265818205917267E-009  -2.1769486534387184E-008  -5.5793565885181617E-008  -1.1914342311803819E-007  -2.2452702983596464E-007  -3.8599881607466737E-007  -6.1801822141557001E-007  -9.3413834336823746E-007  -1.3453347716193021E-006  -1.8580702884887847E-006  -2.4722993778753571E-006  -3.1797266000817969E-006  -3.9627102464779920E-006  -4.7942052970196916E-006  -5.6390329155308048E-006  -6.4565401318302091E-006  -7.2044090539805140E-006  -7.8430701465273901E-006  -8.3399706472693130E-006  -8.6729295978211587E-006  -8.8319978742194366E-006  -8.8195813110722357E-006  -8.6489675650525445E-006  -8.3417040422677210E-006  -7.9244262965973441E-006  -7.4257197797184734E-006  -6.8734555404945736E-006  -6.2928425298988431E-006  -5.7052508926962750E-006  -5.1277228345344071E-006  -4.5730129498357093E-006  -4.0499801156745535E-006  -3.5641702835774266E-006  -3.1184651373841383E-006  -2.7137113530346538E-006  -2.3492805029327445E-006  -2.0235367733741828E-006  -1.7342081499166481E-006  -1.4786678325118367E-006  -1.2541382332189143E-006  -1.0578318004875297E-006  -8.8704258057419307E-007  -7.3920093203384992E-007  -6.1190184737226351E-007  -5.0291531549043669E-007  -4.1018529009565025E-007  -3.3182219851977165E-007  -2.6609254791730852E-007  -2.1140804432299260E-007  -1.6631570757336146E-007  -1.2948971751235798E-007  -9.9725147592719211E-008  -7.5933321234429347E-008  -5.7138257506277705E-008  -4.2473547388764881E-008  -3.1179005320465931E-008  -2.2596549420657525E-008  -1.6164945749122187E-008  -1.1413269762414514E-008  -7.9531538580639625E-009  -5.4700708602197542E-009  -3.7140267713591410E-009  -2.4900920451556770E-009  -1.6491916465904056E-009  -1.0795130501639038E-009  -6.9879690931533733E-010  -4.4766764740721906E-010  -2.8405837032612234E-010  -1.7869889021758108E-010  -1.1157389670653840E-010  -6.9221567999075569E-011  -4.2728300717212054E-011  -2.6277605585603137E-011  -1.6124755147997889E-011  -9.8881754574097250E-012  -6.0696981086170902E-012  -3.7358351277133378E-012  -2.3096434228339114E-012  -1.4368985056247005E-012  -9.0122605012685452E-013  -5.7092668603826268E-013  -3.6600139187977927E-013  -2.3787914128821372E-013  -1.5703969483894852E-013  -1.0549626594868645E-013  -7.2246264404727308E-014  -5.0523754221235695E-014  -3.6140853774420348E-014  -2.6485507981367065E-014  -1.9914452217236649E-014  -1.5384206551816739E-014  -1.2225701113889381E-014  -1.0005850574398623E-014  -8.4420104184595968E-015  -7.3487992808138946E-015  -6.6049019260732123E-015  -6.1323590747546283E-015  -5.8837614814849475E-015
  -4.8371343025909549E-011  -1.3422611498782637E-009  -8.0992023858273126E-009  -2.7869749099935641E-008  -7.1432346310568850E-008  -1.5255598837711965E-007  -2.8754688915862253E-007  -4.9448234497917803E-007  -7.9204037041495266E-007  -1.1978652501812904E-006  -1.7264748833783497E-006  -2.3868186250555479E-006  -3.1797266000817969E-006  -4.0956298904099131E-006  -5.1130353284286421E-006  -6.1982579141922613E-006  -7.3068025924873744E-006  -8.3865287149392383E-006  -9.3823590331176038E-006  -1.0241900962625344E-005  -1.0921056513915763E-005  -1.1388621999821396E-005  -1.1629067340543249E-005  -1.1643090087003643E-005  -1.1446032683842369E-005  -1.1064677712313956E-005  -1.0533178006020930E-005  -9.8888993181795174E-006  -9.1687944636015079E-006  -8.4066767262794895E-006  -7.6315062538103202E-006  -6.8666074211849803E-006  -6.1296215047259841E-006  -5.4329611220294163E-006  -4.7845486050221538E-006  -4.1886647129287777E-006  -3.6467866452135473E-006  -3.1583424497995492E-006  -2.7213467045511522E-006  -2.3329085823634179E-006  -1.9896195035630919E-006  -1.6878359531545579E-006  -1.4238761551739357E-006  -1.1941491955665473E-006  -9.9523336434684255E-007  -8.2391793638329597E-007  -6.7721991901590378E-007  -5.5238477514075203E-007  -4.4687791529173937E-007  -3.5837187277369113E-007  -2.8473251425040591E-007  -2.2400636064865525E-007  -1.7441006823891421E-007  -1.3432232496755590E-007  -1.0227783908223845E-007  -7.6962726409647829E-008  -5.7210427380011731E-008  -4.1997284709391986E-008  -3.0437055499965205E-008  -2.1773874003769181E-008  -1.5373472732821023E-008  -1.0712758751443974E-008  -7.3680846669733887E-009  -5.0027193416599292E-009  -3.3540980761196151E-009  -2.2214194461970923E-009  -1.4540733105137914E-009  -9.4125707436107351E-010  -6.0299233771424766E-010  -3.8261539297130018E-010  -2.4069963949288809E-010  -1.5028474974031297E-010  -9.3237897789182856E-011  -5.7552660270248677E-011  -3.5394381915861899E-011  -2.1719031759486785E-011  -1.3318714738731264E-011  -8.1754582101060433E-012  -5.0318954960783745E-012  -3.1109124618651021E-012  -1.9353875218714015E-012  -1.2138768150438343E-012  -7.6898931976007209E-013  -4.9297152766172124E-013  -3.2040157826832548E-013  -2.1151782056689714E-013  -1.4209339631322440E-013  -9.7308670883985127E-014  -6.8050472791386839E-014  -4.8678073321716435E-014  -3.5673257593143298E-014  -2.6822692365422602E-014  -2.0720903931340693E-014  -1.6466716579789531E-014  -1.3476804880923201E-014  -1.1370473558031391E-014  -9.8980318054672590E-015  -8.8960798574820309E-015  -8.2596142612880325E-015  -7.9247794805074129E-015
