# Version 0.32
# Potential name = chengdu_MMWLY_1600  
# L = 2
# S = 0
# J = 2
# Order = 1                   
# K_MAX = 3200 MeV
# For uncoupled channels, e.g., 3P0 (LSJ = 110)
# storage = D(1:N，1:N) (row, column)
# D(i,j)  = <pout(j),L|V|L,pin(i)>
# Normalization
# If V were so weak as to validate the Born approximation, the relation of V
# in 1S0 and the respective scattering length 'a' would have been
# <p|V|p> = 2/pi * a + ... for p->0, in unit of MeV^(-1)
# Momenta are in unit of MeV
# The value of pin and pout, where pin(1:N) = pout(1:N)
  0.45803716249383797        2.4128789766466525        5.9277844269997786        11.000100740090602        17.624967611213151        25.795934870308656        35.505026420930790        46.742758778069856        59.498153190695120        73.758747319213171        89.510607781990302        106.73834393107268        125.42512296746554        145.55268642795249        167.10136804683680        190.05011298397062        214.37649840453673        240.05675539265394        267.06579217855870        295.37721865731805        324.96337217549672        355.79534456080728        387.84301036846864        421.07505631676690        455.45901188310972        490.96128103071692        527.54717503497454        565.18094637739318        603.82582367406758        643.44404760451403        683.99690780579010        725.44478069584932        767.74716818917921        810.86273726689444        854.74936036262704        899.36415652474966        944.66353331471748        990.60322940059211        1037.1383578041252        1084.2234497591535        1131.8124991384448        1179.8590074055944        1228.3160290480416        1277.1362174468225        1326.2718711382347        1375.6749804222177        1425.2972742719021        1475.0902674985014        1525.0053081254534        1574.9936249255311        1625.0063750744689        1674.9946918745466        1724.9097325014986        1774.7027257280979        1824.3250195777823        1873.7281288617653        1922.8637825531775        1971.6839709519584        2020.1409925944056        2068.1875008615552        2115.7765502408465        2162.8616421958750        2209.3967705994078        2255.3364666852826        2300.6358434752501        2345.2506396373728        2389.1372627331057        2432.2528318108207        2474.5552193041508        2516.0030921942098        2556.5559523954862        2596.1741763259324        2634.8190536226066        2672.4528249650257        2709.0387189692829        2744.5409881168903        2778.9249436832333        2812.1569896315314        2844.2046554391927        2875.0366278245033        2904.6227813426822        2932.9342078214413        2959.9432446073461        2985.6235015954635        3009.9498870160296        3032.8986319531632        3054.4473135720473        3074.5748770325345        3093.2616560689276        3110.4893922180099        3126.2412526807866        3140.5018468093049        3153.2572412219301        3164.4949735790692        3174.2040651296911        3182.3750323887871        3188.9998992599094        3194.0722155730000        3197.5871210233536        3199.5419628375062     
# Matrix elements start here 
  -1.5002646529276952E-013  -4.1596198331551045E-012  -2.4989863602640287E-011  -8.4902839114990063E-011  -2.1162023710965764E-010  -4.2927603124743457E-010  -7.4379453064312206E-010  -1.1279895876048268E-009  -1.5179642242662715E-009  -1.8307142329458567E-009  -1.9980658786972163E-009  -1.9956673275800578E-009  -1.8475654815950935E-009  -1.6070930808138739E-009  -1.3310714545467551E-009  -1.0626091028525038E-009  -8.2626139080761199E-010  -6.3121804259944555E-010  -4.7700485398337551E-010  -3.5844373273910264E-010  -2.6888887355358411E-010  -2.0193750017881055E-010  -1.5213632792528499E-010  -1.1513959997127941E-010  -8.7616789771622863E-011  -6.7074605966191529E-011  -5.1672052511801108E-011  -4.0059830909859183E-011  -3.1252109521502549E-011  -2.4528739169992538E-011  -1.9362659500032918E-011  -1.5366845038992395E-011  -1.2255872174375470E-011  -9.8181947728995773E-012  -7.8961700181770054E-012  -6.3716510045888438E-012  -5.1555707117520211E-012  -4.1803845839614165E-012  -3.3945626018267762E-012  -2.7585561566820095E-012  -2.2418294109312326E-012  -1.8206624147198339E-012  -1.4765158445330608E-012  -1.1948070366608149E-012  -9.6399075237642290E-013  -7.7486230882263158E-013  -6.2002985168929431E-013  -4.9351196317570054E-013  -3.9043023872302533E-013  -3.0677455393582140E-013  -2.3922272122512893E-013  -1.8500409889178464E-013  -1.4179413880178746E-013  -1.0763477125910664E-013  -8.0872971944517704E-014  -6.0113670648437900E-014  -4.4182591028609973E-014  -3.2096298606659590E-014  -2.3037545337376103E-014  -1.6333552308769652E-014  -1.1437045727453696E-014  -7.9086253641342284E-015  -5.4007175015440449E-015  -3.6426720253387267E-015  -2.4272154319643394E-015  -1.5983387041495806E-015  -1.0406422425977565E-015  -6.7028379573122350E-016  -4.2741056746764637E-016  -2.7003133979655650E-016  -1.6918905735380984E-016  -1.0523822037795820E-016  -6.5061245879282264E-017  -4.0028410175277624E-017  -2.4541754386950505E-017  -1.5016494647321439E-017  -9.1839788658115083E-018  -5.6234073771725096E-018  -3.4531160574969167E-018  -2.1302443229062914E-018  -1.3226232855910966E-018  -8.2800228911188055E-019  -5.2363012474891659E-019  -3.3514179758637534E-019  -2.1749876577948245E-019  -1.4338872832163781E-019  -9.6204733678134344E-020  -6.5807479171640679E-020  -4.5972682254857655E-020  -3.2854036672371891E-020  -2.4056225862950834E-020  -1.8074054916258943E-020  -1.3953062322516332E-020  -1.1081882340218808E-020  -9.0651472058815042E-021  -7.6451071637476564E-021  -6.6528542357951475E-021  -5.9778631018341126E-021  -5.5491923840091856E-021  -5.3237165608060951E-021
  -4.1596198331551045E-012  -1.1532929722478172E-010  -6.9286903518531043E-010  -2.3540362258440277E-009  -5.8675396987642390E-009  -1.1902814339660216E-008  -2.0624721945215936E-008  -3.1280295159050359E-008  -4.2098384543156603E-008  -5.0777043160805449E-008  -5.5424356486887139E-008  -5.5363090488135942E-008  -5.1258739589410870E-008  -4.4590085589242151E-008  -3.6933554676584112E-008  -2.9485589344007656E-008  -2.2927964888178751E-008  -1.7516026746318766E-008  -1.3236845900741318E-008  -9.9468684544343630E-009  -7.4617485350156887E-009  -5.6038471662674888E-009  -4.2218537607096830E-009  -3.1951815339377430E-009  -2.4314115198288834E-009  -1.8613558534407686E-009  -1.4339269645794792E-009  -1.1116815616624822E-009  -8.6726247552529745E-010  -6.8068525927129093E-010  -5.3732372467766292E-010  -4.2643770673340639E-010  -3.4010653673193159E-010  -2.7245969836864408E-010  -2.1912250549235461E-010  -1.7681631357276555E-010  -1.4306946668021248E-010  -1.1600756226472179E-010  -9.4200611905287315E-011  -7.6551121325813742E-011  -6.2211706570093331E-011  -5.0524123933225283E-011  -4.0973893922550660E-011  -3.3156349405356406E-011  -2.6751094569171302E-011  -2.1502697215456697E-011  -1.7206031138122261E-011  -1.3695108402831580E-011  -1.0834551720791453E-011  -8.5130727214756651E-012  -6.6384865287579602E-012  -5.1339015844879776E-012  -3.9348122142677471E-012  -2.9868797102670099E-012  -2.2442332297180753E-012  -1.6681582135309389E-012  -1.2260673930731043E-012  -8.9067165534128911E-013  -6.3929012992791201E-013  -4.5325424580993997E-013  -3.1737598777271329E-013  -2.1946249500738315E-013  -1.4986831508709661E-013  -1.0108281752708965E-013  -6.7354254620502213E-014  -4.4353109770206532E-014  -2.8877243043362968E-014  -1.8599968400005708E-014  -1.1860337131470754E-014  -7.4931591400962527E-015  -4.6948466125277446E-015  -2.9202607470861065E-015  -1.8053820096030004E-015  -1.1107435313809146E-015  -6.8100378494155914E-016  -4.1668839259627211E-016  -2.5484277508967431E-016  -1.5604123663124767E-016  -9.5818589089357699E-017  -5.9110692947245811E-017  -3.6700476084882061E-017  -2.2975540636544287E-017  -1.4529723168353961E-017  -9.2995180479981117E-018  -6.0351449181569729E-018  -3.9787346658106609E-018  -2.6694700211768904E-018  -1.8260055035651457E-018  -1.2756322433260422E-018  -9.1162091826346304E-019  -6.6750031374688090E-019  -5.0150917985256883E-019  -3.8716117024898290E-019  -3.0749248242087578E-019  -2.5153344617105730E-019  -2.1213135148376975E-019  -1.8459849495543389E-019  -1.6586932209114379E-019  -1.5397489036447143E-019  -1.4771834987664868E-019
  -2.4989863602640287E-011  -6.9286903518531043E-010  -4.1626436398215462E-009  -1.4143285108489726E-008  -3.5256111059707426E-008  -7.1532253311617743E-008  -1.2398111254145606E-007  -1.8810395759095414E-007  -2.5327447240959688E-007  -3.0564512825362241E-007  -3.3379543761745039E-007  -3.3359213813545045E-007  -3.0899463036967877E-007  -2.6888948447720164E-007  -2.2277887213362305E-007  -1.7788902476090758E-007  -1.3834591878582794E-007  -1.0570098350685379E-007  -7.9883446097521925E-008  -6.0031311919663806E-008  -4.5034421764549742E-008  -3.3821921023563750E-008  -2.5481216466592772E-008  -1.9284815390956909E-008  -1.4675066502525834E-008  -1.1234450164956086E-008  -8.6546538465556134E-009  -6.7096982511881291E-009  -5.2344716549687694E-009  -4.1083575606818929E-009  -3.2430783227306120E-009  -2.5738102706828732E-009  -2.0527469705543536E-009  -1.6444559250744134E-009  -1.3225329484265396E-009  -1.0671892055955773E-009  -8.6350658922742340E-010  -7.0017183024956500E-010  -5.6855400238652360E-010  -4.6202900924784254E-010  -3.7548234336997886E-010  -3.0494108104558787E-010  -2.4730001553909044E-010  -2.0011672809827138E-010  -1.6145743185251775E-010  -1.2978043858864483E-010  -1.0384768752666458E-010  -8.2657343207933935E-011  -6.5392322838290698E-011  -5.1380937547495576E-011  -4.0066797506226066E-011  -3.0985818261919946E-011  -2.3748672123659622E-011  -1.8027393922636695E-011  -1.3545127524140219E-011  -1.0068209842514708E-011  -7.3999582584162656E-012  -5.3756683511257675E-012  -3.8584488949327923E-012  -2.7356249404242237E-012  -1.9155286764301307E-012  -1.3245697581060723E-012  -9.0453269588483373E-013  -6.1008691388216944E-013  -4.0651758725059751E-013  -2.6769379514016362E-013  -1.7428896474875743E-013  -1.1226032869794131E-013  -7.1583193482296944E-014  -4.5225035207813564E-014  -2.8335788721251998E-014  -1.7625257066187328E-014  -1.0896396222155223E-014  -6.7038994339914311E-015  -4.1102019969556943E-015  -2.5149246462158514E-015  -1.5381045291321405E-015  -9.4178739063101550E-016  -5.7831327521027386E-016  -3.5676267373766233E-016  -2.2150575592317091E-016  -1.3866887062245809E-016  -8.7694132405645502E-017  -5.6127223346621554E-017  -3.6425102448977883E-017  -2.4013639654817868E-017  -1.6111577079332916E-017  -1.1020849136149212E-017  -7.6990726131531463E-018  -5.5020831890499482E-018  -4.0286945334364615E-018  -3.0268555500179566E-018  -2.3367087874091462E-018  -1.8558688057091404E-018  -1.5181283325732221E-018  -1.2803171168489096E-018  -1.1141427950168125E-018  -1.0011029496311398E-018  -9.2931420385166142E-019  -8.9155293667872271E-019
  -8.4902839114990063E-011  -2.3540362258440277E-009  -1.4143285108489726E-008  -4.8060326578757853E-008  -1.1983687225583249E-007  -2.4326100759433461E-007  -4.2194982732727521E-007  -6.4086652322156686E-007  -8.6405269521345934E-007  -1.0442864918523687E-006  -1.1422290011517628E-006  -1.1431925506788224E-006  -1.0602381538302260E-006  -9.2357699298553343E-007  -7.6580358159853075E-007  -6.1185156701280776E-007  -4.7604025932277345E-007  -3.6381557490136728E-007  -2.7500696148660731E-007  -2.0669073075144650E-007  -1.5506882264708779E-007  -1.1646666969038897E-007  -8.7748188363599646E-008  -6.6411336433551484E-008  -5.0537258831215111E-008  -3.8688847115117387E-008  -2.9804677592652132E-008  -2.3106675883152218E-008  -1.8026295550072533E-008  -1.4148183251802893E-008  -1.1168337035631633E-008  -8.8635187990631812E-009  -7.0690919338959960E-009  -5.6630326026362069E-009  -4.5544087746298199E-009  -3.6750706772930001E-009  -2.9736426671110765E-009  -2.4111636992476748E-009  -1.9579103744577079E-009  -1.5910705422222793E-009  -1.2930308602715838E-009  -1.0501094231896811E-009  -8.5161259830671488E-010  -6.8912927570140724E-010  -5.5599997625396811E-010  -4.4691552906941921E-010  -3.5761239009110129E-010  -2.8464052313979780E-010  -2.2518613520070335E-010  -1.7693613507180883E-010  -1.3797449138728922E-010  -1.0670304828582451E-010  -8.1781090985309871E-011  -6.2079219765546663E-011  -4.6644039376328377E-011  -3.4670897646293146E-011  -2.5482491383440732E-011  -1.8511639685876869E-011  -1.3286940543990741E-011  -9.4203844140372522E-012  -6.5963026186390263E-012  -4.5612786312839277E-012  -3.1148411288781898E-012  -2.1008895180190634E-012  -1.3998797291225241E-012  -9.2182732610268850E-013  -6.0017936517236773E-013  -3.8657821873949453E-013  -2.4650290872506234E-013  -1.5573628355511659E-013  -9.7576698353253820E-014  -6.0694061034032809E-014  -3.7522654420413192E-014  -2.3085436353943003E-014  -1.4153821088099790E-014  -8.6603501684493026E-015  -5.2965889498203540E-015  -3.2431216466815835E-015  -1.9914687006373233E-015  -1.2285410840922657E-015  -7.6277287866264809E-016  -4.7751736016894363E-016  -3.0198174427668201E-016  -1.9327855642503512E-016  -1.2543272826697369E-016  -8.2692865943993677E-017  -5.5481485187077921E-017  -3.7951159770323203E-017  -2.6512359910488827E-017  -1.8946853804314877E-017  -1.3873123835546823E-017  -1.0423212766082582E-017  -8.0466383968676583E-018  -6.3908283082784102E-018  -5.2277926508828575E-018  -4.4088711913486534E-018  -3.8366369235397073E-018  -3.4473754602142897E-018  -3.2001653206356059E-018  -3.0701314516353404E-018
  -2.1162023710965764E-010  -5.8675396987642390E-009  -3.5256111059707426E-008  -1.1983687225583249E-007  -2.9898740652769350E-007  -6.0757405859293877E-007  -1.0556329394265055E-006  -1.6070460827742609E-006  -2.1730134244219657E-006  -2.6349325464305740E-006  -2.8918334123551813E-006  -2.9035335072623358E-006  -2.7003587959922048E-006  -2.3576460339832516E-006  -1.9583239799899611E-006  -1.5666606472246438E-006  -1.2200354741032570E-006  -9.3301163129494868E-007  -7.0556515780273703E-007  -5.3044358365203046E-007  -3.9803762180863761E-007  -2.9898772250299241E-007  -2.2527980068880656E-007  -1.7050835787319661E-007  -1.2975554675914802E-007  -9.9335682957579715E-008  -7.6525401094636335E-008  -5.9327784612179627E-008  -4.6283402449890645E-008  -3.6325937820832392E-008  -2.8674882770651783E-008  -2.2757059458377136E-008  -1.8149741513639145E-008  -1.4539611948500660E-008  -1.1693185868020298E-008  -9.4354759795375461E-009  -7.6345661334634321E-009  -6.1904174354310517E-009  -5.0267106980026150E-009  -4.0848728335391958E-009  -3.3196797193037450E-009  -2.6960019034767964E-009  -2.1863827998708330E-009  -1.7692265199464000E-009  -1.4274346940591150E-009  -1.1473760048003613E-009  -9.1810386489320583E-010  -7.3076042048231782E-010  -5.7812140019334033E-010  -4.5424809933345861E-010  -3.5422126882947715E-010  -2.7393780383384411E-010  -2.0995557370877368E-010  -1.5937499122666406E-010  -1.1974834991537768E-010  -8.9009830169342797E-011  -6.5420568266115038E-011  -4.7524426893601242E-011  -3.4111168519219081E-011  -2.4184653242550373E-011  -1.6934464635684086E-011  -1.1710007875190873E-011  -7.9966150839544029E-012  -5.3935316671438110E-012  -3.5938544920661645E-012  -2.3665686424244846E-012  -1.5408145356292981E-012  -9.9244507699901732E-013  -6.3283568064529461E-013  -3.9981449581766215E-013  -2.5050400906774374E-013  -1.5581691517628834E-013  -9.6330055927947976E-014  -5.9266080995754390E-014  -3.6336383068005926E-014  -2.2233269210404389E-014  -1.3597655456953220E-014  -8.3258943866698001E-015  -5.1125909360636499E-015  -3.1539670667491480E-015  -1.9582251637279878E-015  -1.2259040297740073E-015  -7.7526097445289747E-016  -4.9619323624926034E-016  -3.2201638636801129E-016  -2.1229271391739749E-016  -1.4243445928486477E-016  -9.7429841675313843E-017  -6.8063658018631854E-017  -4.8641164533562798E-017  -3.5615667303242927E-017  -2.6758908471838883E-017  -2.0657665867641348E-017  -1.6406800215392373E-017  -1.3421005981492274E-017  -1.1318636398787174E-017  -9.8495725959606666E-018  -8.8502442663338685E-018  -8.2155960521056603E-018  -7.8817677000773358E-018
  -4.2927603124743457E-010  -1.1902814339660216E-008  -7.1532253311617743E-008  -2.4326100759433461E-007  -6.0757405859293877E-007  -1.2370302329299600E-006  -2.1557676575065804E-006  -3.2956679511365188E-006  -4.4799541275959042E-006  -5.4650672917255037E-006  -6.0354530996753092E-006  -6.0958924390536262E-006  -5.6988859358570111E-006  -4.9968549854913410E-006  -4.1642201394602262E-006  -3.3395000361208984E-006  -2.6051492318737956E-006  -1.9946625802863991E-006  -1.5096398837066636E-006  -1.1355614606583453E-006  -8.5241102625032858E-007  -6.4043698797751283E-007  -4.8262114918269887E-007  -3.6531394263803221E-007  -2.7801413007436736E-007  -2.1284140854738736E-007  -1.6396821914490272E-007  -1.2711922679372775E-007  -9.9168766696341211E-008  -7.7832603128495463E-008  -6.1438517489421930E-008  -4.8758383672678744E-008  -3.8886395568482224E-008  -3.1151167946376686E-008  -2.5052376479615882E-008  -2.0215048392846153E-008  -1.6356507910974221E-008  -1.3262389477832723E-008  -1.0769156776144742E-008  -8.7513015499165253E-009  -7.1119206862748417E-009  -5.7757423892875384E-009  -4.6839363934922793E-009  -3.7902306351606257E-009  -3.0579901166033042E-009  -2.4580087637510099E-009  -1.9668330507189391E-009  -1.5654849031291295E-009  -1.2384864192798666E-009  -9.7311416627670179E-010  -7.5882897965132193E-010  -5.8684033221416846E-010  -4.4977385475666125E-010  -3.4141757912426515E-010  -2.5652768037437398E-010  -1.9067850480019521E-010  -1.4014487392204185E-010  -1.0180731815068527E-010  -7.3073173483528067E-011  -5.1808444517876863E-011  -3.6277013432719818E-011  -2.5085147148629690E-011  -1.7130305588733159E-011  -1.1553980833212612E-011  -7.6987182428118408E-012  -5.0696339331519339E-012  -3.3007106236514544E-012  -2.1259996210704375E-012  -1.3556491345903477E-012  -8.5647471456561870E-013  -5.3662435457298984E-013  -3.3378745444904331E-013  -2.0635592742786566E-013  -1.2695829825776028E-013  -7.7838837405205978E-014  -4.7627496158626458E-014  -2.9128508686408348E-014  -1.7835484948254500E-014  -1.0952036709822383E-014  -6.7563296618972357E-015  -4.1948472315932841E-015  -2.6260914768187474E-015  -1.6607381596948609E-015  -1.0629282700916820E-015  -6.8981236478291754E-016  -4.5476599785952841E-016  -3.0511802882890801E-016  -2.0871069585386451E-016  -1.4580348803030231E-016  -1.0419731257318425E-016  -7.6294560142184803E-017  -5.7321932311485475E-017  -4.4252073401932407E-017  -3.5146025425480828E-017  -2.8749967627511919E-017  -2.4246349817468221E-017  -2.1099376269177928E-017  -1.8958652662227942E-017  -1.7599133083740640E-017  -1.6884018542210747E-017
  -7.4379453064312206E-010  -2.0624721945215936E-008  -1.2398111254145606E-007  -4.2194982732727521E-007  -1.0556329394265055E-006  -2.1557676575065804E-006  -3.7747004016937315E-006  -5.8092257354982706E-006  -7.9637956042853692E-006  -9.8099748609558224E-006  -1.0944911972329299E-005  -1.1163283577961541E-005  -1.0527143761524284E-005  -9.2966254025360436E-006  -7.7907586858868248E-006  -6.2736466421796370E-006  -4.9085284786857908E-006  -3.7659625497946084E-006  -2.8541816683705262E-006  -2.1489126786514402E-006  -1.6140538991534329E-006  -1.2131431875831626E-006  -9.1441995413812402E-007  -6.9225733851008108E-007  -5.2686920620563174E-007  -4.0337498939586883E-007  -3.1075497804044286E-007  -2.4091739164684717E-007  -1.8794295185910749E-007  -1.4750422950900720E-007  -1.1643249168594712E-007  -9.2400184535806215E-008  -7.3690467728462331E-008  -5.9030756491790879E-008  -4.7472686765542379E-008  -3.8305496944135663E-008  -3.0993379875822588E-008  -2.5130016307443869E-008  -2.0405438036441776E-008  -1.6581761368950236E-008  -1.3475324418644940E-008  -1.0943467133050980E-008  -8.8746933827554398E-009  -7.1813097558774601E-009  -5.7938884096974011E-009  -4.6570815402650506E-009  -3.7264438949627966E-009  -2.9660121603107361E-009  -2.3464564601783982E-009  -1.8436670093494471E-009  -1.4376734249255898E-009  -1.1118190931061377E-009  -8.5213104738957831E-010  -6.4683904473995013E-010  -4.8600741009218370E-010  -3.6125081266858915E-010  -2.6551121422730953E-010  -1.9287827510132803E-010  -1.3843982715105086E-010  -9.8152753370251287E-011  -6.8727792712520335E-011  -4.7524388326600388E-011  -3.2453689441931387E-011  -2.1889193226689765E-011  -1.4585312675073113E-011  -9.6044650341470158E-012  -6.2532147059886960E-012  -4.0277121955570656E-012  -2.5682775122355048E-012  -1.6225894004117602E-012  -1.0166323983691246E-012  -6.3235810421988649E-013  -3.9093951736670377E-013  -2.4052116107629018E-013  -1.4746472426649096E-013  -9.0229631260495876E-014  -5.5183511977874253E-014  -3.3789027008883532E-014  -2.0748435424579992E-014  -1.2799736057758183E-014  -7.9470522910532784E-015  -4.9750738187711684E-015  -3.1462310947608178E-015  -2.0136927355787246E-015  -1.3068328042499125E-015  -8.6154280695990587E-016  -5.7803825586300223E-016  -3.9539690756470024E-016  -2.7622077544301476E-016  -1.9739894197206143E-016  -1.4453790807398041E-016  -1.0859477101244456E-016  -8.3834277991999548E-017  -6.6583120761998732E-017  -5.4465967490097995E-017  -4.5933990337381632E-017  -3.9972138277573713E-017  -3.5916598547647221E-017  -3.3341027729088137E-017  -3.1986263831576233E-017
  -1.1279895876048268E-009  -3.1280295159050359E-008  -1.8810395759095414E-007  -6.4086652322156686E-007  -1.6070460827742609E-006  -3.2956679511365188E-006  -5.8092257354982706E-006  -9.0253424490769359E-006  -1.2524173176714072E-005  -1.5648603422089812E-005  -1.7725987206018695E-005  -1.8349522967754862E-005  -1.7535940304965196E-005  -1.5659481127421507E-005  -1.3238082334121005E-005  -1.0729871651700708E-005  -8.4343765893032604E-006  -6.4921102403847011E-006  -4.9311274732015440E-006  -3.7180712150666224E-006  -2.7953135368479123E-006  -2.1022708818977460E-006  -1.5852090988416476E-006  -1.2003465121442674E-006  -9.1368571588786353E-007  -6.9956798902516659E-007  -5.3894956329602271E-007  -4.1782660169406397E-007  -3.2594561299560861E-007  -2.5580609460501814E-007  -2.0191378067830911E-007  -1.6023198318099712E-007  -1.2778276689895641E-007  -1.0235861412618374E-007  -8.2314372228638099E-008  -6.6417059943428586E-008  -5.3737209208890445E-008  -4.3569994265572844E-008  -3.5377743815098708E-008  -2.8747840008796178E-008  -2.3361727285496740E-008  -1.8971976349584032E-008  -1.5385216239370837E-008  -1.2449363660789973E-008  -1.0044017156595257E-008  -8.0731963423965371E-009  -6.4598300465288143E-009  -5.1415575334776093E-009  -4.0675222248721682E-009  -3.1959202889767041E-009  -2.4921262737605292E-009  -1.9272611461300187E-009  -1.4770994431063788E-009  -1.1212351984157800E-009  -8.4244345157744522E-010  -6.2618732767203612E-010  -4.6023121190644130E-010  -3.3432929972283215E-010  -2.3996629862716050E-010  -1.7013352920202067E-010  -1.1912918445485248E-010  -8.2376014257934642E-011  -5.6253155617363967E-011  -3.7941215833464869E-011  -2.5281101911619230E-011  -1.6647625086467032E-011  -1.0838804363273193E-011  -6.9812866283573509E-012  -4.4516197195095170E-012  -2.8124439414449095E-012  -1.7621317456471075E-012  -1.0960661398645717E-012  -6.7761426261300801E-013  -4.1689395494578847E-013  -2.5559940180714886E-013  -1.5639407559027930E-013  -9.5648885522238005E-014  -5.8566026920664636E-014  -3.5962921366791124E-014  -2.2185549455579360E-014  -1.3774468198103944E-014  -8.6231893543341317E-015  -5.4532908766005378E-015  -3.4902852682401150E-015  -2.2651003608991630E-015  -1.4932894840622098E-015  -1.0018979189703189E-015  -6.8533029269986115E-016  -4.7876543571586270E-016  -3.4214569344631427E-016  -2.5052314174161235E-016  -1.8822393332565014E-016  -1.4530729657855254E-016  -1.1540638112571324E-016  -9.4404087164979556E-017  -7.9615873513682273E-017  -6.9282380748978616E-017  -6.2253040851404419E-017  -5.7788885219303974E-017  -5.5440715831863021E-017
  -1.5179642242662715E-009  -4.2098384543156603E-008  -2.5327447240959688E-007  -8.6405269521345934E-007  -2.1730134244219657E-006  -4.4799541275959042E-006  -7.9637956042853692E-006  -1.2524173176714072E-005  -1.7658356034336608E-005  -2.2487676208390867E-005  -2.6008622964558017E-005  -2.7490183831238883E-005  -2.6779484987493066E-005  -2.4307106814959157E-005  -2.0816988799253866E-005  -1.7038497013623900E-005  -1.3488002354506542E-005  -1.0433030826343851E-005  -7.9508960220346044E-006  -6.0082431626198164E-006  -4.5236157607787305E-006  -3.4052024189180868E-006  -2.5691466010500470E-006  -1.9460650269398227E-006  -1.4815992965798147E-006  -1.1345011366390279E-006  -8.7405217093004223E-007  -6.7761464571072190E-007  -5.2859029367212864E-007  -4.1482650808980116E-007  -3.2741621475355808E-007  -2.5981300438700998E-007  -2.0718647383216549E-007  -1.6595548650936966E-007  -1.3345107204219256E-007  -1.0767292358449589E-007  -8.7113166221544208E-008  -7.0628406290808532E-008  -5.7346457084204312E-008  -4.6598025028804404E-008  -3.7866421804812466E-008  -3.0750347531546661E-008  -2.4936196599799864E-008  -2.0177337116320269E-008  -1.6278526161059220E-008  -1.3084130417552149E-008  -1.0469184630094604E-008  -8.3325805810271762E-009  -6.5918663239194626E-009  -5.1792700520999606E-009  -4.0386600458630049E-009  -3.1232222480607555E-009  -2.3936878782013209E-009  -1.8169807606872061E-009  -1.3651818617636790E-009  -1.0147299199368803E-009  -7.4579414700882314E-010  -5.4176918379459816E-010  -3.8885464853769495E-010  -2.7569211298333777E-010  -1.9304127492338051E-010  -1.3348440628636932E-010  -9.1153754042447250E-011  -6.1480440337284096E-011  -4.0965656218780330E-011  -2.6975811557417081E-011  -1.7563135029998243E-011  -1.1312397800555746E-011  -7.2133315166514478E-012  -4.5572246307131205E-012  -2.8553131654571304E-012  -1.7760329724907811E-012  -1.0979833767653824E-012  -6.7551944773526432E-013  -4.1416289557432057E-013  -2.5341411957266902E-013  -1.5498498954190028E-013  -9.4897495871179836E-014  -5.8272448731708780E-014  -3.5948258525524770E-014  -2.2319369093163826E-014  -1.3972510492049178E-014  -8.8361824164696277E-015  -5.6554407835037108E-015  -3.6702237903680123E-015  -2.4196285433520843E-015  -1.6234084242130787E-015  -1.1104625312050606E-015  -7.7575835132340056E-016  -5.5438882474134329E-016  -4.0592984758685526E-016  -3.0498449078784161E-016  -2.3544535875873117E-016  -1.8699601862543557E-016  -1.5296539257733883E-016  -1.2900362930951312E-016  -1.1225998173204135E-016  -1.0087014806190977E-016  -9.3636754485789262E-017  -8.9831951766200492E-017
  -1.8307142329458567E-009  -5.0777043160805449E-008  -3.0564512825362241E-007  -1.0442864918523687E-006  -2.6349325464305740E-006  -5.4650672917255037E-006  -9.8099748609558224E-006  -1.5648603422089812E-005  -2.2487676208390867E-005  -2.9315800947813156E-005  -3.4813400724445970E-005  -3.7816587671851793E-005  -3.7808168918499002E-005  -3.5106347005535436E-005  -3.0626222626648766E-005  -2.5423589189592342E-005  -2.0333403059562692E-005  -1.5841334281165672E-005  -1.2131572618890064E-005  -9.1972157482197557E-006  -6.9392237712506509E-006  -5.2306084259518337E-006  -3.9496718251449682E-006  -2.9932750167569766E-006  -2.2795135295811474E-006  -1.7457304744707232E-006  -1.3450284481168197E-006  -1.0427361987716703E-006  -8.1338045114462160E-007  -6.3828632281319751E-007  -5.0375502579453412E-007  -3.9971325136443668E-007  -3.1872595354742843E-007  -2.5528007891051390E-007  -2.0526653302079210E-007  -1.6560564935473658E-007  -1.3397597448487095E-007  -1.0861728745041039E-007  -8.8186974654022216E-008  -7.1654828611604428E-008  -5.8225603531495596E-008  -4.7281701349501590E-008  -3.8340524496693205E-008  -3.1022569582004799E-008  -2.5027431189136192E-008  -2.0115666357554070E-008  -1.6095029310588577E-008  -1.2809986908526756E-008  -1.0133713452148728E-008  -7.9619709078793100E-009  -6.2084301600199753E-009  -4.8010968976108978E-009  -3.6795840985870327E-009  -2.7930304772114206E-009  -2.0985071096864669E-009  -1.5597873961111591E-009  -1.1463818345398325E-009  -8.3276095323571189E-010  -5.9770845149457270E-010  -4.2376275107622421E-010  -2.9671890352644409E-010  -2.0517404306174437E-010  -1.4010818560129752E-010  -9.4498125144188961E-011  -6.2965636966806365E-011  -4.1462534023341228E-011  -2.6994865009976660E-011  -1.7387283509940672E-011  -1.1086923336997005E-011  -7.0044461619159789E-012  -4.3885944118741027E-012  -2.7297392564310518E-012  -1.6875803208774426E-012  -1.0382577615885903E-012  -6.3655693004476201E-013  -3.8948944044733703E-013  -2.3820639294487224E-013  -1.4585371544478739E-013  -8.9562261684284091E-014  -5.5250822188310547E-014  -3.4303779361285866E-014  -2.1475027399993749E-014  -1.3580733808242488E-014  -8.6920928681128908E-015  -5.6409185548269370E-015  -3.7188222033693460E-015  -2.4950772150066134E-015  -1.7067095833504046E-015  -1.1922895634797346E-015  -8.5205838738972156E-016  -6.2388640121173189E-016  -4.6873995272863142E-016  -3.6186290958837385E-016  -2.8739952976789240E-016  -2.3509677432247567E-016  -1.9826919316962481E-016  -1.7253536922470517E-016  -1.5502999106023581E-016  -1.4391277325132574E-016  -1.3806505957234181E-016
  -1.9980658786972163E-009  -5.5424356486887139E-008  -3.3379543761745039E-007  -1.1422290011517628E-006  -2.8918334123551813E-006  -6.0354530996753092E-006  -1.0944911972329299E-005  -1.7725987206018695E-005  -2.6008622964558017E-005  -3.4813400724445970E-005  -4.2643312050269303E-005  -4.7899012017984870E-005  -4.9503995273648859E-005  -4.7374433600194606E-005  -4.2387903588734962E-005  -3.5890016579386420E-005  -2.9126050596534614E-005  -2.2926160655226980E-005  -1.7680864242061356E-005  -1.3466888420240706E-005  -1.0191501315889921E-005  -7.6969285509039785E-006  -5.8189733470225197E-006  -4.4130963977784890E-006  -3.3621321959918078E-006  -2.5753627116652706E-006  -1.9843849932171527E-006  -1.5383945338294203E-006  -1.1999552176713869E-006  -9.4157078147512387E-007  -7.4304784800584299E-007  -5.8952655814832216E-007  -4.7003421938140664E-007  -3.7643272172392757E-007  -3.0265577854396855E-007  -2.4415676715842185E-007  -1.9750856526623385E-007  -1.6011277276539233E-007  -1.2998763514020069E-007  -1.0561268087769065E-007  -8.5814344816689296E-008  -6.9681323093208823E-008  -5.6501592459639055E-008  -4.5715295553435506E-008  -3.6879310258218995E-008  -2.9640475340134919E-008  -2.3715270357124477E-008  -1.8874340207097587E-008  -1.4930680474425530E-008  -1.1730606260103237E-008  -9.1468481521681805E-009  -7.0732785720847009E-009  -5.4208875102465550E-009  -4.1147114710086602E-009  -3.0914827471990740E-009  -2.2978147986172661E-009  -1.6887783707430530E-009  -1.2267552690479850E-009  -8.8048430645414804E-010  -6.2423776492907855E-010  -4.3708698103924731E-010  -3.0223224520229676E-010  -2.0638489940966904E-010  -1.3919829242760935E-010  -9.2749351067406454E-011  -6.1074499833846081E-011  -3.9763285017674604E-011  -2.5611207316355947E-011  -1.6330773960995227E-011  -1.0317324859304161E-011  -6.4642253999671906E-012  -4.0207780718446407E-012  -2.4857155045591771E-012  -1.5292916494706591E-012  -9.3760661976280264E-013  -5.7369029086612943E-013  -3.5085989534447133E-013  -2.1483073703561932E-013  -1.3191757928038638E-013  -8.1379525788512134E-014  -5.0526271632875819E-014  -3.1630638657549472E-014  -2.0003062805482619E-014  -1.2802557012346195E-014  -8.3084757612526966E-015  -5.4774216668981716E-015  -3.6749720863364458E-015  -2.5137902386307080E-015  -1.7561053336850380E-015  -1.2549824184801860E-015  -9.1891073429213563E-016  -6.9039771980440889E-016  -5.3298019144344674E-016  -4.2330433960140062E-016  -3.4626855569089796E-016  -2.9202591188037133E-016  -2.5412307229905984E-016  -2.2833975833095834E-016  -2.1196544032997584E-016  -2.0335246659479366E-016
  -1.9956673275800578E-009  -5.5363090488135942E-008  -3.3359213813545045E-007  -1.1431925506788224E-006  -2.9035335072623358E-006  -6.0958924390536262E-006  -1.1163283577961541E-005  -1.8349522967754862E-005  -2.7490183831238883E-005  -3.7816587671851793E-005  -4.7899012017984870E-005  -5.5886767818721601E-005  -6.0099766316305417E-005  -5.9742463831669042E-005  -5.5264539148260255E-005  -4.8069445652977490E-005  -3.9810587755524142E-005  -3.1794629497284724E-005  -2.4765834327232310E-005  -1.8988781513992980E-005  -1.4432437101918217E-005  -1.0929709024427730E-005  -8.2770399326581854E-006  -6.2836786439680318E-006  -4.7900038715321493E-006  -3.6701807058450719E-006  -2.8282997518202707E-006  -2.1926512689266604E-006  -1.7101735697454674E-006  -1.3417907180201880E-006  -1.0587576020265916E-006  -8.3989972102925709E-007  -6.6957210868876574E-007  -5.3616751992829291E-007  -4.3103240040531891E-007  -3.4768077446311230E-007  -2.8122389366095433E-007  -2.2795550668938761E-007  -1.8504925844759149E-007  -1.5033696571889646E-007  -1.2214537332227781E-007  -9.9175346208210212E-008  -8.0411987990642961E-008  -6.5057409519053968E-008  -5.2480176963297670E-008  -4.2177115998263680E-008  -3.3744327776160089E-008  -2.6855118326347924E-008  -2.1243151147547957E-008  -1.6689570568311979E-008  -1.3013159041992469E-008  -1.0062819465214651E-008  -7.7118389398285147E-009  -5.8535115067544629E-009  -4.3977877510180022E-009  -3.2686886267866272E-009  -2.4022762987892166E-009  -1.7450208357707199E-009  -1.2524409397809598E-009  -8.8793084357368853E-010  -6.2171438294434090E-010  -4.2989086397617744E-010  -2.9355542406530747E-010  -1.9798908049765728E-010  -1.3192092504341766E-010  -8.6867738630175535E-011  -5.6555771261248981E-011  -3.6426803831647847E-011  -2.3227066930700647E-011  -1.4674101741197361E-011  -9.1938611593239577E-012  -5.7185876071370973E-012  -3.5353100471314445E-012  -2.1750236577073792E-012  -1.3334970984274481E-012  -8.1591854105842102E-013  -4.9900059628002978E-013  -3.0553566916921780E-013  -1.8761452688316596E-013  -1.1573836698469571E-013  -7.1858469833747445E-014  -4.4984955469106959E-014  -2.8448184327420221E-014  -1.8207637073248987E-014  -1.1816180905816907E-014  -7.7898830857352315E-015  -5.2264630065206773E-015  -3.5750491898867903E-015  -2.4974843396897301E-015  -1.7847983319449413E-015  -1.3068453669715470E-015  -9.8186021324618265E-016  -7.5798547566660654E-016  -6.0200777742413120E-016  -4.9244991326340285E-016  -4.1530780070775638E-016  -3.6140366081178037E-016  -3.2473552161525152E-016  -3.0144854114759783E-016  -2.8919947527630740E-016
  -1.8475654815950935E-009  -5.1258739589410870E-008  -3.0899463036967877E-007  -1.0602381538302260E-006  -2.7003587959922048E-006  -5.6988859358570111E-006  -1.0527143761524284E-005  -1.7535940304965196E-005  -2.6779484987493066E-005  -3.7808168918499002E-005  -4.9503995273648859E-005  -6.0099766316305417E-005  -6.7544736271011663E-005  -7.0230438883418943E-005  -6.7738162082204206E-005  -6.1044688812957648E-005  -5.1976457647815970E-005  -4.2359677671990449E-005  -3.3462283503003760E-005  -2.5898906455378269E-005  -1.9805118317133720E-005  -1.5056726259742654E-005  -1.1429829019588673E-005  -8.6896767935229674E-006  -6.6295114960434240E-006  -5.0818016739171027E-006  -3.9168088214258941E-006  -3.0365915460840472E-006  -2.3682450594347978E-006  -1.8578802561032741E-006  -1.4657629804422179E-006  -1.1625820912492765E-006  -9.2666245223191012E-007  -7.4191541421691259E-007  -5.9634375771020613E-007  -4.8095484849101752E-007  -3.8897087274299825E-007  -3.1525401378745203E-007  -2.5588680858622627E-007  -2.0786457367731542E-007  -1.6886892934183921E-007  -1.3710019835275373E-007  -1.1115272081762433E-007  -8.9921602280232355E-008  -7.2532608476362528E-008  -5.8289205174266046E-008  -4.6632378107951767E-008  -3.7110042519232745E-008  -2.9353696258195970E-008  -2.3060578350814420E-008  -1.7980033180942295E-008  -1.3903096915281022E-008  -1.0654552356862681E-008  -8.0868665386553878E-009  -6.0755508045627051E-009  -4.5155794855847140E-009  -3.3185801789943977E-009  -2.4105724524527566E-009  -1.7300863033031870E-009  -1.2265387098250890E-009  -8.5878657113790513E-010  -5.9380700553253871E-010  -4.0548098647880137E-010  -2.7347358185943596E-010  -1.8221411555819170E-010  -1.1998347469892604E-010  -7.8115066595536391E-011  -5.0312308645158032E-011  -3.2080650648391321E-011  -2.0267315747198673E-011  -1.2698102614626956E-011  -7.8981632750742235E-012  -4.8827165083641632E-012  -3.0039650912148970E-012  -1.8417050179061477E-012  -1.1268655222305065E-012  -6.8916597432217404E-013  -4.2197072720620023E-013  -2.5911029649473705E-013  -1.5984295969896735E-013  -9.9241249254216167E-014  -6.2126914080822558E-014  -3.9288495440958928E-014  -2.5145652571707010E-014  -1.6318680790447735E-014  -1.0758149090625373E-014  -7.2179406691721549E-015  -4.9372640865456003E-015  -3.4491026120656058E-015  -2.4648562210001603E-015  -1.8047864882230377E-015  -1.3559715136908233E-015  -1.0467938152044072E-015  -8.3138428049996508E-016  -6.8008202308389840E-016  -5.7354687820355032E-016  -4.9910400926717862E-016  -4.4846449349216946E-016  -4.1630467216004076E-016  -3.9938845409268759E-016
  -1.6070930808138739E-009  -4.4590085589242151E-008  -2.6888948447720164E-007  -9.2357699298553343E-007  -2.3576460339832516E-006  -4.9968549854913410E-006  -9.2966254025360436E-006  -1.5659481127421507E-005  -2.4307106814959157E-005  -3.5106347005535436E-005  -4.7374433600194606E-005  -5.9742463831669042E-005  -7.0230438883418943E-005  -7.6707217879665952E-005  -7.7717391587780094E-005  -7.3232096921623904E-005  -6.4685753348525321E-005  -5.4204381313522571E-005  -4.3671952382986618E-005  -3.4254164284065377E-005  -2.6422940046285353E-005  -2.0198862659119281E-005  -1.5385636180693408E-005  -1.1721041770203842E-005  -8.9526523373615917E-006  -6.8668141666883405E-006  -5.2940364754111226E-006  -4.1045465340909780E-006  -3.2009134897903171E-006  -2.5107377956732535E-006  -1.9804623750330126E-006  -1.5705002391077940E-006  -1.2515427248486421E-006  -1.0018207318844852E-006  -8.0509596370383027E-007  -6.4919563319661880E-007  -5.2494540706335818E-007  -4.2539173568170489E-007  -3.4523368521842381E-007  -2.8040633335629493E-007  -2.2777395981988625E-007  -1.8490299337308032E-007  -1.4989311482657583E-007  -1.2125096015753801E-007  -9.7795192271881342E-008  -7.8584805027775844E-008  -6.2864741441377223E-008  -5.0024500596651059E-008  -3.9566553038568645E-008  -3.1082209026125557E-008  -2.4233178412487595E-008  -1.8737490151251138E-008  -1.4358750726078075E-008  -1.0897948767954976E-008  -8.1871831529994070E-009  -6.0848224388831327E-009  -4.4717076375892622E-009  -3.2480966735248633E-009  -2.3311225873209488E-009  -1.6526010660656433E-009  -1.1570768545003931E-009  -8.0004271373345791E-010  -5.4629835614801800E-010  -3.6844011931083715E-010  -2.4548572099194642E-010  -1.6164372162305601E-010  -1.0523637181654617E-010  -6.7779660518417556E-011  -4.3217813797749350E-011  -2.7303021570207263E-011  -1.7106001551000494E-011  -1.0639746915348974E-011  -6.5775250836270690E-012  -4.0466158216355273E-012  -2.4809243122788540E-012  -1.5179662919702150E-012  -9.2834773854561070E-013  -5.6841589619563326E-013  -3.4903244272198224E-013  -2.1531389741705359E-013  -1.3368059671846070E-013  -8.3686172916183234E-014  -5.2922122730176810E-014  -3.3871377062295188E-014  -2.1981292220704263E-014  -1.4491191619227311E-014  -9.7225088846915306E-015  -6.6504345734083464E-015  -4.6458858099762815E-015  -3.3201130614922082E-015  -2.4310063417378498E-015  -1.8264589480821236E-015  -1.4100018821751594E-015  -1.1198494775366433E-015  -9.1604864772000109E-016  -7.7254833739548264E-016  -6.7227567458794693E-016  -6.0406558768194858E-016  -5.6074718805958184E-016  -5.3796151449931816E-016
