# Version 0.32
# Potential name = chengdu_MMWLY_400   
# L = 0
# S = 0
# J = 0
# Order = 0                   
# K_MAX = 0800 MeV
# For uncoupled channels, e.g., 3P0 (LSJ = 110)
# storage = D(1:N，1:N) (row, column)
# D(i,j)  = <pout(j),L|V|L,pin(i)>
# Normalization
# If V were so weak as to validate the Born approximation, the relation of V
# in 1S0 and the respective scattering length 'a' would have been
# <p|V|p> = 2/pi * a + ... for p->0, in unit of MeV^(-1)
# Momenta are in unit of MeV
# The value of pin and pout, where pin(1:N) = pout(1:N)
  0.11450929062345949       0.60321974416166313        1.4819461067499446        2.7500251850226505        4.4062419028032878        6.4489837175771640        8.8762566052326974        11.685689694517464        14.874538297673780        18.439686829803293        22.377651945497576        26.684585982768169        31.356280741866385        36.388171606988124        41.775342011709199        47.512528245992655        53.594124601134183        60.014188848163485        66.766448044639674        73.844304664329513        81.240843043874179        88.948836140201820        96.960752592117160        105.26876407919173        113.86475297077743        122.74032025767923        131.88679375874364        141.29523659434830        150.95645591851689        160.86101190112851        170.99922695144753        181.36119517396233        191.93679204729480        202.71568431672361        213.68734009065676        224.84103913118742        236.16588332867937        247.65080735014803        259.28458945103131        271.05586243978837        282.95312478461119        294.96475185139860        307.07900726201041        319.28405436170561        331.56796778455868        343.91874510555442        356.32431856797552        368.77256687462534        381.25132703136336        393.74840623138277        406.25159376861723        418.74867296863664        431.22743312537466        443.67568143202448        456.08125489444558        468.43203221544132        480.71594563829439        492.92099273798959        505.03524814860140        517.04687521538881        528.94413756021163        540.71541054896875        552.34919264985194        563.83411667132066        575.15896086881253        586.31265990934321        597.28431568327642        608.06320795270517        618.63880482603770        629.00077304855245        639.13898809887155        649.04354408148311        658.70476340565165        668.11320624125642        677.25967974232071        686.13524702922257        694.73123592080833        703.03924740788284        711.05116385979818        718.75915695612582        726.15569533567054        733.23355195536033        739.98581115183651        746.40587539886587        752.48747175400740        758.22465798829080        763.61182839301182        768.64371925813361        773.31541401723189        777.62234805450248        781.56031317019665        785.12546170232622        788.31431030548254        791.12374339476730        793.55101628242278        795.59375809719677        797.24997481497735        798.51805389325000        799.39678025583839        799.88549070937654     
# Matrix elements start here 
  -4.6345081453921834E-003  -4.6344654524623982E-003  -4.6342424602461504E-003  -4.6335895927993162E-003  -4.6321489432200099E-003  -4.6294583127636365E-003  -4.6249582798901989E-003  -4.6180035686592021E-003  -4.6078800353002722E-003  -4.5938284167261634E-003  -4.5750755085303295E-003  -4.5508726115359409E-003  -4.5205399150261187E-003  -4.4835140793084262E-003  -4.4393948685409693E-003  -4.3879856013747326E-003  -4.3293218064107911E-003  -4.2636830903644736E-003  -4.1915849397295103E-003  -4.1137497729304305E-003  -4.0310595387667795E-003  -3.9444948529793007E-003  -3.8550674570823548E-003  -3.7637533007307674E-003  -3.6714327793754488E-003  -3.5788429239219047E-003  -3.4865441512265194E-003  -3.3949020660835535E-003  -3.3040831435268217E-003  -3.2140620991864023E-003  -3.1246383696755193E-003  -3.0354592404228395E-003  -2.9460475853342960E-003  -2.8558327347772972E-003  -2.7641835166726902E-003  -2.6704429199068233E-003  -2.5739640554734398E-003  -2.4741471205941886E-003  -2.3704769130672943E-003  -2.2625601257426475E-003  -2.1501612195290037E-003  -2.0332351887295593E-003  -1.9119550710818263E-003  -1.7867317058726307E-003  -1.6582231029092305E-003  -1.5273309445673756E-003  -1.3951822736759439E-003  -1.2630953526947051E-003  -1.1325299863683884E-003  -1.0050241798048685E-003  -8.8212068060980508E-004  -7.6528849020141617E-004  -6.5584556017927607E-004  -5.5488936888231991E-004  -4.6324173063971348E-004  -3.8141298043476590E-004  -3.0958870893880080E-004  -2.4763975752351431E-004  -1.9515359133241228E-004  -1.5148286197032767E-004  -1.1580531477737228E-004  -8.7188429127622589E-005  -6.4652369680995590E-005  -4.7225857091966142E-005  -3.3991179439170723E-005  -2.4116426059392279E-005  -1.6874802491570558E-005  -1.1652319115197725E-005  -7.9460888577019292E-006  -5.3558921983760772E-006  -3.5716395750763320E-006  -2.3590107980643586E-006  -1.5450249935255244E-006  -1.0047243043953560E-006  -6.4963597140801390E-007  -4.1826496855183832E-007  -2.6858082688044508E-007  -1.7228918934877226E-007  -1.1059805226192064E-007  -7.1173006917259423E-008  -4.5999563259750394E-008  -2.9913686879078035E-008  -1.9610155741310253E-008  -1.2983990590910702E-008  -8.6990334199042334E-009  -5.9085599470335505E-009  -4.0760451327108671E-009  -2.8610314477790735E-009  -2.0468552276036832E-009  -1.4950516427356399E-009  -1.1166502942217436E-009  -8.5411378313286752E-010  -6.6996279671681447E-010  -5.3959684019715184E-010  -4.4674873852137651E-010  -3.8059594176655382E-010  -3.3391827745544273E-010  -3.0192105413184316E-010  -2.8148573051870602E-010  -2.7069808474828765E-010
  -4.6344654524623982E-003  -4.6344227621535816E-003  -4.6341997836253273E-003  -4.6335469562366173E-003  -4.6321063949618145E-003  -4.6294159290969448E-003  -4.6249161705392552E-003  -4.6179618808979495E-003  -4.6078389561167356E-003  -4.5937881722801187E-003  -4.5750363601586522E-003  -4.5508348477377811E-003  -4.5205038392428639E-003  -4.4834799938989799E-003  -4.4393630560729085E-003  -4.3879563050633116E-003  -4.3292952120448690E-003  -4.2636593121690401E-003  -4.1915640122165733E-003  -4.1137316499149281E-003  -4.0310440995605223E-003  -3.9444819146154933E-003  -3.8550567905579194E-003  -3.7637446488720146E-003  -3.6714258740627162E-003  -3.5788375009319553E-003  -3.4865399616679851E-003  -3.3948988841103712E-003  -3.3040807705756823E-003  -3.2140603653346843E-003  -3.1246371328627195E-003  -3.0354583842687431E-003  -2.9460470161819397E-003  -2.8558323784425854E-003  -2.7641833152341512E-003  -2.6704428287407734E-003  -2.5739640406406651E-003  -2.4741471566145645E-003  -2.3704769810741783E-003  -2.2625602119836410E-003  -2.1501613141679849E-003  -2.0332352849019714E-003  -1.9119551641574822E-003  -1.7867317928852268E-003  -1.6582231821177260E-003  -1.5273310151204093E-003  -1.3951823353560648E-003  -1.2630954057240038E-003  -1.1325300312612428E-003  -1.0050242172568091E-003  -8.8212071141419157E-004  -7.6528851518764334E-004  -6.5584558016782064E-004  -5.5488938465306789E-004  -4.6324174291085277E-004  -3.8141298985009558E-004  -3.0958871606170620E-004  -2.4763976283612480E-004  -1.9515359523865035E-004  -1.5148286480171511E-004  -1.1580531680059772E-004  -8.7188430553025516E-005  -6.4652370671273532E-005  -4.7225857770571900E-005  -3.3991179898024503E-005  -2.4116426365677130E-005  -1.6874802693506750E-005  -1.1652319246789741E-005  -7.9460889425239203E-006  -5.3558922525057313E-006  -3.5716396093090910E-006  -2.3590108195430326E-006  -1.5450250069117197E-006  -1.0047243126931018E-006  -6.4963597653105509E-007  -4.1826497170692361E-007  -2.6858082882176566E-007  -1.7228919054415322E-007  -1.1059805299980331E-007  -7.1173007374677663E-008  -4.5999563545034796E-008  -2.9913687058422869E-008  -1.9610155855168111E-008  -1.2983990664045094E-008  -8.6990334675236647E-009  -5.9085599785228209E-009  -4.0760451538971555E-009  -2.8610314623082139E-009  -2.0468552377772247E-009  -1.4950516500213868E-009  -1.1166502995665552E-009  -8.5411378715532896E-010  -6.6996279982674588E-010  -5.3959684267033461E-010  -4.4674874054671800E-010  -3.8059594347620881E-010  -3.3391827894430558E-010  -3.0192105547040487E-010  -2.8148573176176502E-010  -2.7069808594109528E-010
  -4.6342424602461504E-003  -4.6341997836253273E-003  -4.6339768765825112E-003  -4.6333242583970775E-003  -4.6318841582920689E-003  -4.6291945520060222E-003  -4.6246962260634095E-003  -4.6177441381798408E-003  -4.6076243917121864E-003  -4.5935779673308696E-003  -4.5748318795372665E-003  -4.5506375981988114E-003  -4.5203154056126255E-003  -4.4833019553938902E-003  -4.4391968885959532E-003  -4.3878032790435799E-003  -4.3291562980343088E-003  -4.2635351069900762E-003  -4.1914546963780852E-003  -4.1136369824459132E-003  -4.0309634503344653E-003  -3.9444143281771697E-003  -3.8550010709436124E-003  -3.7636994529181228E-003  -3.6713898013749683E-003  -3.5788091714183496E-003  -3.4865180752802773E-003  -3.3948822611457241E-003  -3.3040683738213778E-003  -3.2140513071702986E-003  -3.1246306712002054E-003  -3.0354539111604579E-003  -2.9460440423775608E-003  -2.8558305164123237E-003  -2.7641822624006494E-003  -2.6704423519922360E-003  -2.5739639626798190E-003  -2.4741473443338070E-003  -2.3704773359144583E-003  -2.2625606621026139E-003  -2.1501618081819001E-003  -2.0332357869505269E-003  -1.9119556500527184E-003  -1.7867322471312795E-003  -1.6582235956194087E-003  -1.5273313834301332E-003  -1.3951826573376260E-003  -1.2630956825372018E-003  -1.1325302655925749E-003  -1.0050244127389127E-003  -8.8212087219053737E-004  -7.6528864558975931E-004  -6.5584568448046423E-004  -5.5488946694881146E-004  -4.6324180693985541E-004  -3.8141303897385582E-004  -3.0958875322163775E-004  -2.4763979054920403E-004  -1.9515361561338876E-004  -1.5148287956852192E-004  -1.1580532735133908E-004  -8.7188437985359846E-005  -6.4652375834142227E-005  -4.7225861308064309E-005  -3.3991182289653838E-005  -2.4116427961866443E-005  -1.6874803745735557E-005  -1.1652319932373821E-005  -7.9460893843717997E-006  -5.3558925344289799E-006  -3.5716397875745969E-006  -2.3590109313738047E-006  -1.5450250765965326E-006  -1.0047243558815155E-006  -6.4963600319106506E-007  -4.1826498812296592E-007  -2.6858083892078507E-007  -1.7228919676161196E-007  -1.1059805683704135E-007  -7.1173009752998160E-008  -4.5999565028103354E-008  -2.9913687990602082E-008  -1.9610156446869399E-008  -1.2983991044052405E-008  -8.6990337149166669E-009  -5.9085601420917900E-009  -4.0760452639322228E-009  -2.8610315377578668E-009  -2.0468552906014815E-009  -1.4950516878467273E-009  -1.1166503273120521E-009  -8.5411380803422107E-010  -6.6996281596758466E-010  -5.3959685550531639E-010  -4.4674875105679726E-010  -3.8059595234755617E-010  -3.3391828666958283E-010  -3.0192106241554518E-010  -2.8148573821121673E-010  -2.7069809212973177E-010
  -4.6335895927993162E-003  -4.6335469562366173E-003  -4.6333242583970775E-003  -4.6326722524486332E-003  -4.6312335019664235E-003  -4.6285464112606547E-003  -4.6240522779196222E-003  -4.6171066336001473E-003  -4.6069961887214017E-003  -4.5929625227909936E-003  -4.5742331881819817E-003  -4.5500600702440249E-003  -4.5197636801003836E-003  -4.4827806553672288E-003  -4.4387103351993312E-003  -4.3873551925167091E-003  -4.3287495213286510E-003  -4.2631713894499277E-003  -4.1911345688733113E-003  -4.1133597419927663E-003  -4.0307272544666713E-003  -3.9442163815851198E-003  -3.8548378736515598E-003  -3.7635670734041172E-003  -3.6712841399990218E-003  -3.5787261875036814E-003  -3.4864539621403757E-003  -3.3948335642042448E-003  -3.3040320555608781E-003  -3.2140247680168773E-003  -3.1246117377014926E-003  -3.0354408026722545E-003  -2.9460353258696712E-003  -2.8558250567694179E-003  -2.7641791733247281E-003  -2.6704409506508892E-003  -2.5739637297270473E-003  -2.4741478898627116E-003  -2.3704783712185746E-003  -2.2625619767357380E-003  -2.1501632516269542E-003  -2.0332372541632645E-003  -1.9119570701806006E-003  -1.7867335747831659E-003  -1.6582248041529866E-003  -1.5273324598162310E-003  -1.3951835982457196E-003  -1.2630964913607405E-003  -1.1325309501952416E-003  -1.0050249837538741E-003  -8.8212134174529952E-004  -7.6528902636076215E-004  -6.5584598900543089E-004  -5.5488970714252957E-004  -4.6324199377169843E-004  -3.8141318227418082E-004  -3.0958886159021347E-004  -2.4763987134291592E-004  -1.9515367499343879E-004  -1.5148292258969668E-004  -1.1580535807813448E-004  -8.7188459621992883E-005  -6.4652390857856826E-005  -4.7225871597590376E-005  -3.3991189243088661E-005  -2.4116432600476411E-005  -1.6874806802093499E-005  -1.1652321922764372E-005  -7.9460906664878722E-006  -5.3558933520581745E-006  -3.5716403042980924E-006  -2.3590112553497031E-006  -1.5450252783614885E-006  -1.0047244808577841E-006  -6.4963608029393611E-007  -4.1826503557192489E-007  -2.6858086809400489E-007  -1.7228921471162650E-007  -1.1059806790883975E-007  -7.1173016611339071E-008  -4.5999569302373140E-008  -2.9913690675673840E-008  -1.9610158150280843E-008  -1.2983992137443189E-008  -8.6990344263662415E-009  -5.9085606122443450E-009  -4.0760455800573744E-009  -2.8610317544210621E-009  -2.0468554422269415E-009  -1.4950517963753325E-009  -1.1166504068893369E-009  -8.5411386789643858E-010  -6.6996286223064891E-010  -5.3959689228275439E-010  -4.4674878116506159E-010  -3.8059597775605151E-010  -3.3391830879184816E-010  -3.0192108230119370E-010  -2.8148575667590761E-010  -2.7069810984681149E-010
  -4.6321489432200099E-003  -4.6321063949618145E-003  -4.6318841582920689E-003  -4.6312335019664235E-003  -4.6297977266170753E-003  -4.6271161813300132E-003  -4.6226312903639433E-003  -4.6156998507496357E-003  -4.6056099114595650E-003  -4.5916043726805600E-003  -4.5729119734262205E-003  -4.5487855163215017E-003  -4.5185460187493944E-003  -4.4816300852632456E-003  -4.4376363918813173E-003  -4.3863660890876930E-003  -4.3278515386098995E-003  -4.2623683981315389E-003  -4.1904277529674211E-003  -4.1127475635614284E-003  -4.0302056604578050E-003  -3.9437792144639931E-003  -3.8544774182163698E-003  -3.7632746591202137E-003  -3.6710507223964269E-003  -3.5785428497051635E-003  -3.4863123017089964E-003  -3.3947259544592871E-003  -3.3039517895008044E-003  -3.2139661048859718E-003  -3.1245698772434487E-003  -3.0354118118286113E-003  -2.9460160391550170E-003  -2.8558129666285959E-003  -2.7641723217675966E-003  -2.6704378291247050E-003  -2.5739631908320302E-003  -2.4741490721551995E-003  -2.3704806368360387E-003  -2.2625648607208031E-003  -2.1501664214300911E-003  -2.0332404777038565E-003  -1.9119601909216583E-003  -1.7867364924409900E-003  -1.6582274598644206E-003  -1.5273348247898007E-003  -1.3951856651109905E-003  -1.2630982675944269E-003  -1.1325324531405640E-003  -1.0050262368622347E-003  -8.8212237175890626E-004  -7.6528986122440705E-004  -6.5584665634838772E-004  -5.5489023321044395E-004  -4.6324240271625839E-004  -3.8141349572780509E-004  -3.0958909846623704E-004  -2.4764004781085112E-004  -1.9515380458540190E-004  -1.5148301639939662E-004  -1.1580542501871040E-004  -8.7188506714018705E-005  -6.4652423524128329E-005  -4.7225893946765844E-005  -3.3991204329612577E-005  -2.4116442653151947E-005  -1.6874813417904157E-005  -1.1652326225890514E-005  -7.9460934348500176E-006  -5.3558951151937944E-006  -3.5716414170710932E-006  -2.3590119520833920E-006  -1.5450257116666660E-006  -1.0047247488731697E-006  -6.4963624540593575E-007  -4.1826513703419455E-007  -2.6858093038539912E-007  -1.7228925298287146E-007  -1.1059809148052700E-007  -7.1173031191402385E-008  -4.5999578375892039E-008  -2.9913696367498011E-008  -1.9610161756132352E-008  -1.2983994448816079E-008  -8.6990359283368657E-009  -5.9085616035279379E-009  -4.0760462457622746E-009  -2.8610322101387076E-009  -2.0468557607917978E-009  -1.4950520241547463E-009  -1.1166505737430218E-009  -8.5411399330005189E-010  -6.6996295906701118E-010  -5.3959696920829388E-010  -4.4674884410114409E-010  -3.8059603083952081E-010  -3.3391835498941543E-010  -3.0192112381401617E-010  -2.8148579521329143E-010  -2.7069814681901030E-010
  -4.6294583127636365E-003  -4.6294159290969448E-003  -4.6291945520060222E-003  -4.6285464112606547E-003  -4.6271161813300132E-003  -4.6244449723800473E-003  -4.6199773089613148E-003  -4.6130723472801553E-003  -4.6030206324977011E-003  -4.5890675286202704E-003  -4.5704439899479522E-003  -4.5464045339067274E-003  -4.5162711282457149E-003  -4.4794803240101461E-003  -4.4356295699278323E-003  -4.3845175597111768E-003  -4.3261730594812663E-003  -4.2608672369966547E-003  -4.1891061674497448E-003  -4.1116027303696751E-003  -4.0292300564925372E-003  -3.9429613792434969E-003  -3.8538029720844489E-003  -3.7627274269070427E-003  -3.6706138196368398E-003  -3.5781996209299236E-003  -3.4860470452391171E-003  -3.3945244129120859E-003  -3.3038014208176280E-003  -3.2138561710825016E-003  -3.1244913975847083E-003  -3.0353574267028885E-003  -2.9459798243916587E-003  -2.8557902288202670E-003  -2.7641593957937458E-003  -2.6704318909560308E-003  -2.5739620924084151E-003  -2.4741512006995489E-003  -2.3704847981300303E-003  -2.2625701842565829E-003  -2.1501722846021193E-003  -2.0332464460141738E-003  -1.9119659713106934E-003  -1.7867418971653033E-003  -1.6582323787187184E-003  -1.5273392038513385E-003  -1.3951894905361846E-003  -1.2631015533047566E-003  -1.1325352314930284E-003  -1.0050285516102939E-003  -8.8212427277736111E-004  -7.6529140060181049E-004  -6.5584788554914235E-004  -5.5489120108142306E-004  -4.6324315416487060E-004  -3.8141407093466071E-004  -3.0958953252034030E-004  -2.4764037067220466E-004  -1.9515404129222469E-004  -1.5148318744716201E-004  -1.1580554684758564E-004  -8.7188592250881847E-005  -6.4652482735444937E-005  -4.7225934368984700E-005  -3.3991231553872709E-005  -2.4116460750390627E-005  -1.6874825298383671E-005  -1.1652333933381767E-005  -7.9460983801125602E-006  -5.3558982560714865E-006  -3.5716433937421351E-006  -2.3590131861069235E-006  -1.5450264768202279E-006  -1.0047252207027912E-006  -6.4963653517448017E-007  -4.1826531453681507E-007  -2.6858103901314277E-007  -1.7228931950827459E-007  -1.1059813232211934E-007  -7.1173056372157957E-008  -4.5999593996160616E-008  -2.9913706134913070E-008  -1.9610167924491938E-008  -1.2983998390576558E-008  -8.6990384820449708E-009  -5.9085632840151747E-009  -4.0760473711213644E-009  -2.8610329784346658E-009  -2.0468562964795857E-009  -1.4950524062519376E-009  -1.1166508530046022E-009  -8.5411420274889835E-010  -6.6996312049581420E-010  -5.3959709722748341E-010  -4.4674894868346431E-010  -3.8059611893795065E-010  -3.3391843158049390E-010  -3.0192119258328997E-010  -2.8148585901800141E-010  -2.7069820801330381E-010
  -4.6249582798901989E-003  -4.6249161705392552E-003  -4.6246962260634095E-003  -4.6240522779196222E-003  -4.6226312903639433E-003  -4.6199773089613148E-003  -4.6155383595198997E-003  -4.6086775319937158E-003  -4.5986895354214307E-003  -4.5848238464823695E-003  -4.5663151217117601E-003  -4.5424207512450047E-003  -4.5124643063267269E-003  -4.4758822724025437E-003  -4.4322700781474541E-003  -4.3814223463932911E-003  -4.3233618681868865E-003  -4.2583523351346656E-003  -4.1868914655375259E-003  -4.1096836493565974E-003  -4.0275941500349010E-003  -3.9415895957280369E-003  -3.8526713486019938E-003  -3.7618089647241042E-003  -3.6698803018913790E-003  -3.5776231865602007E-003  -3.4856014078673003E-003  -3.3941856883751200E-003  -3.3035485869703624E-003  -3.2136712214404523E-003  -3.1243592667050939E-003  -3.0352657647954567E-003  -2.9459186878960995E-003  -2.8557517383776083E-003  -2.7641373973563699E-003  -2.6704216421490697E-003  -2.5739599856741458E-003  -2.4741545272883607E-003  -2.3704915522109416E-003  -2.2625789036912125E-003  -2.1501819236503304E-003  -2.0332562749074919E-003  -1.9119754978554324E-003  -1.7867508060518626E-003  -1.6582404848422892E-003  -1.5273464165870612E-003  -1.3951957865017170E-003  -1.2631069556587448E-003  -1.1325397942513293E-003  -1.0050323478152546E-003  -8.8212738563654453E-004  -7.6529391693062909E-004  -6.5584989101690155E-004  -5.5489277688180690E-004  -4.6324437481883864E-004  -3.8141500299421199E-004  -3.0959023398292190E-004  -2.4764089094402183E-004  -1.9515442155955634E-004  -1.5148346133199227E-004  -1.1580574124009180E-004  -8.7188728228029697E-005  -6.4652576492454120E-005  -4.7225998108310611E-005  -3.3991274293692991E-005  -2.4116489030347522E-005  -1.6874843773651868E-005  -1.1652345858459593E-005  -7.9461059909259899E-006  -5.3559030632490747E-006  -3.5716464017382124E-006  -2.3590150528284107E-006  -1.5450276271740000E-006  -1.0047259255794779E-006  -6.4963696525377778E-007  -4.1826557623605484E-007  -2.6858119807928116E-007  -1.7228941624950389E-007  -1.1059819129763058E-007  -7.1173092475864011E-008  -4.5999616232679221E-008  -2.9913719940279071E-008  -1.9610176580888331E-008  -1.2984003883221775E-008  -8.6990420157280262E-009  -5.9085655934995704E-009  -4.0760489074030691E-009  -2.8610340205197992E-009  -2.0468570185760165E-009  -1.4950529182861592E-009  -1.1166512251647308E-009  -8.5411448043903796E-010  -6.6996333351345314E-010  -5.3959726544329632E-010  -4.4674908559122077E-010  -3.8059623389908308E-010  -3.3391853126360156E-010  -3.0192128190482210E-010  -2.8148594177386244E-010  -2.7069828732054216E-010
  -4.6180035686592021E-003  -4.6179618808979495E-003  -4.6177441381798408E-003  -4.6171066336001473E-003  -4.6156998507496357E-003  -4.6130723472801553E-003  -4.6086775319937158E-003  -4.6018845450202951E-003  -4.5919945035995512E-003  -4.5782632206248395E-003  -4.5599310673011661E-003  -4.5362598848461694E-003  -4.5065757568278500E-003  -4.4703151257248835E-003  -4.4270703781043325E-003  -4.3766299387907473E-003  -4.3190074594029937E-003  -4.2544551593844317E-003  -4.1834578975863323E-003  -4.1067069644609858E-003  -4.0250554484010572E-003  -3.9394597204460294E-003  -3.8509134812864778E-003  -3.7603815142650703E-003  -3.6687397159010991E-003  -3.5767263951426561E-003  -3.4849077237665434E-003  -3.3936581035917453E-003  -3.3031544995061708E-003  -3.2133826856870851E-003  -3.1241528873253519E-003  -3.0351223540874108E-003  -2.9458227904257343E-003  -2.8556911031372735E-003  -2.7641024534189994E-003  -2.6704050125813993E-003  -2.5739560579577537E-003  -2.4741590868090279E-003  -2.3705014778573163E-003  -2.2625919203033956E-003  -2.1501964040336473E-003  -2.0332710835816040E-003  -1.9119898690415189E-003  -1.7867642491894830E-003  -1.6582527118987043E-003  -1.5273572864102582E-003  -1.3952052623840056E-003  -1.2631150730787633E-003  -1.1325466364357139E-003  -1.0050380273105048E-003  -8.8213203051798093E-004  -7.6529766061360339E-004  -6.5585286489089573E-004  -5.5489510517577046E-004  -4.6324617124012880E-004  -3.8141636877656905E-004  -3.0959125704262575E-004  -2.4764164588759118E-004  -1.9515497031925559E-004  -1.5148385423310854E-004  -1.1580601833048429E-004  -8.7188920727853869E-005  -6.4652708250588037E-005  -4.7226086980964577E-005  -3.3991333388444923E-005  -2.4116527783755889E-005  -1.6874868851324269E-005  -1.1652361882224954E-005  -7.9461161084545209E-006  -5.3559093815269882E-006  -3.5716503080685277E-006  -2.3590174465076952E-006  -1.5450290826966999E-006  -1.0047268050159052E-006  -6.4963749399621900E-007  -4.1826589304914017E-007  -2.6858138756947173E-007  -1.7228952957768502E-007  -1.1059825919196196E-007  -7.1173133296568632E-008  -4.5999640910784815E-008  -2.9913734971073233E-008  -1.9610185822804418E-008  -1.2984009631463473E-008  -8.6990456397456698E-009  -5.9085679141952272E-009  -4.0760504199338111E-009  -2.8610350258833110E-009  -2.0468577014375805E-009  -1.4950533931478601E-009  -1.1166515638767532E-009  -8.5411472868944455E-010  -6.6996352078323488E-010  -5.3959741106783860E-010  -4.4674920248788976E-010  -3.8059633088650295E-010  -3.3391861452539479E-010  -3.0192135593081747E-010  -2.8148600998184994E-010  -2.7069835248418354E-010
  -4.6078800353002722E-003  -4.6078389561167356E-003  -4.6076243917121864E-003  -4.6069961887214017E-003  -4.6056099114595650E-003  -4.6030206324977011E-003  -4.5986895354214307E-003  -4.5919945035995512E-003  -4.5822459236524058E-003  -4.5687087883484519E-003  -4.5506317714459482E-003  -4.5272832170380533E-003  -4.4979929386034399E-003  -4.4621974415107249E-003  -4.4194848562645354E-003  -4.3696347879053909E-003  -4.3126477907201449E-003  -4.2487595643518807E-003  -4.1784363726690959E-003  -4.1023504862015081E-003  -4.0213372381523831E-003  -3.9363379650224533E-003  -3.8483350617529934E-003  -3.7582861886773359E-003  -3.6670642157158417E-003  -3.5754080064194955E-003  -3.4838870884761701E-003  -3.3928811455118980E-003  -3.3025735173994077E-003  -3.2129567462222505E-003  -3.1238476909368918E-003  -3.0349097488814886E-003  -2.9456800865906366E-003  -2.8556003063744144E-003  -2.7640495004593695E-003  -2.6703790606846731E-003  -2.5739488559002525E-003  -2.4741644375311967E-003  -2.3705147917407587E-003  -2.2626098516052326E-003  -2.1502165599385586E-003  -2.0332917944676839E-003  -1.9120100090036247E-003  -1.7867830969975401E-003  -1.6582698439808331E-003  -1.5273724948950752E-003  -1.3952184925779556E-003  -1.2631263759293240E-003  -1.1325561325197784E-003  -1.0050458796931577E-003  -8.8213842446662599E-004  -7.6530278864726982E-004  -6.5585691601738002E-004  -5.5489825744231439E-004  -4.6324858691752525E-004  -3.8141819163124647E-004  -3.0959261124358919E-004  -2.4764263615995659E-004  -1.9515568300548504E-004  -1.5148435896584120E-004  -1.1580637006266811E-004  -8.7189161909291226E-005  -6.4652870985088147E-005  -4.7226195043356172E-005  -3.3991404023234336E-005  -2.4116573244683107E-005  -1.6874897671547672E-005  -1.1652379887400082E-005  -7.9461271996128674E-006  -5.3559161223067281E-006  -3.5716543529344697E-006  -2.3590198447616662E-006  -1.5450304888851042E-006  -1.0047276210840318E-006  -6.4963796316481806E-007  -4.1826616049245902E-007  -2.6858153885414581E-007  -1.7228961456144837E-007  -1.1059830662698563E-007  -7.1173159612065762E-008  -4.5999655419123159E-008  -2.9913742913914440E-008  -1.9610190132907343E-008  -1.2984011941358453E-008  -8.6990468541774241E-009  -5.9085685325822489E-009  -4.0760507168880974E-009  -2.8610351517598975E-009  -2.0468577381155221E-009  -1.4950533848773732E-009  -1.1166515342950121E-009  -8.5411469018675512E-010  -6.6996347964777980E-010  -5.3959737030441058E-010  -4.4674916335656034E-010  -3.8059629373757401E-010  -3.3391857924803198E-010  -3.0192132219011878E-010  -2.8148597734062592E-010  -2.7069832046286015E-010
  -4.5938284167261634E-003  -4.5937881722801187E-003  -4.5935779673308696E-003  -4.5929625227909936E-003  -4.5916043726805600E-003  -4.5890675286202704E-003  -4.5848238464823695E-003  -4.5782632206248395E-003  -4.5687087883484519E-003  -4.5554381982355827E-003  -4.5377116151134305E-003  -4.5148064530781988E-003  -4.4860578424660126E-003  -4.4509026185667669E-003  -4.4089233393542092E-003  -4.3598877636047348E-003  -4.3037786726002432E-003  -4.2408091927147598E-003  -4.1714200271047927E-003  -4.0962571488499973E-003  -4.0161311899528946E-003  -3.9319624204400515E-003  -3.8447172443046365E-003  -3.7553430899131997E-003  -3.6647082863312474E-003  -3.5735521724813146E-003  -3.4824487086309560E-003  -3.3917847600861144E-003  -3.3017524359464636E-003  -3.2123536498509372E-003  -3.1234144870881846E-003  -3.0346069223408964E-003  -2.9454757610139640E-003  -2.8554691841606783E-003  -2.7639717994366918E-003  -2.6703395222369584E-003  -2.5739358646117718E-003  -2.4741692677225442E-003  -2.3705309802115162E-003  -2.2626326865888787E-003  -2.1502426717761539E-003  -2.0333188321637187E-003  -1.9120363873735727E-003  -1.7868078006603423E-003  -1.6582922764064618E-003  -1.5273923627332820E-003  -1.3952357173732570E-003  -1.2631410269763040E-003  -1.1325683760009179E-003  -1.0050559403728711E-003  -8.8214655711198631E-004  -7.6530925703786076E-004  -6.5586197792601175E-004  -5.5490215434679275E-004  -4.6325153747148998E-004  -3.8142038810725542E-004  -3.0959421828899084E-004  -2.4764379129703720E-004  -1.9515649837892874E-004  -1.5148492390487604E-004  -1.1580675408971708E-004  -8.7189417894298316E-005  -6.4653038214129363E-005  -4.7226302038566905E-005  -3.3991471014390889E-005  -2.4116614247203154E-005  -1.6874922168604378E-005  -1.1652394144263432E-005  -7.9461352567794923E-006  -5.3559205222103136E-006  -3.5716566554806442E-006  -2.3590209822112253E-006  -1.5450310030748082E-006  -1.0047278174862586E-006  -6.4963800812373967E-007  -4.1826614086959745E-007  -2.6858149757242070E-007  -1.7228957116168974E-007  -1.1059826878253713E-007  -7.1173129352807000E-008  -4.5999632356581538E-008  -2.9913725823633921E-008  -1.9610177671281557E-008  -1.2984002927661684E-008  -8.6990403478929686E-009  -5.9085638237793400E-009  -4.0760472866675316E-009  -2.8610326282458671E-009  -2.0468558578634904E-009  -1.4950519623402538E-009  -1.1166504389792386E-009  -8.5411383012450015E-010  -6.6996278968321976E-010  -5.3959680389298099E-010  -4.4674868685856091E-010  -3.8059588245094366E-010  -3.3391821463789086E-010  -3.0192098993224971E-010  -2.8148566591043851E-010  -2.7069802008283715E-010
  -4.5750755085303295E-003  -4.5750363601586522E-003  -4.5748318795372665E-003  -4.5742331881819817E-003  -4.5729119734262205E-003  -4.5704439899479522E-003  -4.5663151217117601E-003  -4.5599310673011661E-003  -4.5506317714459482E-003  -4.5377116151134305E-003  -4.5204460348427268E-003  -4.4981246221786758E-003  -4.4700898474010894E-003  -4.4357794158831820E-003  -4.3947690468766239E-003  -4.3468114016342969E-003  -4.2918662795985293E-003  -4.2301173361255617E-003  -4.1619716290848784E-003  -4.0880402407859938E-003  -4.0091007542298433E-003  -3.9260449806657449E-003  -3.8398174507908826E-003  -3.7513513131504079E-003  -3.6615082150959176E-003  -3.5710275864440878E-003  -3.4804888828035146E-003  -3.3902882718236443E-003  -3.3006294128295581E-003  -3.2115266793184410E-003  -3.1228184994158241E-003  -3.0341883732621488E-003  -2.9451914046310897E-003  -2.8552846661802165E-003  -2.7638602346726580E-003  -2.6702801608016538E-003  -2.5739129038351532E-003  -2.4741708326865850E-003  -2.3705482734013676E-003  -2.2626592940483987E-003  -2.1502740066959851E-003  -2.0333516947648161E-003  -1.9120686205346665E-003  -1.7868380227388137E-003  -1.6583196753055794E-003  -1.5274165379780887E-003  -1.3952565594958040E-003  -1.2631586257447357E-003  -1.1325829509092208E-003  -1.0050677883417243E-003  -8.8215601356428982E-004  -7.6531666744520971E-004  -6.5586767761861798E-004  -5.5490645488330309E-004  -4.6325471821933266E-004  -3.8142269192781606E-004  -3.0959585039041837E-004  -2.4764492044059613E-004  -1.9515725972589636E-004  -1.5148542288614524E-004  -1.1580707077829773E-004  -8.7189611464087610E-005  -6.4653151173898099E-005  -4.7226364032410605E-005  -3.3991502072396997E-005  -2.4116627447247741E-005  -1.6874925728644113E-005  -1.1652393003459507E-005  -7.9461322248854849E-006  -5.3559170831615962E-006  -3.5716535071397647E-006  -2.3590183838463003E-006  -1.5450289888791958E-006  -1.0047263208858373E-006  -6.4963692940345176E-007  -4.1826538059173973E-007  -2.6858097054838868E-007  -1.7228921018381156E-007  -1.1059802354262946E-007  -7.1172963539894059E-008  -4.5999520444832879E-008  -2.9913650214209874E-008  -1.9610126402020444E-008  -1.2983967949419201E-008  -8.6990162805680427E-009  -5.9085470847294366E-009  -4.0760354930162879E-009  -2.8610241933698593E-009  -2.0468497219921655E-009  -1.4950474140466422E-009  -1.1166469974334535E-009  -8.5411116758057746E-010  -6.6996068043650472E-010  -5.3959509058687009E-010  -4.4674725814150681E-010  -3.8059465805510679E-010  -3.3391713530951095E-010  -3.0192001052834789E-010  -2.8148475054840602E-010  -2.7069713860298938E-010
  -4.5508726115359409E-003  -4.5508348477377811E-003  -4.5506375981988114E-003  -4.5500600702440249E-003  -4.5487855163215017E-003  -4.5464045339067274E-003  -4.5424207512450047E-003  -4.5362598848461694E-003  -4.5272832170380533E-003  -4.5148064530781988E-003  -4.4981246221786758E-003  -4.4765431407322361E-003  -4.4494143452384980E-003  -4.4161777686155552E-003  -4.3764012956898557E-003  -4.3298192952429451E-003  -4.2763631551728642E-003  -4.2161796207257195E-003  -4.1496331508626312E-003  -4.0772901875725581E-003  -3.9998855632500940E-003  -3.9182738135749400E-003  -3.8333703596850439E-003  -3.7460888673816264E-003  -3.6572812971686079E-003  -3.5676862546841076E-003  -3.4778895506196398E-003  -3.3882988555938133E-003  -3.2991324558686950E-003  -3.2104207106357554E-003  -3.1220180184435191E-003  -3.0336228823497967E-003  -2.9448038719523044E-003  -2.8550297261702162E-003  -2.7637023476766295E-003  -2.6701918751403310E-003  -2.5738733001871841E-003  -2.4741641845489265E-003  -2.3705629268250088E-003  -2.2626867517001655E-003  -2.1503081921490216E-003  -2.0333883697648087E-003  -1.9121049284836090E-003  -1.7868721341103924E-003  -1.6583505140471693E-003  -1.5274435714811329E-003  -1.3952796380445490E-003  -1.2631778602928587E-003  -1.1325986205146066E-003  -1.0050802706096369E-003  -8.8216573304303260E-004  -7.6532405813785516E-004  -6.5587315667817788E-004  -5.5491040520693554E-004  -4.6325747810811350E-004  -3.8142455028703838E-004  -3.0959704616005895E-004  -2.4764564510748913E-004  -1.9515766190952600E-004  -1.5148561412922147E-004  -1.1580713182108291E-004  -8.7189598438132472E-005  -6.4653101309934555E-005  -4.7226300628630251E-005  -3.3991438602881980E-005  -2.4116570797899317E-005  -1.6874878625410392E-005  -1.1652355745056498E-005  -7.9461038531598685E-006  -5.3558961246926999E-006  -3.5716384063993032E-006  -2.3590077276124391E-006  -1.5450215987827303E-006  -1.0047212695074319E-006  -6.4963351724187664E-007  -4.1826309722293409E-007  -2.6857945326742658E-007  -1.7228820675997042E-007  -1.1059736163698574E-007  -7.1172527071956669E-008  -4.5999232111755007E-008  -2.9913458984807229E-008  -1.9609998800630283E-008  -1.2983882105926174E-008  -8.6989579351727773E-009  -5.9085069398037186E-009  -4.0760074751715307E-009  -2.8610043211261838E-009  -2.0468353716056570E-009  -1.4950368447841350E-009  -1.1166390448413600E-009  -8.5410504508950747E-010  -6.6995585068331845E-010  -5.3959118158373466E-010  -4.4674400832040349E-010  -3.8059187993699394E-010  -3.3391469120724389E-010  -3.0191779602516808E-010  -2.8148268297561169E-010  -2.7069514869219732E-010
  -4.5205399150261187E-003  -4.5205038392428639E-003  -4.5203154056126255E-003  -4.5197636801003836E-003  -4.5185460187493944E-003  -4.5162711282457149E-003  -4.5124643063267269E-003  -4.5065757568278500E-003  -4.4979929386034399E-003  -4.4860578424660126E-003  -4.4700898474010894E-003  -4.4494143452384980E-003  -4.4233966231464342E-003  -4.3914795807011246E-003  -4.3532228215306884E-003  -4.3083396623449172E-003  -4.2567278745778035E-003  -4.1984897734963925E-003  -4.1339378109731609E-003  -4.0635831937474495E-003  -3.9881071147179767E-003  -3.9083166006674396E-003  -3.8250892369339424E-003  -3.7393126061657719E-003  -3.6518248133796693E-003  -3.5633618872485235E-003  -3.4745163738371292E-003  -3.3857095050322215E-003  -3.2971774067817169E-003  -3.2089702871704578E-003  -3.1209626031287073E-003  -3.0328718534661505E-003  -2.9442837594202474E-003  -2.8546819870868484E-003  -2.7634810558077819E-003  -2.6700615178703634E-003  -2.5738067936368998E-003  -2.4741411563670799E-003  -2.3705682750595966E-003  -2.2627094633524874E-003  -2.1503403921652132E-003  -2.0334245664209247E-003  -1.9121414212844271E-003  -1.7869065532216538E-003  -1.6583814644256520E-003  -1.5274703593304967E-003  -1.3953020614782968E-003  -1.2631960498614696E-003  -1.1326129184466242E-003  -1.0050911402146568E-003  -8.8217369176794228E-004  -7.6532962932139006E-004  -6.5587683618958546E-004  -5.5491263996241321E-004  -4.6325865401315996E-004  -3.8142498752870958E-004  -3.0959700003730214E-004  -2.4764531079559532E-004  -1.9515718174732756E-004  -1.5148508621990887E-004  -1.1580661895869113E-004  -8.7189136607844430E-005  -6.4652707248271006E-005  -4.7225978152250010E-005  -3.3991183605935692E-005  -2.4116374966136917E-005  -1.6874732015659837E-005  -1.1652248433112720E-005  -7.9460268687384216E-006  -5.3558418791904363E-006  -3.5716007887864838E-006  -2.3589820057024940E-006  -1.5450042249020389E-006  -1.0047096560106465E-006  -6.4962582069784170E-007  -4.1825803083954405E-007  -2.6857613443816617E-007  -1.7228603913260798E-007  -1.1059594734720247E-007  -7.1171603440227758E-008  -4.5998627150685365E-008  -2.9913060793962843E-008  -1.9609734888573722E-008  -1.2983705625091665E-008  -8.6988386284031990E-009  -5.9084252423920747E-009  -4.0759507003219896E-009  -2.8609642054611052E-009  -2.0468065007421039E-009  -1.4950156447245282E-009  -1.1166231355535472E-009  -8.5409282536088760E-010  -6.6994623054015815E-010  -5.3958340893079710E-010  -4.4673755585278740E-010  -3.8058637070729049E-010  -3.3390984904513764E-010  -3.0191341194660629E-010  -2.8147859183479803E-010  -2.7069121231749759E-010
  -4.4835140793084262E-003  -4.4834799938989799E-003  -4.4833019553938902E-003  -4.4827806553672288E-003  -4.4816300852632456E-003  -4.4794803240101461E-003  -4.4758822724025437E-003  -4.4703151257248835E-003  -4.4621974415107249E-003  -4.4509026185667669E-003  -4.4357794158831820E-003  -4.4161777686155552E-003  -4.3914795807011246E-003  -4.3611333986370814E-003  -4.3246909561517437E-003  -4.2818426456094159E-003  -4.2324482044618777E-003  -4.1765585332324611E-003  -4.1144248078697973E-003  -4.0464920524498288E-003  -3.9733760708302200E-003  -3.8958248554436955E-003  -3.8146678630365384E-003  -3.7307583534475640E-003  -3.6449148956412326E-003  -3.5578679608018059E-003  -3.4702163563992187E-003  -3.3823964713685429E-003  -3.2946653740890692E-003  -3.2070971527502412E-003  -3.1195907694264698E-003  -3.0318871785570125E-003  -2.9435934464860647E-003  -2.8542119267093253E-003  -2.7631730059094811E-003  -2.6698703797927003E-003  -2.5736981365844557E-003  -2.4740890624451589E-003  -2.3705535224972660E-003  -2.2627180318843397E-003  -2.1503622565905325E-003  -2.0334527370978674E-003  -1.9121711897455553E-003  -1.7869349042874477E-003  -1.6584066211631047E-003  -1.5274914327079812E-003  -1.3953187818824613E-003  -1.2632085623916457E-003  -1.1326216279295004E-003  -1.0050965951573863E-003  -8.8217649903340242E-004  -7.6533039324489416E-004  -6.5587611725995447E-004  -5.5491092916802815E-004  -4.6325635961206463E-004  -3.8142243144274299E-004  -3.0959442138435433E-004  -2.4764287433567131E-004  -1.9515498928011790E-004  -1.5148318926342489E-004  -1.1580503136686915E-004  -8.7187846137716144E-005  -6.4651685440283459E-005  -4.7225188212339081E-005  -3.3990586250028657E-005  -2.4115932390439161E-005  -1.6874410283954639E-005  -1.1652018630531750E-005  -7.9458653731110630E-006  -5.3557300633404180E-006  -3.5715244075655933E-006  -2.3589304551590067E-006  -1.5449697986636077E-006  -1.0046868721179814E-006  -6.4961085324276237E-007  -4.1824825449271811E-007  -2.6856977429394934E-007  -1.7228191059279767E-007  -1.1059326839968275E-007  -7.1169862485142803E-008  -4.5997491882452245E-008  -2.9912316509261227E-008  -1.9609243350658913E-008  -1.2983377982463654E-008  -8.6986177706903568E-009  -5.9082743988765511E-009  -4.0758461175996300E-009  -2.8608904645727003E-009  -2.0467535294212800E-009  -1.4949768123811124E-009  -1.1165940374168657E-009  -8.5407050450474081E-010  -6.6992867808523125E-010  -5.3956924118287371E-010  -4.4672580424303409E-010  -3.8057634386168046E-010  -3.3390104110567561E-010  -3.0190544058194193E-010  -2.8147115523239938E-010  -2.7068405817110054E-010
