# Version 0.32
# Potential name = chengdu_MMWLY_3200  
# L = 0
# S = 0
# J = 0
# Order = 1                   
# K_MAX = 6400 MeV
# For uncoupled channels, e.g., 3P0 (LSJ = 110)
# storage = D(1:N，1:N) (row, column)
# D(i,j)  = <pout(j),L|V|L,pin(i)>
# Normalization
# If V were so weak as to validate the Born approximation, the relation of V
# in 1S0 and the respective scattering length 'a' would have been
# <p|V|p> = 2/pi * a + ... for p->0, in unit of MeV^(-1)
# Momenta are in unit of MeV
# The value of pin and pout, where pin(1:N) = pout(1:N)
  0.91607432498767594        4.8257579532933050        11.855568853999557        22.000201480181204        35.249935222426302        51.591869740617312        71.010052841861580        93.485517556139712        118.99630638139024        147.51749463842634        179.02121556398060        213.47668786214535        250.85024593493108        291.10537285590499        334.20273609367359        380.10022596794124        428.75299680907347        480.11351078530788        534.13158435711739        590.75443731463611        649.92674435099343        711.59068912161456        775.68602073693728        842.15011263353381        910.91802376621945        981.92256206143384        1055.0943500699491        1130.3618927547864        1207.6516473481352        1286.8880952090281        1367.9938156115802        1450.8895613916986        1535.4943363783584        1621.7254745337889        1709.4987207252541        1798.7283130494993        1889.3270666294350        1981.2064588011842        2074.2767156082505        2168.4468995183070        2263.6249982768895        2359.7180148111888        2456.6320580960833        2554.2724348936449        2652.5437422764694        2751.3499608444354        2850.5945485438042        2950.1805349970027        3050.0106162509069        3149.9872498510622        3250.0127501489378        3349.9893837490931        3449.8194650029973        3549.4054514561958        3648.6500391555646        3747.4562577235306        3845.7275651063551        3943.3679419039167        4040.2819851888112        4136.3750017231105        4231.5531004816930        4325.7232843917500        4418.7935411988155        4510.6729333705653        4601.2716869505002        4690.5012792747457        4778.2745254662113        4864.5056636216414        4949.1104386083016        5032.0061843884196        5113.1119047909724        5192.3483526518648        5269.6381072452132        5344.9056499300514        5418.0774379385657        5489.0819762337806        5557.8498873664666        5624.3139792630627        5688.4093108783854        5750.0732556490066        5809.2455626853643        5865.8684156428826        5919.8864892146921        5971.2470031909270        6019.8997740320592        6065.7972639063264        6108.8946271440946        6149.1497540650689        6186.5233121378551        6220.9787844360199        6252.4825053615732        6281.0036936186098        6306.5144824438603        6328.9899471581384        6348.4081302593822        6364.7500647775742        6377.9997985198188        6388.1444311460000        6395.1742420467071        6399.0839256750123     
# Matrix elements start here 
  -4.0482599619206094E-003  -4.0482392867336866E-003  -4.0481312841602873E-003  -4.0478149564189521E-003  -4.0471162865920981E-003  -4.0458090318744883E-003  -4.0436157078142633E-003  -4.0402087245318963E-003  -4.0352116296468411E-003  -4.0282004094108672E-003  -4.0187048000174174E-003  -4.0062095663256766E-003  -3.9901557165489049E-003  -3.9699416401241779E-003  -3.9449241833210066E-003  -3.9144197143898629E-003  -3.8777052782358375E-003  -3.8340200004429014E-003  -3.7825669722010825E-003  -3.7225159308438621E-003  -3.6530071438767024E-003  -3.5731570048759542E-003  -3.4820659530645851E-003  -3.3788294281249637E-003  -3.2625526585036706E-003  -3.1323701423221916E-003  -2.9874706983099644E-003  -2.8271289189028804E-003  -2.6507437235349764E-003  -2.4578844584349337E-003  -2.2483445894879300E-003  -2.0222024581170758E-003  -1.7798877946238246E-003  -1.5222517009943009E-003  -1.2506366412337530E-003  -9.6694166156935336E-004  -6.7367670058254229E-004  -3.7399859030967826E-004  -7.1720401693460990E-005   2.2871458808581668E-004   5.2230254037676383E-004   8.0359890665087242E-004   1.0668920688995443E-003   1.3064298789427658E-003   1.5166924069629486E-003   1.6926974983924969E-003   1.8303188514708552E-003   1.9265902936152551E-003   1.9799659658317984E-003   1.9905054219381425E-003   1.9599561378760453E-003   1.8917139661537340E-003   1.7906542210490125E-003   1.6628409989542852E-003   1.5151378830348405E-003   1.3547567428532086E-003   1.1887903610513016E-003   1.0237771915283535E-003   8.6534192565985025E-004   7.1794438648552835E-004   5.8475359492674353E-004   4.6764656771890135E-004   3.6731564767095024E-004   2.8345656263341904E-004   2.1500351874529573E-004   1.6037769167474023E-004   1.1772050838538982E-004   8.5091319959777073E-005   6.0618388887223281E-005   4.2600722928764939E-005   2.9564932045343835E-005   2.0285416559853546E-005   1.3777891003557197E-005   9.2760104862380382E-006   6.1993828406635265E-006   4.1191922513906942E-006   2.7255564755518360E-006   1.7989245271329071E-006   1.1864473729589530E-006   7.8333697224490025E-007   5.1870353351250397E-007   3.4512787230474724E-007   2.3118498590215607E-007   1.5620312161301699E-007   1.0665950142755188E-007   7.3741194310216341E-008   5.1716423895493063E-008   3.6858824588333954E-008   2.6743015363628986E-008   1.9786315807997510E-008   1.4951954460101004E-008   1.1557395349826802E-008   9.1506961346181103E-009   7.4307321915868431E-009   6.1956542093691839E-009   5.3095203804905774E-009   4.6806552877642724E-009   4.2476146413241937E-009   3.9701298726167650E-009   3.8233384100561630E-009
  -4.0482392867336866E-003  -4.0482186115467647E-003  -4.0481106089733697E-003  -4.0477942812320779E-003  -4.0470956114054850E-003  -4.0457883566889759E-003  -4.0435950326323782E-003  -4.0401880493600752E-003  -4.0351909544995204E-003  -4.0281797343174209E-003  -4.0186841250331659E-003  -4.0061888915484626E-003  -3.9901350421430093E-003  -3.9699209663535684E-003  -3.9449035105942106E-003  -3.9143990433189012E-003  -3.8776846097118445E-003  -3.8339993357311385E-003  -3.7825463130580893E-003  -3.7224952796593752E-003  -3.6529865038427878E-003  -3.5731363801854237E-003  -3.4820453491401981E-003  -3.3788088518801372E-003  -3.2625321186343318E-003  -3.1323496496280063E-003  -2.9874502660413417E-003  -2.8271085631279731E-003  -2.6507234635181386E-003  -2.4578643170149756E-003  -2.2483245934408445E-003  -2.0221826384839740E-003  -1.7798681869806558E-003  -1.5222323456358581E-003  -1.2506175832408626E-003  -9.6692295072553893E-004  -6.7365839110541470E-004  -3.7398074036361535E-004  -7.1703072654551864E-005   2.2873133263342756E-004   5.2231863592147642E-004   8.0361428930251491E-004   1.0669066771767113E-003   1.3064436557444310E-003   1.5167053016444448E-003   1.6927094688414289E-003   1.8303298660583547E-003   1.9266003328858622E-003   1.9799750237944032E-003   1.9905135068335510E-003   1.9599632723248288E-003   1.8917201866302611E-003   1.7906595766805204E-003   1.6628455497022026E-003   1.5151416973720236E-003   1.3547598950978041E-003   1.1887929285486539E-003   1.0237792518820407E-003   8.6534355420002785E-004   7.1794565412932124E-004   5.8475456653675950E-004   4.6764730100960170E-004   3.6731619265687165E-004   2.8345696156554590E-004   2.1500380644754052E-004   1.6037789617396068E-004   1.1772065172522311E-004   8.5091419098079295E-005   6.0618456594942561E-005   4.2600768630223067E-005   2.9564962562209037E-005   2.0285436740703660E-005   1.3777904236237033E-005   9.2760191007300095E-006   6.1993884162811639E-006   4.1191958446295276E-006   2.7255587849268859E-006   1.7989260097776443E-006   1.1864483254531040E-006   7.8333758564434130E-007   5.1870393022295662E-007   3.4512813044842852E-007   2.3118515522867020E-007   1.5620323378545398E-007   1.0665957661849116E-007   7.3741245404931393E-008   5.1716459158319572E-008   3.6858849349390934E-008   2.6743033084590243E-008   1.9786328755787661E-008   1.4951964133567327E-008   1.1557402750866649E-008   9.1507019412825640E-009   7.4307368692803097E-009   6.1956580828336455E-009   5.3095236808563635E-009   4.6806581836925223E-009   4.2476172599825867E-009   3.9701323141798859E-009   3.8233407581272960E-009
  -4.0481312841602873E-003  -4.0481106089733697E-003  -4.0480026064000146E-003  -4.0476862786590021E-003  -4.0469876088338862E-003  -4.0456803541233230E-003  -4.0434870300860180E-003  -4.0400800468668218E-003  -4.0350829521350337E-003  -4.0280717322354557E-003  -4.0185761235230887E-003  -4.0060808911218573E-003  -3.9900270436585752E-003  -3.9698129711908652E-003  -3.9447955208880376E-003  -3.9142910622671570E-003  -3.8775766419705498E-003  -3.8338913879107962E-003  -3.7824383943356266E-003  -3.7223874025195179E-003  -3.6528786849615641E-003  -3.5730286414666296E-003  -3.4819377189127076E-003  -3.3787013662597860E-003  -3.2624248230484934E-003  -3.1322426004935593E-003  -2.9873435325773762E-003  -2.8270022292728545E-003  -2.6506176299064908E-003  -2.4577591029535293E-003  -2.2482201388032068E-003  -2.0220791054236494E-003  -1.7797657613399247E-003  -1.5221312379069011E-003  -1.2505180289166893E-003  -9.6682520986455861E-004  -6.7356274692818591E-004  -3.7388749670712838E-004  -7.1612550132360217E-005   2.2881880187414867E-004   5.2240271488953509E-004   8.0369464425375254E-004   1.0669829869506429E-003   1.3065156220634653E-003   1.5167726599582499E-003   1.6927719991708628E-003   1.8303874031882169E-003   1.9266527751922134E-003   1.9800223399879099E-003   1.9905557399687883E-003   1.9600005405723637E-003   1.8917526805288325E-003   1.7906875528635102E-003   1.6628693213971094E-003   1.5151616222668146E-003   1.3547763614136401E-003   1.1888063403189004E-003   1.0237900144879882E-003   8.6535206114630764E-004   7.1795227586730903E-004   5.8475964189007236E-004   4.6765113146145741E-004   3.6731903946792438E-004   2.8345904544166466E-004   2.1500530929761822E-004   1.6037896440104321E-004   1.1772140047782044E-004   8.5091936958169948E-005   6.0618810273450828E-005   4.2601007356410749E-005   2.9565121969965410E-005   2.0285542157184676E-005   1.3777973358252814E-005   9.2760640992052449E-006   6.1994175409271343E-006   4.1192146141556509E-006   2.7255708480914778E-006   1.7989337544572213E-006   1.1864533008559674E-006   7.8334078976529440E-007   5.1870600245685492E-007   3.4512947887172066E-007   2.3118603971137665E-007   1.5620381972145128E-007   1.0665996938025097E-007   7.3741512299261468E-008   5.1716643354314565E-008   3.6858978689123188E-008   2.6743125650225560E-008   1.9786396388672827E-008   1.4952014662969440E-008   1.1557441410218692E-008   9.1507322723974605E-009   7.4307613032053370E-009   6.1956783158629829E-009   5.3095409203018173E-009   4.6806733105569761E-009   4.2476309385271861E-009   3.9701450676669823E-009   3.8233530232588685E-009
  -4.0478149564189521E-003  -4.0477942812320779E-003  -4.0476862786590021E-003  -4.0473699509192837E-003  -4.0466712810995472E-003  -4.0453640264083730E-003  -4.0431707024308865E-003  -4.0397637193723681E-003  -4.0347666250252585E-003  -4.0277554059637184E-003  -4.0182597989406460E-003  -4.0057645697315798E-003  -3.9897107279808237E-003  -3.9694966652724191E-003  -3.9444792309886135E-003  -3.9139747977611520E-003  -3.8772604165040539E-003  -3.8335752208553875E-003  -3.7821223125807332E-003  -3.7220714426437996E-003  -3.6525628958206159E-003  -3.5727130872286483E-003  -3.4816224825652297E-003  -3.3783865535984398E-003  -3.2621105671421951E-003  -3.1319290665989853E-003  -2.9870309234479699E-003  -2.8266907907734760E-003  -2.6503076568034811E-003  -2.4574509447013834E-003  -2.2479142050937078E-003  -2.0217758712025771E-003  -1.7794657709329143E-003  -1.5218351078337784E-003  -1.2502264489185296E-003  -9.6653894162755790E-004  -6.7328261997284854E-004  -3.7361440093130723E-004  -7.1347424563922030E-005   2.2907498443397239E-004   5.2264896745974438E-004   8.0392998937158433E-004   1.0672064840174544E-003   1.3067263975094839E-003   1.5169699390035932E-003   1.6929551375847881E-003   1.8305559171407169E-003   1.9268063671060154E-003   1.9801609182864797E-003   1.9906794308164762E-003   1.9601096901331718E-003   1.8918478469160294E-003   1.7907694877632408E-003   1.6629389422411650E-003   1.5152199766939674E-003   1.3548245864784397E-003   1.1888456193765201E-003   1.0238215348315853E-003   8.6537697527578044E-004   7.1797166875666666E-004   5.8477450587607772E-004   4.6766234951420369E-004   3.6732737675123728E-004   2.8346514834158728E-004   2.1500971057189237E-004   1.6038209281905204E-004   1.1772359327239844E-004   8.5093453556113734E-005   6.0619846047689952E-005   4.2601706481550162E-005   2.9565588804241111E-005   2.0285850873969162E-005   1.3778175784385948E-005   9.2761958782810437E-006   6.1995028328314838E-006   4.1192695807698342E-006   2.7256061749876382E-006   1.7989564346250576E-006   1.1864678711956828E-006   7.8335017292226564E-007   5.1871207090364160E-007   3.4513342765917460E-007   2.3118862986571690E-007   1.5620553559512741E-007   1.0666111955337524E-007   7.3742293877226962E-008   5.1717182755803513E-008   3.6859357448134074E-008   2.6743396719268463E-008   1.9786594444322280E-008   1.4952162632647733E-008   1.1557554619610907E-008   9.1508210933955679E-009   7.4308328549075047E-009   6.1957375657019762E-009   5.3095914037671365E-009   4.6807176075717384E-009   4.2476709943067024E-009   3.9701824145251943E-009   3.8233889400262024E-009
  -4.0471162865920981E-003  -4.0470956114054850E-003  -4.0469876088338862E-003  -4.0466712810995472E-003  -4.0459726112972638E-003  -4.0446653566593343E-003  -4.0424720328314408E-003  -4.0390650501549562E-003  -4.0340679566972792E-003  -4.0270567395425142E-003  -4.0175611363260965E-003  -4.0050659142668215E-003  -3.9890120852606563E-003  -3.9687980442676789E-003  -3.9437806455627292E-003  -3.9132762686620434E-003  -3.8765619739198091E-003  -3.8328769076254117E-003  -3.7814241881546050E-003  -3.7213735878772430E-003  -3.6518654186908947E-003  -3.5720161295392907E-003  -3.4809262276911022E-003  -3.3776912352952836E-003  -3.2614164794083408E-003  -3.1312365745291460E-003  -2.9863404749582287E-003  -2.8260029290010430E-003  -2.6496230328935640E-003  -2.4567703305862069E-003  -2.2472385057464772E-003  -2.0211061357150485E-003  -1.7788032016249058E-003  -1.5211810664655292E-003  -1.2495824589551256E-003  -9.6590668541605322E-004  -6.7266392965830649E-004  -3.7301124198229089E-004  -7.0761870926540436E-005   2.2964078425759043E-004   5.2319283369010048E-004   8.0444976329444680E-004   1.0677000883817594E-003   1.3071919031491727E-003   1.5174056349827355E-003   1.6933596013364014E-003   1.8309280803898015E-003   1.9271455729567089E-003   1.9804669648259437E-003   1.9909525970312298E-003   1.9603507408843292E-003   1.8920580151461648E-003   1.7909504338987432E-003   1.6630926927238673E-003   1.5153488454845228E-003   1.3549310849625938E-003   1.1889323611424636E-003   1.0238911421127633E-003   8.6543199341683865E-004   7.1801449392984744E-004   5.8480732963088066E-004   4.6768712183928307E-004   3.6734578744425752E-004   2.8347862487149091E-004   2.1501942945804928E-004   1.6038900092601291E-004   1.1772843531303418E-004   8.5096802417309437E-005   6.0622133162670482E-005   4.2603250221111333E-005   2.9566619612982393E-005   2.0286532540342589E-005   1.3778622750413668E-005   9.2764868499768374E-006   6.1996911580597214E-006   4.1193909465188973E-006   2.7256841758073578E-006   1.7990065114234484E-006   1.1865000416102057E-006   7.8337089020245057E-007   5.1872546946538527E-007   3.4514214615116344E-007   2.3119434860569319E-007   1.5620932400734934E-007   1.0666365896128563E-007   7.3744019472832986E-008   5.1718373659007022E-008   3.6860193676783109E-008   2.6743995185823623E-008   1.9787031709854374E-008   1.4952489317460290E-008   1.1557804560344990E-008   9.1510171894089457E-009   7.4309908238781045E-009   6.1958683747750486E-009   5.3097028585995149E-009   4.6808154040989262E-009   4.2477594271461326E-009   3.9702648666864980E-009   3.8234682348766354E-009
  -4.0458090318744883E-003  -4.0457883566889759E-003  -4.0456803541233230E-003  -4.0453640264083730E-003  -4.0446653566593343E-003  -4.0433581021595459E-003  -4.0411647786761746E-003  -4.0377577968148505E-003  -4.0327607051684859E-003  -4.0257494917877367E-003  -4.0162538959730241E-003  -4.0037586876585079E-003  -3.9877048829692592E-003  -3.9674908831992695E-003  -3.9424735517958505E-003  -3.9119692811755208E-003  -3.8752551493753109E-003  -3.8315703263762709E-003  -3.7801179616534721E-003  -3.7200678676498149E-003  -3.6505604070296619E-003  -3.5707120920480608E-003  -3.4796235077756499E-003  -3.3763902706452002E-003  -3.2601178204469243E-003  -3.1299409047188297E-003  -2.9850486327351374E-003  -2.8247159309710756E-003  -2.6483420977515748E-003  -2.4554969030191401E-003  -2.2459742793525992E-003  -2.0198530737204723E-003  -1.7775635539161584E-003  -1.5199573811997651E-003  -1.2483775867821504E-003  -9.6472377418061177E-004  -6.7150640738698406E-004  -3.7188278604242302E-004  -6.9666361522791216E-005   2.3069932756529868E-004   5.2421033297276112E-004   8.0542218019435258E-004   1.0686235371182907E-003   1.3080627751622057E-003   1.5182207301597328E-003   1.6941162592186520E-003   1.8316243034820542E-003   1.9277801334968503E-003   1.9810394863212580E-003   1.9914636026977500E-003   1.9608016629051980E-003   1.8924511613340419E-003   1.7912889116984019E-003   1.6633802941765142E-003   1.5155899003455723E-003   1.3551302921358157E-003   1.1890946105322555E-003   1.0240213396051476E-003   8.6553490088145857E-004   7.1809459401952764E-004   5.8486872207810412E-004   4.6773345438709199E-004   3.6738022102619165E-004   2.8350382964149618E-004   2.1503760610207804E-004   1.6040192051731218E-004   1.1773749077578389E-004   8.5103065265120322E-005   6.0626410319877175E-005   4.2606137134651574E-005   2.9568547272851971E-005   2.0287807266244185E-005   1.3779458569246708E-005   9.2770309530355714E-006   6.2000433113998326E-006   4.1196178872530186E-006   2.7258300265416650E-006   1.7991001466563313E-006   1.1865601939946245E-006   7.8340962689693660E-007   5.1875052143185911E-007   3.4515844733107334E-007   2.3120504093353325E-007   1.5621640711149526E-007   1.0666840677417999E-007   7.3747245701470620E-008   5.1720600185352430E-008   3.6861757083446068E-008   2.6745114063568501E-008   1.9787849203023444E-008   1.4953100068593188E-008   1.1558271831688011E-008   9.1513837940587441E-009   7.4312861476632569E-009   6.1961129217425137E-009   5.3099112220012018E-009   4.6809982328292013E-009   4.2479247501963564E-009   3.9704190087156569E-009   3.8236164742463737E-009
  -4.0436157078142633E-003  -4.0435950326323782E-003  -4.0434870300860180E-003  -4.0431707024308865E-003  -4.0424720328314408E-003  -4.0411647786761746E-003  -4.0389714559599743E-003  -4.0355644757600470E-003  -4.0305673875833505E-003  -4.0235561811385497E-003  -4.0140605985597251E-003  -4.0015654143806213E-003  -3.9855116518690342E-003  -3.9652977229962718E-003  -3.9402805066523312E-003  -3.9097764169534841E-003  -3.8730625616628400E-003  -3.8293781505708583E-003  -3.7779263853917775E-003  -3.7178771458643498E-003  -3.6483708798905378E-003  -3.5685242060090210E-003  -3.4774378398841222E-003  -3.3742075561917178E-003  -3.2579389839147601E-003  -3.1277670938446621E-003  -2.9828812553005300E-003  -2.8225566937074625E-003  -2.6461930464549755E-003  -2.4533604626339710E-003  -2.2438532924003111E-003  -2.0177508350278190E-003  -1.7754838391577281E-003  -1.5179044663382506E-003  -1.2463562551085754E-003  -9.6273930737918569E-004  -6.6956455694220382E-004  -3.6998972144603555E-004  -6.7828592205739554E-005   2.3247505878110086E-004   5.2591718578049937E-004   8.0705338113944754E-004   1.0701725691934097E-003   1.3095235869053216E-003   1.5195879557730464E-003   1.6953854386262041E-003   1.8327920891129754E-003   1.9288444692959015E-003   1.9819997444068108E-003   1.9923206644823247E-003   1.9615579344811366E-003   1.8931105174060828E-003   1.7918565679671996E-003   1.6638626142588832E-003   1.5159941493043986E-003   1.3554643536736973E-003   1.1893666881514680E-003   1.0242396630537227E-003   8.6570745782863249E-004   7.1822890335180938E-004   5.8497166004361329E-004   4.6781113884070374E-004   3.6743795311962324E-004   2.8354608724929218E-004   2.1506807963841442E-004   1.6042357983918272E-004   1.1775267153955120E-004   8.5113564114816501E-005   6.0633580201368531E-005   4.2610976378321293E-005   2.9571778452755018E-005   2.0289943922508270E-005   1.3780859501855302E-005   9.2779429085464226E-006   6.2006335286092056E-006   4.1199982345104454E-006   2.7260744621447968E-006   1.7992570685016074E-006   1.1866609997926861E-006   7.8347454175138267E-007   5.1879250240984602E-007   3.4518576347120741E-007   2.3122295781846121E-007   1.5622827584068825E-007   1.0667636222829199E-007   7.3752651473915586E-008   5.1724330815271587E-008   3.6864376583999471E-008   2.6746988720874699E-008   1.9789218875194850E-008   1.4954123339372885E-008   1.1559054701940411E-008   9.1519979993297546E-009   7.4317809246703752E-009   6.1965226250548028E-009   5.3102603023084968E-009   4.6813045319046343E-009   4.2482017201164650E-009   3.9706772459418049E-009   3.8238648221770695E-009
  -4.0402087245318963E-003  -4.0401880493600752E-003  -4.0400800468668218E-003  -4.0397637193723681E-003  -4.0390650501549562E-003  -4.0377577968148505E-003  -4.0355644757600470E-003  -4.0321574988702764E-003  -4.0271604171526407E-003  -4.0201492229814629E-003  -4.0106536629921268E-003  -3.9981585189716989E-003  -3.9821048254000298E-003  -3.9618910109586588E-003  -3.9368739786570812E-003  -3.9063701764566246E-003  -3.8696567584383520E-003  -3.8259729963776665E-003  -3.7745221732842357E-003  -3.7144742735816102E-003  -3.6449698777254610E-003  -3.5651257694966493E-003  -3.4740428675573264E-003  -3.3708171925203490E-003  -3.2545546673666843E-003  -3.1243906097739044E-003  -2.9795147930708346E-003  -2.8192029070912995E-003  -2.6428551159029118E-003  -2.4500421574861842E-003  -2.2405590305161838E-003  -2.0144857366560676E-003  -1.7722537711861172E-003  -1.5147160723930123E-003  -1.2432169663822122E-003  -9.5965732863538718E-004  -6.6654882198168485E-004  -3.6704981253607872E-004  -6.4974618704016166E-005   2.3523262602530293E-004   5.2856772560131750E-004   8.0958637735572582E-004   1.0725779050969105E-003   1.3117918699875942E-003   1.5217108595086573E-003   1.6973560440952749E-003   1.8346052059411808E-003   1.9304969133997255E-003   1.9834905499117620E-003   1.9936512093547947E-003   1.9627319640598230E-003   1.8941340569790059E-003   1.7927377242730588E-003   1.6646112753896983E-003   1.5166216017792262E-003   1.3559828431807448E-003   1.1897889554909093E-003   1.0245784883828417E-003   8.6597524416386312E-004   7.1843732475919452E-004   5.8513139192680884E-004   4.6793167845670682E-004   3.6752752928044129E-004   2.8361165032641817E-004   2.1511535734760934E-004   1.6045718124751144E-004   1.1777622123246736E-004   8.5129850036125057E-005   6.0644701656294567E-005   4.2618482337593495E-005   2.9576789967911468E-005   2.0293257689140405E-005   1.3783032123256837E-005   9.2793571392163891E-006   6.2015487760911523E-006   4.1205880108780855E-006   2.7264534735810165E-006   1.7995003742924737E-006   1.1868172915934293E-006   7.8357518320744819E-007   5.1885758548344416E-007   3.4522811002688043E-007   2.3125073224739290E-007   1.5624667387322428E-007   1.0668869376941381E-007   7.3761030549052101E-008   5.1730113202831284E-008   3.6868436630575752E-008   2.6749894233214039E-008   1.9791341663225681E-008   1.4955709220419130E-008   1.1560267981172496E-008   9.1529498665470970E-009   7.4325476947163425E-009   6.1971575448420075E-009   5.3108012676826556E-009   4.6817791950604274E-009   4.2486309294501555E-009   3.9710774238602650E-009   3.8242496740015663E-009
  -4.0352116296468411E-003  -4.0351909544995204E-003  -4.0350829521350337E-003  -4.0347666250252585E-003  -4.0340679566972792E-003  -4.0327607051684859E-003  -4.0305673875833505E-003  -4.0271604171526407E-003  -4.0221633472603442E-003  -4.0151521743889236E-003  -4.0056566519950463E-003  -3.9931615727431709E-003  -3.9771079878153084E-003  -3.9568943506764400E-003  -3.9318776000022834E-003  -3.9013742336986967E-003  -3.8646614740970786E-003  -3.8209786842113890E-003  -3.7695292666191085E-003  -3.7094833596199167E-003  -3.6399817384198145E-003  -3.5601414294878213E-003  -3.4690636495376273E-003  -3.3658447801917031E-003  -3.2495911759012541E-003  -3.1194386633428268E-003  -2.9745776085709713E-003  -2.8142843826594916E-003  -2.6379599221543165E-003  -2.4451758286460532E-003  -2.2357280517408392E-003  -2.0096976228809052E-003  -1.7675171318372106E-003  -1.5100406553191074E-003  -1.2386136734984293E-003  -9.5513819514183793E-004  -6.6212695078127605E-004  -3.6273925580032444E-004  -6.0790199606684716E-005   2.3927555639973418E-004   5.3245359813852786E-004   8.1329977943211734E-004   1.0761040124726848E-003   1.3151169229277987E-003   1.5248226637830532E-003   1.7002444715985845E-003   1.8372626648394739E-003   1.9329187548029363E-003   1.9856753779105103E-003   1.9956010644602536E-003   1.9644523569090017E-003   1.8956338393816296E-003   1.7940287974832140E-003   1.6657081495544128E-003   1.5175408341299725E-003   1.3567423938463949E-003   1.1904075071712161E-003   1.0250747783996153E-003   8.6636745423849658E-004   7.1874256575220363E-004   5.8536530900496291E-004   4.6810818854911454E-004   3.6765868924502378E-004   2.8370764276459585E-004   2.1518457275272249E-004   1.6050637073771203E-004   1.1781069339315278E-004   8.5153687715845754E-005   6.0660978930633324E-005   4.2629467204772301E-005   2.9584123722089316E-005   2.0298106644033473E-005   1.3786211042493031E-005   9.2814262572678585E-006   6.2028877544664803E-006   4.1214507765949894E-006   2.7270078807989550E-006   1.7998562519104263E-006   1.1870458813557381E-006   7.8372237059279670E-007   5.1895276327854084E-007   3.4529003423351450E-007   2.3129134507225436E-007   1.5627357473093629E-007   1.0670672352435088E-007   7.3773280867212718E-008   5.1738566739428229E-008   3.6874371940533208E-008   2.6754141577788998E-008   1.9794444686714979E-008   1.4958027330316578E-008   1.1562041396716766E-008   9.1543411442965194E-009   7.4336684008517991E-009   6.1980855193777103E-009   5.3115919075681439E-009   4.6824729216112230E-009   4.2492582174772759E-009   3.9716622779407175E-009   3.8248121267454847E-009
  -4.0282004094108672E-003  -4.0281797343174209E-003  -4.0280717322354557E-003  -4.0277554059637184E-003  -4.0270567395425142E-003  -4.0257494917877367E-003  -4.0235561811385497E-003  -4.0201492229814629E-003  -4.0151521743889236E-003  -4.0081410380044778E-003  -3.9986455772941598E-003  -3.9861506006621033E-003  -3.9700971832393427E-003  -3.9498838138124588E-003  -3.9248674816788343E-003  -3.8943647554266006E-003  -3.8576529537766909E-003  -3.8139715684046322E-003  -3.7625241703094659E-003  -3.7024811143542727E-003  -3.6329834496539402E-003  -3.5531485438318675E-003  -3.4620780324069503E-003  -3.3588688040973526E-003  -3.2426278192472665E-003  -3.1124916191167295E-003  -2.9676514017020657E-003  -2.8073844940609350E-003  -2.6310929165487829E-003  -2.4383494821984450E-003  -2.2289514742964501E-003  -2.0029813682646246E-003  -1.7608732882665548E-003  -1.5034829066120380E-003  -1.2321573205466060E-003  -9.4880012624359118E-004  -6.5592554909938480E-004  -3.5669423267175064E-004  -5.4922343941165262E-005   2.4494471960052324E-004   5.3790224285437532E-004   8.1850630422842987E-004   1.0810476463938919E-003   1.3197783931975437E-003   1.5291848981343558E-003   1.7042932997832160E-003   1.8409874771037576E-003   1.9363130710672426E-003   1.9887372811914529E-003   1.9983334565919376E-003   1.9668630042143872E-003   1.8977351902862479E-003   1.7958375720295199E-003   1.6672447204967530E-003   1.5188284383589163E-003   1.3578062287199922E-003   1.1912737766092683E-003   1.0257697567459738E-003   8.6691663141200701E-004   7.1916992579939534E-004   5.8569277764657047E-004   4.6835526623581367E-004   3.6784226740630056E-004   2.8384198485754654E-004   2.1528143017719243E-004   1.6057519749708286E-004   1.1785892238948476E-004   8.5187034839068787E-005   6.0683747240754341E-005   4.2644831009633977E-005   2.9594379896710628E-005   2.0304887157901911E-005   1.3790655817478833E-005   9.2843190138144506E-006   6.2047595444180549E-006   4.1226567398013425E-006   2.7277827501347840E-006   1.8003535989971397E-006   1.1873653115455162E-006   7.8392803120314959E-007   5.1908574093386672E-007   3.4537654441572530E-007   2.3134807798026549E-007   1.5631115020384977E-007   1.0673190586658564E-007   7.3790389811112274E-008   5.1750372268264125E-008   3.6882660199211572E-008   2.6760072360971219E-008   1.9798777361686734E-008   1.4961263888794456E-008   1.1564517337680010E-008   9.1562834873971858E-009   7.4352329464704541E-009   6.1993809644176485E-009   5.3126956054722290E-009   4.6834413121124782E-009   4.2501338503820314E-009   3.9724786678943472E-009   3.8255972419956888E-009
  -4.0187048000174174E-003  -4.0186841250331659E-003  -4.0185761235230887E-003  -4.0182597989406460E-003  -4.0175611363260965E-003  -4.0162538959730241E-003  -4.0140605985597251E-003  -4.0106536629921268E-003  -4.0056566519950463E-003  -3.9986455772941598E-003  -3.9891502167267940E-003  -3.9766554009023182E-003  -3.9606022383437481E-003  -3.9403892666953176E-003  -3.9153735448910210E-003  -3.8848717383753017E-003  -3.8481612975848475E-003  -3.8044818896522631E-003  -3.7530373149053378E-003  -3.6929982227463108E-003  -3.6235060344883977E-003  -3.5436785810006597E-003  -3.4526180661629607E-003  -3.3494220665494941E-003  -3.2331983640487916E-003  -3.1030844685081375E-003  -2.9582727052404204E-003  -2.7980416963393883E-003  -2.6217949299688634E-003  -2.4291068594003281E-003  -2.2197765731943680E-003  -1.9938885008183097E-003  -1.7518788422233428E-003  -1.4946054276018415E-003  -1.2234175402799992E-003  -9.4022092138570457E-004  -6.4753181495749278E-004  -3.4851265647281061E-004  -4.6981064533364956E-005   2.5261657499052372E-004   5.4527514840373029E-004   8.2555104760817510E-004   1.0877361492122378E-003   1.3260846146906646E-003   1.5350857852443351E-003   1.7097697355889577E-003   1.8460251704549690E-003   1.9409033248369355E-003   1.9928775763471936E-003   2.0020277954539739E-003   1.9701219693018688E-003   1.9005756945952499E-003   1.7982823009134821E-003   1.6693212919965533E-003   1.5205683345955261E-003   1.3592435723199367E-003   1.1924440399630021E-003   1.0267084960761427E-003   8.6765833148298439E-004   7.1974702560428819E-004   5.8613492501989129E-004   4.6868882352372538E-004   3.6809006486952003E-004   2.8402329677313276E-004   2.1541213304660835E-004   1.6066806145374640E-004   1.1792398560862822E-004   8.5232015215240173E-005   6.0714453926224057E-005   4.2665548566100624E-005   2.9608208014226454E-005   2.0314027839870260E-005   1.3796646891200689E-005   9.2882175929260752E-006   6.2072818167769562E-006   4.1242815785983292E-006   2.7288266218548582E-006   1.8010235173585138E-006   1.1877955242655187E-006   7.8420498342758754E-007   5.1926479345814130E-007   3.4549301567057516E-007   2.3142445068192879E-007   1.5636172813841527E-007   1.0676579873612788E-007   7.3813414468030497E-008   5.1766258300002551E-008   3.6893812273542308E-008   2.6768051742697942E-008   1.9804606182238213E-008   1.4965617784669425E-008   1.1567847823362386E-008   9.1588960620392319E-009   7.4373372544147670E-009   6.2011232576328298E-009   5.3141799564123702E-009   4.6847436509397173E-009   4.2513114174179036E-009   3.9735765465637374E-009   3.8266530532426071E-009
  -4.0062095663256766E-003  -4.0061888915484626E-003  -4.0060808911218573E-003  -4.0057645697315798E-003  -4.0050659142668215E-003  -4.0037586876585079E-003  -4.0015654143806213E-003  -3.9981585189716989E-003  -3.9931615727431709E-003  -3.9861506006621033E-003  -3.9766554009023182E-003  -3.9641608348461674E-003  -3.9481080566299877E-003  -3.9278956699731749E-003  -3.9028808273282108E-003  -3.8723803235649820E-003  -3.8356717844921480E-003  -3.7919951102324857E-003  -3.7405544050336066E-003  -3.6805207080447362E-003  -3.6110359325062838E-003  -3.5312185209774314E-003  -3.4401714272603431E-003  -3.3369931349534819E-003  -3.2207925086844532E-003  -3.0907083342503723E-003  -2.9459344214105938E-003  -2.7857510969237550E-003  -2.6095637803609231E-003  -2.4169490825519651E-003  -2.2077084658809441E-003  -1.9819289283367560E-003  -1.7400493973535962E-003  -1.4829305372337691E-003  -1.2119245009732560E-003  -9.2893984359663888E-004  -6.3649545511448684E-004  -3.3775611694334719E-004  -3.6541344256910482E-005   2.6270119141063144E-004   5.5496586774169765E-004   8.3480950547327407E-004   1.0965254894127956E-003   1.3343706773383895E-003   1.5428383550009765E-003   1.7169637868094229E-003   1.8526420340599834E-003   1.9469316946847740E-003   1.9983142726841888E-003   2.0068782112268495E-003   1.9744001423325904E-003   1.9043039742376933E-003   1.8014906098134712E-003   1.6720460186222207E-003   1.5228509260051364E-003   1.3611289245975145E-003   1.1939788017923231E-003   1.0279394062660914E-003   8.6863070304427688E-004   7.2050346850790494E-004   5.8671437028489184E-004   4.6912587734567704E-004   3.6841468808537585E-004   2.8426077650556237E-004   2.1558329302083715E-004   1.6078964665355264E-004   1.1800915532965703E-004   8.5290884502815003E-005   6.0754634366620514E-005   4.2692652762899178E-005   2.9626295479316173E-005   2.0325981762053997E-005   1.3804480364970757E-005   9.2933141264436414E-006   6.2105785241028111E-006   4.1264049199888108E-006   2.7301905115237142E-006   1.8018986586121061E-006   1.1883574325946170E-006   7.8456665550356705E-007   5.1949858058213768E-007   3.4564506734255545E-007   2.3152413924881215E-007   1.5642773751748967E-007   1.0681002629950420E-007   7.3843455916026419E-008   5.1786983044524846E-008   3.6908359448420183E-008   2.6778459203801842E-008   1.9812207908299385E-008   1.4971295440726162E-008   1.1572190542706490E-008   9.1623024160682002E-009   7.4400807298240417E-009   6.2033946262269105E-009   5.3161149588453439E-009   4.6864413139187537E-009   4.2528463869302038E-009   3.9750076109668896E-009   3.8280292671692228E-009
  -3.9901557165489049E-003  -3.9901350421430093E-003  -3.9900270436585752E-003  -3.9897107279808237E-003  -3.9890120852606563E-003  -3.9877048829692592E-003  -3.9855116518690342E-003  -3.9821048254000298E-003  -3.9771079878153084E-003  -3.9700971832393427E-003  -3.9606022383437481E-003  -3.9481080566299877E-003  -3.9320558536193838E-003  -3.9118443208895504E-003  -3.8868307341771869E-003  -3.8563320579169829E-003  -3.8196261466392797E-003  -3.7759532033146623E-003  -3.7245177262355284E-003  -3.6644912588947899E-003  -3.5950163501388853E-003  -3.5152122319279020E-003  -3.4241828249179755E-003  -3.3210277811712729E-003  -3.2048573591961596E-003  -3.0748119864378214E-003  -2.9300873815569215E-003  -2.7699660623466483E-003  -2.5938559297199520E-003  -2.4013363651617485E-003  -2.1922118780646942E-003  -1.9665727617958432E-003  -1.7248614413419806E-003  -1.4679422132221837E-003  -1.1971709057665690E-003  -9.1445967492474745E-004  -6.2233079303927134E-004  -3.2395203556793116E-004  -2.3145331770177760E-005   2.7564001983656355E-004   5.6739776987076076E-004   8.4668531714893712E-004   1.1077980109003749E-003   1.3449961980390125E-003   1.5527782539428844E-003   1.7261861275955099E-003   1.8611230577577332E-003   1.9546571052157652E-003   2.0052802091814681E-003   2.0130918125130424E-003   1.9798796309047511E-003   1.9090782201167302E-003   1.8055981757168214E-003   1.6755337328477763E-003   1.5257720726666122E-003   1.3635411765445804E-003   1.1959420444633286E-003   1.0295136073294026E-003   8.6987397192268660E-004   7.2147042344883707E-004   5.8745489272261507E-004   4.6968428975871664E-004   3.6882934875837395E-004   2.8456404823789914E-004   2.1580181688463584E-004   1.6094483818376265E-004   1.1811783861117746E-004   8.5365987331645783E-005   6.0805881809829066E-005   4.2727213600977102E-005   2.9649353184647578E-005   2.0341216680346484E-005   1.3814461417147688E-005   9.2998063008529925E-006   6.2147769879351073E-006   4.1291084187861430E-006   2.7319266476088302E-006   1.8030123963107830E-006   1.1890723778273854E-006   7.8502672914941849E-007   5.1979591199545977E-007   3.4583840756526746E-007   2.3165087243969496E-007   1.5651163869825778E-007   1.0686623149428667E-007   7.3881626528726296E-008   5.1813311554213782E-008   3.6926837184056297E-008   2.6791676792454070E-008   1.9821860890488701E-008   1.4978504272361385E-008   1.1577703807806288E-008   9.1666264901873404E-009   7.4435630258838553E-009   6.2062774536848326E-009   5.3185707090659012E-009   4.6885957375375174E-009   4.2547942646485982E-009   3.9768235816756662E-009   3.8297756070601683E-009
  -3.9699416401241779E-003  -3.9699209663535684E-003  -3.9698129711908652E-003  -3.9694966652724191E-003  -3.9687980442676789E-003  -3.9674908831992695E-003  -3.9652977229962718E-003  -3.9618910109586588E-003  -3.9568943506764400E-003  -3.9498838138124588E-003  -3.9403892666953176E-003  -3.9278956699731749E-003  -3.9118443208895504E-003  -3.8916340263707746E-003  -3.8666222223743951E-003  -3.8361260920645721E-003  -3.7994237833869427E-003  -3.7557558862194155E-003  -3.7043274006979114E-003  -3.6443105110860029E-003  -3.5748485722491216E-003  -3.4950618156944298E-003  -3.4040553848290805E-003  -3.3009304079479143E-003  -3.1847989030809954E-003  -3.0548033684216500E-003  -2.9101419288964591E-003  -2.7500998625314115E-003  -2.5740881944004571E-003  -2.3816897924522230E-003  -2.1727129981168299E-003  -1.9472522466990484E-003  -1.7057543564102670E-003  -1.4490881828444178E-003  -1.1786141636039912E-003  -8.9624896583595688E-004  -6.0451909331084731E-004  -3.0659605952691954E-004  -6.3047973811870654E-006   2.9190338556389465E-004   5.8302149243578353E-004   8.6160769312182894E-004   1.1219598528513903E-003   1.3583427515665419E-003   1.5652612077372207E-003   1.7377656140432382E-003   1.8717695226584544E-003   1.9643529141727921E-003   2.0140208583634403E-003   2.0208866251672786E-003   1.9867518491764220E-003   1.9150644433349883E-003   1.8107471480359617E-003   1.6799045395496008E-003   1.5294318586132156E-003   1.3665625448410082E-003   1.1984003218222382E-003   1.0314841705433707E-003   8.7142981596547743E-004   7.2268011823501278E-004   5.8838102775320090E-004   4.7038245114686269E-004   3.6934761946530291E-004   2.8494297685963951E-004   2.1607476799621401E-004   1.6113862027453271E-004   1.1825350346738246E-004   8.5459704583234296E-005   6.0869810233853510E-005   4.2770312364092802E-005   2.9678097757555007E-005   2.0360202962115933E-005   1.3826896171696501E-005   9.3078919250470973E-006   6.2200042943810931E-006   4.1324733786646350E-006   2.7340869071839856E-006   1.8043977994462193E-006   1.1899614561083582E-006   7.8559869720485829E-007   5.2016545578775468E-007   3.4607864010287128E-007   2.3180830282846738E-007   1.5661583665908866E-007   1.0693601699331845E-007   7.3929009287556204E-008   5.1845987270675128E-008   3.6949764890325034E-008   2.6808074484495786E-008   1.9833834262144542E-008   1.4987444536221638E-008   1.1584540264106249E-008   9.1719876455758819E-009   7.4478800114446986E-009   6.2098509214617075E-009   5.3216145259604514E-009   4.6912658861908971E-009   4.2572082965972932E-009   3.9790740566536539E-009   3.8319397464536970E-009
