# Version 0.32
# Potential name = chengdu_MMWLY_800   
# L = 0
# S = 0
# J = 0
# Order = 1                   
# K_MAX = 1600 MeV
# For uncoupled channels, e.g., 3P0 (LSJ = 110)
# storage = D(1:N，1:N) (row, column)
# D(i,j)  = <pout(j),L|V|L,pin(i)>
# Normalization
# If V were so weak as to validate the Born approximation, the relation of V
# in 1S0 and the respective scattering length 'a' would have been
# <p|V|p> = 2/pi * a + ... for p->0, in unit of MeV^(-1)
# Momenta are in unit of MeV
# The value of pin and pout, where pin(1:N) = pout(1:N)
  0.22901858124691898        1.2064394883233263        2.9638922134998893        5.5000503700453010        8.8124838056065755        12.897967435154328        17.752513210465395        23.371379389034928        29.749076595347560        36.879373659606586        44.755303890995151        53.369171965536339        62.712561483732770        72.776343213976247        83.550684023418398        95.025056491985310        107.18824920226837        120.02837769632697        133.53289608927935        147.68860932865903        162.48168608774836        177.89767228040364        193.92150518423432        210.53752815838345        227.72950594155486        245.48064051535846        263.77358751748727        282.59047318869659        301.91291183703379        321.72202380225701        341.99845390289505        362.72239034792466        383.87358409458960        405.43136863344722        427.37468018131352        449.68207826237483        472.33176665735874        495.30161470029606        518.56917890206262        542.11172487957674        565.90624956922238        589.92950370279721        614.15801452402081        638.56810872341123        663.13593556911735        687.83749021110884        712.64863713595105        737.54513374925068        762.50265406272672        787.49681246276555        812.50318753723445        837.49734593727328        862.45486625074932        887.35136286404895        912.16250978889116        936.86406443088265        961.43189127658877        985.84198547597919        1010.0704962972028        1034.0937504307776        1057.8882751204233        1081.4308210979375        1104.6983852997039        1127.6682333426413        1150.3179217376251        1172.6253198186864        1194.5686313665528        1216.1264159054103        1237.2776096520754        1258.0015460971049        1278.2779761977431        1298.0870881629662        1317.4095268113033        1336.2264124825128        1354.5193594846414        1372.2704940584451        1389.4624718416167        1406.0784948157657        1422.1023277195964        1437.5183139122516        1452.3113906713411        1466.4671039107207        1479.9716223036730        1492.8117507977317        1504.9749435080148        1516.4493159765816        1527.2236567860236        1537.2874385162672        1546.6308280344638        1555.2446961090050        1563.1206263403933        1570.2509234046524        1576.6286206109651        1582.2474867895346        1587.1020325648456        1591.1875161943935        1594.4999496299547        1597.0361077865000        1598.7935605116768        1599.7709814187531     
# Matrix elements start here 
  -2.2691798117547026E-003  -2.2691675602416459E-003  -2.2691035610853567E-003  -2.2689161147423633E-003  -2.2685021049676166E-003  -2.2677274707416629E-003  -2.2664277934581357E-003  -2.2644089773991489E-003  -2.2614479980201489E-003  -2.2572936908107147E-003  -2.2516675538882297E-003  -2.2442645406624477E-003  -2.2347538256119333E-003  -2.2227795372124991E-003  -2.2079614681277319E-003  -2.1898957946347684E-003  -2.1681558655209979E-003  -2.1422931557611249E-003  -2.1118385222897501E-003  -2.0763039478293183E-003  -2.0351850131550228E-003  -1.9879643967483317E-003  -1.9341167608680774E-003  -1.8731154407023510E-003  -1.8044414028598101E-003  -1.7275949734208008E-003  -1.6421108441868125E-003  -1.5475768362185702E-003  -1.4436568173521501E-003  -1.3301180182453028E-003  -1.2068627518496788E-003  -1.0739641973159424E-003  -9.3170544864116969E-004  -7.8062044673525609E-004  -6.2153472087153085E-004  -4.5560309195347972E-004  -2.8434069285269807E-004  -1.0964292961328551E-004   6.6210534871705660E-005   2.4057289203553234E-004   4.1047319444223029E-004   5.7268905939132533E-004   7.2385105905216980E-004   8.6057811708154961E-004   9.7963978620855662E-004   1.0781373118833469E-003   1.1536913338400560E-003   1.2046205517061222E-003   1.2300934000927348E-003   1.2302344496792320E-003   1.2061694122279490E-003   1.1599974799197119E-003   1.0946869972313015E-003   1.0138993372390056E-003   9.2175505427581302E-004   8.2256436163720122E-004   7.2054922647659422E-004   6.1958576636487496E-004   5.2299274798748652E-004   4.3338524856415764E-004   3.5260315601955345E-004   2.8171389353337831E-004   2.2107941951326270E-004   1.7047072817441845E-004   1.2920966895465610E-004   9.6318036630823261E-005   7.0656960451130326E-005   5.1044563769470751E-005   3.6345443723196490E-005   2.5530647455098105E-005   1.7710759703151361E-005   1.2147147993453088E-005   8.2473897955185971E-006   5.5507351481848295E-006   3.7085513768787545E-006   2.4634549170970035E-006   1.6295728522753965E-006   1.0752913994251592E-006   7.0902946835430093E-007   4.6803073310030331E-007   3.0985730336142362E-007   2.0613214675460509E-007   1.3805573130752074E-007   9.3265115828638742E-008   6.3675012182022890E-008   4.4017418445679995E-008   3.0866862215303510E-008   2.1996800457008554E-008   1.5958301635770572E-008   1.1806020375425470E-008   8.9207776977031092E-009   6.8950051320645785E-009   5.4588632128005130E-009   4.4325802541257991E-009   3.6956638104061385E-009   3.1669714681974130E-009   2.7917871549104198E-009   2.5334404713942358E-009   2.3679000998916332E-009   2.2803292472008401E-009
  -2.2691675602416459E-003  -2.2691553087285888E-003  -2.2690913095723022E-003  -2.2689038632293353E-003  -2.2684898534547433E-003  -2.2677152192294415E-003  -2.2664155419480640E-003  -2.2643967258950404E-003  -2.2614357465305592E-003  -2.2572814393530495E-003  -2.2516553024952697E-003  -2.2442522893921730E-003  -2.2347415745616896E-003  -2.2227672865387078E-003  -2.2079492180724740E-003  -2.1898835455607100E-003  -2.1681436179561983E-003  -2.1422809104553425E-003  -2.1118262802838580E-003  -2.0762917105394047E-003  -2.0351727824726141E-003  -1.9879521751579648E-003  -1.9341045515831219E-003  -1.8731032478194957E-003  -1.8044292315320090E-003  -1.7275828300476195E-003  -1.6420987366200588E-003  -1.5475647739797618E-003  -1.4436448118567828E-003  -1.3301060830269889E-003  -1.2068509027750908E-003  -1.0739524527791390E-003  -9.3169382972342076E-004  -7.8060897731408157E-004  -6.2152342766051390E-004  -4.5559200445288565E-004  -2.8432984319030148E-004  -1.0963235225560221E-004   6.6220803554994760E-005   2.4058281436631682E-004   4.1048273219281722E-004   5.7269817470226108E-004   7.2385971549136525E-004   8.6058628081260103E-004   9.7964742722091180E-004   1.0781444052224266E-003   1.1536978607635158E-003   1.2046265006852234E-003   1.2300987675773207E-003   1.2302392405525641E-003   1.2061736398943186E-003   1.1600011659927655E-003   1.0946901708224082E-003   1.0139020338795599E-003   9.2175731454083396E-004   8.2256622956545567E-004   7.2055074790067881E-004   6.1958698727040745E-004   5.2299371301292141E-004   4.3338599973291559E-004   3.5260373176732496E-004   2.8171432806007077E-004   2.2107974245603256E-004   1.7047096456996734E-004   1.2920983943861939E-004   9.6318157811099822E-005   7.0657045390136946E-005   5.1044622515938626E-005   3.6345483844817143E-005   2.5530674536449921E-005   1.7710777786556062E-005   1.2147159952036563E-005   8.2473976368189126E-006   5.5507402528816444E-006   3.7085546808272288E-006   2.4634570463455874E-006   1.6295742207437291E-006   1.0752922779972089E-006   7.0903003277456811E-007   4.6803109658293040E-007   3.0985753844047313E-007   2.0613229972302532E-007   1.3805583164547693E-007   9.3265182298754893E-008   6.3675056737981582E-008   4.4017448722918639E-008   3.0866883111026531E-008   2.1996815129689091E-008   1.5958312136695620E-008   1.1806028047908464E-008   8.9207834299172580E-009   6.8950095177050396E-009   5.4588666536605943E-009   4.4325830259905849E-009   3.6956661057082604E-009   3.1669734238979677E-009   2.7917888709530796E-009   2.5334420231348613E-009   2.3679015466907636E-009   2.2803306385993434E-009
  -2.2691035610853567E-003  -2.2690913095723022E-003  -2.2690273104160391E-003  -2.2688398640732374E-003  -2.2684258542995206E-003  -2.2676512200777424E-003  -2.2663515428077972E-003  -2.2643327267862431E-003  -2.2613717474980650E-003  -2.2572174404879692E-003  -2.2515913039690737E-003  -2.2441882915080103E-003  -2.2346775778284010E-003  -2.2227032917737800E-003  -2.2078852265409255E-003  -2.1898195591575219E-003  -2.1680796394403924E-003  -2.1422169437441082E-003  -2.1117623308151735E-003  -2.0762277857113523E-003  -2.0351088921669179E-003  -1.9878883323541730E-003  -1.9340407730680936E-003  -1.8730395549944158E-003  -1.8043656513158054E-003  -1.7275193958712805E-003  -1.6420354895007858E-003  -1.5475017636569664E-003  -1.4435820979635920E-003  -1.3300437362610698E-003  -1.2067890060214407E-003  -1.0738911021251657E-003  -9.3163313529380791E-004  -7.8054906384031971E-004  -6.2146443468885128E-004  -4.5553408608630525E-004  -2.8427316725699757E-004  -1.0957709880046089E-004   6.6274444545788699E-005   2.4063464607209208E-004   4.1053255492248049E-004   5.7274579068881536E-004   7.2390493442453085E-004   8.6062892594182755E-004   9.7968734178143467E-004   1.0781814588610606E-003   1.1537319555785799E-003   1.2046575764573530E-003   1.2301268057653748E-003   1.2302642666694201E-003   1.2061957239643873E-003   1.1600204209237144E-003   1.0947067486876496E-003   1.0139161202885197E-003   9.2176912144890683E-004   8.2257598702111185E-004   7.2055869532223625E-004   6.1959336487492594E-004   5.2299875397969985E-004   4.3338992358057070E-004   3.5260673927279141E-004   2.8171659787345810E-004   2.2108142939273928E-004   1.7047219941381610E-004   1.2921072998348305E-004   9.6318790811128016E-005   7.0657489078958333E-005   5.1044929384634743E-005   3.6345693424324510E-005   2.5530815998584710E-005   1.7710872246915600E-005   1.2147222418750378E-005   8.2474385964974818E-006   5.5507669176578494E-006   3.7085719392379370E-006   2.4634681686160860E-006   1.6295813690211429E-006   1.0752968672671041E-006   7.0903298105233065E-007   4.6803299525100096E-007   3.0985876638548360E-007   2.0613309875910663E-007   1.3805635576397874E-007   9.3265529507236014E-008   6.3675289477077129E-008   4.4017606876668179E-008   3.0866992260169001E-008   2.1996891772619707E-008   1.5958366988375307E-008   1.1806068125171920E-008   8.9208133721584565E-009   6.8950324261028260E-009   5.4588846269893920E-009   4.4325975048176850E-009   3.6956780952078251E-009   3.1669836394875519E-009   2.7917978346891445E-009   2.5334501286390738E-009   2.3679091040330395E-009   2.2803379065564645E-009
  -2.2689161147423633E-003  -2.2689038632293353E-003  -2.2688398640732374E-003  -2.2686524177312028E-003  -2.2682384079606740E-003  -2.2674637737503849E-003  -2.2661640965158858E-003  -2.2641452805895446E-003  -2.2611843015293157E-003  -2.2570299950158161E-003  -2.2514038594979458E-003  -2.2440008489284648E-003  -2.2344901386339264E-003  -2.2225158583623773E-003  -2.2076978026219158E-003  -2.1896321502858922E-003  -2.1678922537024057E-003  -2.1420295926187823E-003  -2.1115750302363769E-003  -2.0760405573545040E-003  -2.0349217649823803E-003  -1.9877013443660961E-003  -1.9338539734524056E-003  -1.8728530064424371E-003  -1.8041794326801891E-003  -1.7273336050781822E-003  -1.6418502466958214E-003  -1.5473172145322879E-003  -1.4433984171889013E-003  -1.3298611309126322E-003  -1.2066077188703334E-003  -1.0737114146100294E-003  -9.3145536996570659E-004  -7.8037358603043317E-004  -6.2129165311707751E-004  -4.5536445210506561E-004  -2.8410717241529214E-004  -1.0941527042509711E-004   6.6431550015027922E-005   2.4078645218234018E-004   4.1067847681836478E-004   5.7288524915518539E-004   7.2403737209080833E-004   8.6075382515673647E-004   9.7980424343362756E-004   1.0782899811986990E-003   1.1538318118984965E-003   1.2047485904241701E-003   1.2302089231135825E-003   1.2303375621602324E-003   1.2062604027242225E-003   1.1600768136737745E-003   1.0947553008546257E-003   1.0139573755150065E-003   9.2180370053425637E-004   8.2260456374978579E-004   7.2058197091506002E-004   6.1961204288625506E-004   5.2301351734644792E-004   4.3340141522583162E-004   3.5261554722560269E-004   2.8172324535544494E-004   2.2108636981706196E-004   1.7047581580947939E-004   1.2921333804676437E-004   9.6320644617918803E-005   7.0658788463333442E-005   5.1045828075141921E-005   3.6346307193108842E-005   2.5531230279197901E-005   1.7711148878921934E-005   1.2147405355068309E-005   8.2475585481596831E-006   5.5508450059903229E-006   3.7086224806652738E-006   2.4635007401849572E-006   1.6296023026814820E-006   1.0753103068551092E-006   7.0904161499914670E-007   4.6803855542872064E-007   3.0986236236525028E-007   2.0613543869225368E-007   1.3805789061184470E-007   9.3266546282572181E-008   6.3675971035213576E-008   4.4018070016355928E-008   3.0867311893331905E-008   2.1997116213862649E-008   1.5958527615769417E-008   1.1806185487016411E-008   8.9209010545569181E-009   6.8950995105971127E-009   5.4589372596519604E-009   4.4326399042128342E-009   3.6957132048873979E-009   3.1670135544767103E-009   2.7918240837730371E-009   2.5334738644940187E-009   2.3679312346623746E-009   2.2803591897567871E-009
  -2.2685021049676166E-003  -2.2684898534547433E-003  -2.2684258542995206E-003  -2.2682384079606740E-003  -2.2678243982004868E-003  -2.2670497640217484E-003  -2.2657500868758945E-003  -2.2637312711759347E-003  -2.2607702926427556E-003  -2.2566159872591516E-003  -2.2509898539969852E-003  -2.2435868476642445E-003  -2.2340761449217523E-003  -2.2221018775180827E-003  -2.2072838428605335E-003  -2.1892182239019865E-003  -2.1674783785844897E-003  -2.1416157941521407E-003  -2.1111613436489620E-003  -2.0756270305588758E-003  -2.0345084619624696E-003  -1.9872883491502172E-003  -1.9334413947027392E-003  -1.8724409826752879E-003  -1.8037681381097245E-003  -1.7269232560480526E-003  -1.6414411086270167E-003  -1.5469096092708434E-003  -1.4429927305829962E-003  -1.3294578203850364E-003  -1.2062073206797186E-003  -1.0733145504151884E-003  -9.3106275222356650E-004  -7.7998602167730024E-004  -6.2091004491046826E-004  -4.5498979695095428E-004  -2.8374055598524481E-004  -1.0905785739399442E-004   6.6778530691922458E-005   2.4112172737020916E-004   4.1100075484840569E-004   5.7319325084121070E-004   7.2432986651914345E-004   8.6102966916422373E-004   9.8006242317342476E-004   1.0785296537023350E-003   1.1540523441397922E-003   1.2049495931472909E-003   1.2303902766713280E-003   1.2304994318712457E-003   1.2064032418211542E-003   1.1602013527596345E-003   1.0948625238458925E-003   1.0140484832174043E-003   9.2188006412812179E-004   8.2266767140335968E-004   7.2063337135853814E-004   6.1965328997273957E-004   5.2304611936715493E-004   4.3342679207710106E-004   3.5263499755076963E-004   2.8173792465648170E-004   2.2109727941494026E-004   1.7048380157741726E-004   1.2921909715315268E-004   9.6324738144922282E-005   7.0661657704386823E-005   5.1047812505002611E-005   3.6347662465542285E-005   2.5532145050728572E-005   1.7711759703774624E-005   1.2147809289130406E-005   8.2478234061756039E-006   5.5510174266694197E-006   3.7087340762747840E-006   2.4635726577122389E-006   1.6296485235149808E-006   1.0753399807914702E-006   7.0906067817538579E-007   4.6805083183762628E-007   3.0987030193170092E-007   2.0614060499650452E-007   1.3806127935736234E-007   9.3268791176550355E-008   6.3677475808504341E-008   4.4019092550060689E-008   3.0868017585129219E-008   2.1997611736669667E-008   1.5958882248234655E-008   1.1806444596823414E-008   8.9210946377060981E-009   6.8952476176181656E-009   5.4590534599843603E-009   4.4327335116583722E-009   3.6957907182315499E-009   3.1670795991063096E-009   2.7918820349203886E-009   2.5335262670143927E-009   2.3679800932209186E-009   2.2804061773921737E-009
  -2.2677274707416629E-003  -2.2677152192294415E-003  -2.2676512200777424E-003  -2.2674637737503849E-003  -2.2670497640217484E-003  -2.2662751299248689E-003  -2.2649754529831668E-003  -2.2629566377662443E-003  -2.2599956603063880E-003  -2.2558413571591380E-003  -2.2502152282829705E-003  -2.2428122300949056E-003  -2.2333015417617861E-003  -2.2213272987854490E-003  -2.2065093040084804E-003  -2.1884437480280293E-003  -2.1667039992643868E-003  -2.1408415590005183E-003  -2.1103873187088332E-003  -2.0748533056191643E-003  -2.0337351568947568E-003  -1.9865156213421950E-003  -1.9326694476448725E-003  -1.8716700757273916E-003  -1.8029985974337354E-003  -1.7261554866403253E-003  -1.6406756073159925E-003  -1.5461469784622496E-003  -1.4422336924335300E-003  -1.3287032309665424E-003  -1.2054581835603362E-003  -1.0725720289352563E-003  -9.3032817958853243E-004  -7.7926090783753663E-004  -6.2019607906309716E-004  -4.5428884440060712E-004  -2.8305464806268233E-004  -1.0838917318073665E-004   6.7427691919924896E-005   2.4174898375987040E-004   4.1160368995912648E-004   5.7376947168098595E-004   7.2487707050790905E-004   8.6154571799325753E-004   9.8054542056600800E-004   1.0789780231620675E-003   1.1544649020196374E-003   1.2053256119176207E-003   1.2307295332355090E-003   1.2308022362691310E-003   1.2066704427152720E-003   1.1604343176804754E-003   1.0950630941584574E-003   1.0142189059550149E-003   9.2202290495506010E-004   8.2278571472853594E-004   7.2072951477126970E-004   6.1973044053250325E-004   5.2310709879426897E-004   4.3347425663759002E-004   3.5267137660522090E-004   2.8176537973207148E-004   2.2111768357226119E-004   1.7049873705793950E-004   1.2922986800774564E-004   9.6332393850729562E-005   7.0667023660409386E-005   5.1051523653383320E-005   3.6350196961911437E-005   2.5533855736478522E-005   1.7712901968765514E-005   1.2148564647891025E-005   8.2483186836912386E-006   5.5513398434425971E-006   3.7089427502414709E-006   2.4637071349918380E-006   1.6297349496475485E-006   1.0753954658124173E-006   7.0909632241106436E-007   4.6807378587146365E-007   3.0988514686603602E-007   2.0615026451547067E-007   1.3806761526335887E-007   9.3272988380629250E-008   6.3680289199248236E-008   4.4021004302268944E-008   3.0869336948117692E-008   2.1998538157725021E-008   1.5959545256731179E-008   1.1806929015178637E-008   8.9214565478362428E-009   6.8955245065561251E-009   5.4592706972997637E-009   4.4329085103832670E-009   3.6959356283594545E-009   3.1672030680967453E-009   2.7919903729421613E-009   2.5336242317718298E-009   2.3680714324895597E-009   2.2804940189477133E-009
  -2.2664277934581357E-003  -2.2664155419480640E-003  -2.2663515428077972E-003  -2.2661640965158858E-003  -2.2657500868758945E-003  -2.2649754529831668E-003  -2.2636757764960651E-003  -2.2616569622636263E-003  -2.2586959868597677E-003  -2.2545416878224987E-003  -2.2489155667894138E-003  -2.2415125829030646E-003  -2.2320019195627917E-003  -2.2200277185973893E-003  -2.2052097920001721E-003  -2.1871443432267064E-003  -2.1654047583117872E-003  -2.1395425621278641E-003  -2.1090886771022179E-003  -2.0735551703415477E-003  -2.0324377295175399E-003  -1.9852191664162648E-003  -1.9313743071057814E-003  -1.8703766852793129E-003  -1.8017075048889931E-003  -1.7248673721024050E-003  -1.6393913049807152E-003  -1.5448674996713331E-003  -1.4409602494449847E-003  -1.3274372607067569E-003  -1.2042013703953685E-003  -1.0713263252494377E-003  -9.2909582269764114E-004  -7.7804443150833718E-004  -6.1899831768509822E-004  -4.5311292769144524E-004  -2.8190398412509892E-004  -1.0726741781206780E-004   6.8516681487800022E-005   2.4280121199680158E-004   4.1261510356926825E-004   5.7473605698249832E-004   7.2579496577947948E-004   8.6241133737735933E-004   9.8135558450268556E-004   1.0797300887863915E-003   1.1551568856932944E-003   1.2059562953034965E-003   1.2312985442758076E-003   1.2313100972542036E-003   1.2071185794005567E-003   1.1608250260631476E-003   1.0953994648569417E-003   1.0145047097975374E-003   9.2226244693119916E-004   8.2298366640933549E-004   7.2089073722842812E-004   6.1985981038990671E-004   5.2320934922945282E-004   4.3355384304593882E-004   3.5273237357996603E-004   2.8181141247253505E-004   2.2115189333170491E-004   1.7052377724806453E-004   1.2924792542231867E-004   9.6345228309771384E-005   7.0676019181679695E-005   5.1057744857210900E-005   3.6354445550606437E-005   2.5536723281214151E-005   1.7714816638400566E-005   1.2149830746030972E-005   8.2491488210408468E-006   5.5518802322702361E-006   3.7092924896549690E-006   2.4639325137583210E-006   1.6298797925341182E-006   1.0754884515015831E-006   7.0915605594643932E-007   4.6811225185085612E-007   3.0991002313582780E-007   2.0616645098142874E-007   1.3807823210183967E-007   9.3280021320854170E-008   6.3685003287191433E-008   4.4024207549541762E-008   3.0871547572080869E-008   2.2000090370304862E-008   1.5960656104617068E-008   1.1807740628816020E-008   8.9220628976887504E-009   6.8959884045499638E-009   5.4596346510865331E-009   4.4332016956973304E-009   3.6961784023617221E-009   3.1674099193004099E-009   2.7921718736773693E-009   2.5337883532078834E-009   2.3682244536709805E-009   2.2806411801232069E-009
  -2.2644089773991489E-003  -2.2643967258950404E-003  -2.2643327267862431E-003  -2.2641452805895446E-003  -2.2637312711759347E-003  -2.2629566377662443E-003  -2.2616569622636263E-003  -2.2596381499926598E-003  -2.2566771784161776E-003  -2.2525228866517376E-003  -2.2468967790041918E-003  -2.2394938189140732E-003  -2.2299831964244575E-003  -2.2180090632658287E-003  -2.2031912457235758E-003  -2.1851259673082379E-003  -2.1633866415004289E-003  -2.1375248299019319E-003  -2.1070715031118342E-003  -2.0715387902680679E-003  -2.0304224575873409E-003  -1.9832054147703778E-003  -1.9293626081720913E-003  -1.8683677172162518E-003  -1.7997021200642244E-003  -1.7228666284318148E-003  -1.6373964997771135E-003  -1.5428802054340282E-003  -1.4389823507576466E-003  -1.3254709911009919E-003  -1.2022493476843818E-003  -1.0693915834488951E-003  -9.2718183824594554E-004  -7.7615514110210325E-004  -6.1713812469518900E-004  -4.5128669387014988E-004  -2.8011700321730021E-004  -1.0552536781302264E-004   7.0207810254207994E-005   2.4443521500401512E-004   4.1418568722033236E-004   5.7623698988944400E-004   7.2722025326301407E-004   8.6375541388454243E-004   9.8261351613139112E-004   1.0808977757145470E-003   1.1562312523526318E-003   1.2069354549581496E-003   1.2321819245949429E-003   1.2320985147554588E-003   1.2078142533936268E-003   1.1614315268470765E-003   1.0959215960992630E-003   1.0149483307108640E-003   9.2263424536934016E-004   8.2329089858398908E-004   7.2114095273099815E-004   6.2006058213288765E-004   5.2336802664958311E-004   4.3367734363863430E-004   3.5282702308084892E-004   2.8188283850361394E-004   2.2120497189489607E-004   1.7056262680232860E-004   1.2927593993907274E-004   9.6365138902509425E-005   7.0689973606999167E-005   5.1067395117733959E-005   3.6361035594548731E-005   2.5541170954795792E-005   1.7717786223323859E-005   1.2151794326123966E-005   8.2504362128801014E-006   5.5527182379237032E-006   3.7098348216648642E-006   2.4642819871063889E-006   1.6301043766348438E-006   1.0756326229087053E-006   7.0924866701289603E-007   4.6817188717724218E-007   3.0994858826074745E-007   2.0619154353030028E-007   1.3809468990348224E-007   9.3290923117253696E-008   6.3692310370164249E-008   4.4029172589719034E-008   3.0874973939075351E-008   2.2002496160199255E-008   1.5962377772602731E-008   1.1808998491719258E-008   8.9230026151286461E-009   6.8967073359319026E-009   5.4601986821809235E-009   4.4336560470393921E-009   3.6965546255314208E-009   3.1677304695678440E-009   2.7924531364137516E-009   2.5340426821780935E-009   2.3684615800097528E-009   2.2808692249499808E-009
  -2.2614479980201489E-003  -2.2614357465305592E-003  -2.2613717474980650E-003  -2.2611843015293157E-003  -2.2607702926427556E-003  -2.2599956603063880E-003  -2.2586959868597677E-003  -2.2566771784161776E-003  -2.2537162138468654E-003  -2.2495619347036411E-003  -2.2439358493332594E-003  -2.2365329276215623E-003  -2.2270223695083449E-003  -2.2150483414093000E-003  -2.2002306907435050E-003  -2.1821656706156635E-003  -2.1604267349474788E-003  -2.1345654994032667E-003  -2.1041130054308705E-003  -2.0685814733460337E-003  -2.0274667847628805E-003  -1.9802519931846393E-003  -1.9264122215737508E-003  -1.8654213632667031E-003  -1.7967610520883209E-003  -1.7199324013567577E-003  -1.6344710197439098E-003  -1.5399657822457342E-003  -1.4360817519417399E-003  -1.3225874959085985E-003  -1.1993867988314508E-003  -1.0665544338367961E-003  -9.2437518930567559E-004  -7.7338476882574158E-004  -6.1441048890540154E-004  -4.4860892590636295E-004  -2.7749686707559981E-004  -1.0297118996911801E-004   7.2687246474974210E-005   2.4683081346818275E-004   4.1648822260319305E-004   5.7843732959352023E-004   7.2930961333204708E-004   8.6572564112431718E-004   9.8445738497225524E-004   1.0826092848489721E-003   1.1578059033157842E-003   1.2083704930976305E-003   1.2334765227799938E-003   1.2332538820723866E-003   1.2088336551174747E-003   1.1623202080316632E-003   1.0966866087163771E-003   1.0155982726058241E-003   9.2317892736688920E-004   8.2374096278160910E-004   7.2150746937815367E-004   6.2035465384456556E-004   5.2360042682502480E-004   4.3385821114887965E-004   3.5296562831446557E-004   2.8198742779894084E-004   2.2128268942343108E-004   1.7061950616339822E-004   1.2931695283609511E-004   9.6394285643379852E-005   7.0710399741140910E-005   5.1081519896375456E-005   3.6370680530525432E-005   2.5547679927824361E-005   1.7722131765870290E-005   1.2154667525727554E-005   8.2523198495824716E-006   5.5539442730564110E-006   3.7106282198540630E-006   2.4647932102628125E-006   1.6304328850582511E-006   1.0758434946117064E-006   7.0938411557620572E-007   4.6825910158054723E-007   3.1000498490453857E-007   2.0622823609492144E-007   1.3811875462341615E-007   9.3306862949178376E-008   6.3702993719538831E-008   4.4036431392097752E-008   3.0879982996830734E-008   2.2006013068165916E-008   1.5964894493717665E-008   1.1810837156927465E-008   8.9243761877144358E-009   6.8977581553807468E-009   5.4610230697403749E-009   4.4343201101232982E-009   3.6971044874539376E-009   3.1681989552317134E-009   2.7928641970609904E-009   2.5344143753499246E-009   2.3688081293755911E-009   2.2812025006303967E-009
  -2.2572936908107147E-003  -2.2572814393530495E-003  -2.2572174404879692E-003  -2.2570299950158161E-003  -2.2566159872591516E-003  -2.2558413571591380E-003  -2.2545416878224987E-003  -2.2525228866517376E-003  -2.2495619347036411E-003  -2.2454076771806558E-003  -2.2397816283603721E-003  -2.2323787674548108E-003  -2.2228683085941743E-003  -2.2108944391230801E-003  -2.1960770364551677E-003  -2.1780123955760736E-003  -2.1562740275205732E-003  -2.1304136241879698E-003  -2.0999623268197921E-003  -2.0644324840506066E-003  -2.0233201397918611E-003  -1.9761085496885883E-003  -1.9222730848549060E-003  -1.8612879390930922E-003  -1.7926351052333952E-003  -1.7158161200009716E-003  -1.6303670850121527E-003  -1.5358774417050614E-003  -1.4320128953409545E-003  -1.3185427308035032E-003  -1.1953715230136937E-003  -1.0625749006886143E-003  -9.2043856137161628E-004  -7.6949915407962936E-004  -6.1058495347366239E-004  -4.4485347648957159E-004  -2.7382239611503916E-004  -9.9389376878943276E-005   7.6164083794823386E-005   2.5018992096719058E-004   4.1971666787117448E-004   5.8152231329303681E-004   7.3223882820399916E-004   8.6848766761542587E-004   9.8704210738155074E-004   1.0850083069879159E-003   1.1600129386699742E-003   1.2103817020783936E-003   1.2352907695366681E-003   1.2348728860127486E-003   1.2102620179688444E-003   1.1635653057726948E-003   1.0977583483548345E-003   1.0165087254631914E-003   9.2394186182933463E-004   8.2437130885575517E-004   7.2202075348035545E-004   6.2076644411820014E-004   5.2392582662318999E-004   4.3411143156067786E-004   3.5315966082397358E-004   2.8213382686258963E-004   2.2139146359345042E-004   1.7069910685892615E-004   1.2937434302561778E-004   9.6435067036171421E-005   7.0738976498425048E-005   5.1101278811064843E-005   3.6384171262056697E-005   2.5556783324639254E-005   1.7728208777785418E-005   1.2158685131134800E-005   8.2549534776458104E-006   5.5556582956274702E-006   3.7117372969927456E-006   2.4655077702441462E-006   1.6308920123378266E-006   1.0761381837928977E-006   7.0957338504545101E-007   4.6838096004925460E-007   3.1008377711033390E-007   2.0627949529283068E-007   1.3815237012661660E-007   9.3329127247841733E-008   6.3717914813959230E-008   4.4046568819384725E-008   3.0886978033407466E-008   2.2010924044421366E-008   1.5968408613646957E-008   1.1813404362440079E-008   8.9262939199992728E-009   6.8992252049967285E-009   5.4621739508462211E-009   4.4352471378850299E-009   3.6978720671863845E-009   3.1688529205569639E-009   2.7934379897661508E-009   2.5349332071338333E-009   2.3692918584047510E-009   2.2816676987082612E-009
  -2.2516675538882297E-003  -2.2516553024952697E-003  -2.2515913039690737E-003  -2.2514038594979458E-003  -2.2509898539969852E-003  -2.2502152282829705E-003  -2.2489155667894138E-003  -2.2468967790041918E-003  -2.2439358493332594E-003  -2.2397816283603721E-003  -2.2341556388782717E-003  -2.2267528732557453E-003  -2.2172425654079131E-003  -2.2052689316277114E-003  -2.1904518905886228E-003  -2.1723877946637740E-003  -2.1506502329296188E-003  -2.1247910012438236E-003  -2.0943413767251875E-003  -2.0588138825226366E-003  -2.0177047830749377E-003  -1.9704976084998723E-003  -1.9166680666649859E-003  -1.8556907589266439E-003  -1.7870481648793164E-003  -1.7102423951350877E-003  -1.6248102192440994E-003  -1.5303418459518328E-003  -1.4265038501942002E-003  -1.3130664886941551E-003  -1.1899354059951366E-003  -1.0571873885834469E-003  -9.1510936390354542E-004  -7.6423925951446775E-004  -6.0540664532646540E-004  -4.3977030915726611E-004  -2.6884912003626179E-004  -9.4541804201049573E-005   8.0869280842369665E-005   2.5473548454374851E-004   4.2408510397032632E-004   5.8569631365513151E-004   7.3620175642776474E-004   8.7222409459352442E-004   9.9053837422035328E-004   1.0882530869512912E-003   1.1629977642858664E-003   1.2131014203269159E-003   1.2377438879109678E-003   1.2370617758983569E-003   1.2121929495093353E-003   1.1652482999091351E-003   1.0992068461401522E-003   1.0177390905584571E-003   9.2497274735508920E-004   8.2522293242566209E-004   7.2271413243862512E-004   6.2132264547700604E-004   5.2436528255502099E-004   4.3445336211968700E-004   3.5342163230551413E-004   2.8233145891401468E-004   2.2153828310612729E-004   1.7080653380895978E-004   1.2945178421219780E-004   9.6490088740337418E-005   7.0777526320494772E-005   5.1127929589013459E-005   3.6402364907424835E-005   2.5569058431820121E-005   1.7736401906929410E-005   1.2164100964767157E-005   8.2585031752490573E-006   5.5579681947977708E-006   3.7132317374972711E-006   2.4664704834032285E-006   1.6315105038423862E-006   1.0765351088053031E-006   7.0982828503191977E-007   4.6854505355874422E-007   3.1018986528440279E-007   2.0634850421790086E-007   1.3819762075808409E-007   9.3359094544234623E-008   6.3737996251399918E-008   4.4060210868498429E-008   3.0896390465419140E-008   2.2017531618911975E-008   1.5973136376035298E-008   1.1816857922972905E-008   8.9288735915540454E-009   6.9011985087287883E-009   5.4637218942021240E-009   4.4364939345846061E-009   3.6989043711329222E-009   3.1697323944018479E-009   2.7942096219268428E-009   2.5356309123466365E-009   2.3699423484769509E-009   2.2822932639470731E-009
  -2.2442645406624477E-003  -2.2442522893921730E-003  -2.2441882915080103E-003  -2.2440008489284648E-003  -2.2435868476642445E-003  -2.2428122300949056E-003  -2.2415125829030646E-003  -2.2394938189140732E-003  -2.2365329276215623E-003  -2.2323787674548108E-003  -2.2267528732557453E-003  -2.2193502556256571E-003  -2.2098401755046206E-003  -2.1978668883335275E-003  -2.1830503681931146E-003  -2.1649870441374794E-003  -2.1432506091458707E-003  -2.1173929971156514E-003  -2.0869456652288058E-003  -2.0514213675472083E-003  -2.0103166599609711E-003  -1.9631154349947829E-003  -1.9092938448210658E-003  -1.8483270281787418E-003  -1.7796981061499850E-003  -1.7029099453054807E-003  -1.6175001946812113E-003  -1.5230600729804805E-003  -1.4192572994341675E-003  -1.3058634090470232E-003  -1.1827854527738976E-003  -1.0501017388643312E-003  -9.0810081070500032E-004  -7.5732227496961213E-004  -5.9859740175060845E-004  -4.3308664600362609E-004  -2.6231044440557178E-004  -8.8168913081383520E-005   8.7054466811306661E-005   2.6071028301394555E-004   4.2982653125716230E-004   5.9118164015013416E-004   7.4140914608603384E-004   8.7713330884594274E-004   9.9513151151783439E-004   1.0925153204699666E-003   1.1669180332593045E-003   1.2166730262865813E-003   1.2409649470036864E-003   1.2399354833098066E-003   1.2147276222234759E-003   1.1674571792116848E-003   1.1011076602345034E-003   1.0193533984256288E-003   9.2632510501478753E-004   8.2633993932273628E-004   7.2362342636739197E-004   6.2205191762107698E-004   5.2494137935430168E-004   4.3490152854858485E-004   3.5376493367888129E-004   2.8259039823114271E-004   2.2173061114562074E-004   1.7094723232998767E-004   1.2955319056099775E-004   9.6562123746593472E-005   7.0827986415264864E-005   5.1162807588650836E-005   3.6426170414289803E-005   2.5585116719506622E-005   1.7747118095568048E-005   1.2171183243592494E-005   8.2631442326786149E-006   5.5609877111567280E-006   3.7151849201080483E-006   2.4677284880230436E-006   1.6323185601142069E-006   1.0770535989174983E-006   7.1016119572802095E-007   4.6875933137738201E-007   3.1032837581264450E-007   2.0643858939945423E-007   1.3825668266611955E-007   9.3398202735608878E-008   6.3764199495529582E-008   4.4078009347005264E-008   3.0908669130998588E-008   2.2026150296126195E-008   1.5979302421536346E-008   1.1821361671347719E-008   8.9322373977020325E-009   6.9037714129635589E-009   5.4657400357455495E-009   4.4381193444608882E-009   3.7002500747641997E-009   3.1708788132318819E-009   2.7952154257066525E-009   2.5365403261283613E-009   2.3707902022383730E-009   2.2831086207846834E-009
  -2.2347538256119333E-003  -2.2347415745616896E-003  -2.2346775778284010E-003  -2.2344901386339264E-003  -2.2340761449217523E-003  -2.2333015417617861E-003  -2.2320019195627917E-003  -2.2299831964244575E-003  -2.2270223695083449E-003  -2.2228683085941743E-003  -2.2172425654079131E-003  -2.2098401755046206E-003  -2.2003304361918425E-003  -2.1883576549614650E-003  -2.1735418789325788E-003  -2.1554796376155251E-003  -2.1337447594919224E-003  -2.1078893578757849E-003  -2.0774451233932247E-003  -2.0419251088941771E-003  -2.0008262468200048E-003  -1.9536328973586608E-003  -1.8998217854735394E-003  -1.8388687421332184E-003  -1.7702577141922417E-003  -1.6934925407771726E-003  -1.6081120018072719E-003  -1.5137086140117263E-003  -1.4099515666323409E-003  -1.2966140360807419E-003  -1.1736048784368627E-003  -1.0410043542149552E-003  -8.9910307883871231E-004  -7.4844281079620165E-004  -5.8985699753675083E-004  -4.2450822728959869E-004  -2.5391894050363819E-004  -7.9991027040897042E-005   9.4990601785836098E-005   2.6837556986383793E-004   4.3719150144837281E-004   5.9821716763172302E-004   7.4808726859492639E-004   8.8342813118594092E-004   1.0010201537303215E-003   1.0979788627195424E-003   1.1719424002571014E-003   1.2212497487843045E-003   1.2450917378388697E-003   1.2436165718126410E-003   1.2179738039671322E-003   1.1702855576214291E-003   1.1035410809200970E-003   1.0214196037187566E-003   9.2805566181687117E-004   8.2776901451391037E-004   7.2478649760242470E-004   6.2298451125275978E-004   5.2567792084928431E-004   4.3547437510173541E-004   3.5420363626950365E-004   2.8292121456840612E-004   2.2197626559839129E-004   1.7112689739163619E-004   1.2968264903252125E-004   9.6654062693444755E-005   7.0892372817247585E-005   5.1207300171087747E-005   3.6456530530213732E-005   2.5605591317927826E-005   1.7760777982886744E-005   1.2180208739359994E-005   8.2690572230205250E-006   5.5648338143224829E-006   3.7176721794776397E-006   2.4693300979415809E-006   1.6333470836736196E-006   1.0777134004403423E-006   7.1058474416463626E-007   4.6903188852913061E-007   3.1050452106433466E-007   2.0655312810799985E-007   1.3833176199158415E-007   9.3447907496995719E-008   6.3797496587733290E-008   4.4100622385238755E-008   3.0924266667138076E-008   2.2037096875098840E-008   1.5987132783580325E-008   1.1827080289054595E-008   8.9365080517851124E-009   6.9070375796595210E-009   5.4683017020866044E-009   4.4401823248042545E-009   3.7019579180592545E-009   3.1723336475466070E-009   2.7964917482077795E-009   2.5376942867753270E-009   2.3718660185806491E-009   2.2841431864629346E-009
  -2.2227795372124991E-003  -2.2227672865387078E-003  -2.2227032917737800E-003  -2.2225158583623773E-003  -2.2221018775180827E-003  -2.2213272987854490E-003  -2.2200277185973893E-003  -2.2180090632658287E-003  -2.2150483414093000E-003  -2.2108944391230801E-003  -2.2052689316277114E-003  -2.1978668883335275E-003  -2.1883576549614650E-003  -2.1763856073364874E-003  -2.1615708874920363E-003  -2.1435101545119475E-003  -2.1217774106934094E-003  -2.0959249985483454E-003  -2.0654849059860447E-003  -2.0299705654364432E-003  -1.9888793868096575E-003  -1.9416963224032637E-003  -1.8878988215102559E-003  -1.8269635895844212E-003  -1.7583756157780856E-003  -1.6816399658774166E-003  -1.5962968452124643E-003  -1.5019404056029412E-003  -1.3982416869614913E-003  -1.2849759309877199E-003  -1.1620542637565711E-003  -1.0295593993519736E-003  -8.8778455562060331E-004  -7.3727419171607965E-004  -5.7886448548591807E-004  -4.1372069745721136E-004  -2.4336777464528344E-004  -6.9709821205439851E-005   1.0496647230036284E-004   2.7800953968337618E-004   4.4644656243620837E-004   6.0705676844550007E-004   7.5647634833644114E-004   8.9133425499616386E-004   1.0084147034945521E-003   1.1048382221672350E-003   1.1782490625254823E-003   1.2269932679930407E-003   1.2502694463033370E-003   1.2482339926295292E-003   1.2220447053953121E-003   1.1738316203280391E-003   1.1065911798034465E-003   1.0240087394401388E-003   9.3022360926977958E-004   8.2955878186111501E-004   7.2624270635382763E-004   6.2415181254438852E-004   5.2659955485884094E-004   4.3619096069620015E-004   3.5475224966380841E-004   2.8333478335140327E-004   2.2228327269357279E-004   1.7135136257332483E-004   1.2984433646478848E-004   9.6768852904881316E-005   7.0972736234943871E-005   5.1262815178650112E-005   3.6494399603549144E-005   2.5631121581980472E-005   1.7777805298305456E-005   1.2191455567647111E-005   8.2764231461615918E-006   5.5696234595146323E-006   3.7207686544817665E-006   2.4713233826607499E-006   1.6346267455101304E-006   1.0785340642484293E-006   7.1111140249173515E-007   4.6937070192383716E-007   3.1072342549731560E-007   2.0669543316268559E-007   1.3842501802162495E-007   9.3509630555558748E-008   6.3838834950896882E-008   4.4128690180945380E-008   3.0943622549055949E-008   2.2050678394024964E-008   1.5996846163054138E-008   1.1834172865028465E-008   8.9418039274579083E-009   6.9110872381956400E-009   5.4714774475445059E-009   4.4427395432130767E-009   3.7040747044781803E-009   3.1741366887284111E-009   2.7980734424176298E-009   2.5391242671218404E-009   2.3731991139603671E-009   2.2854251399079459E-009
