# Version 0.32
# Potential name = chengdu_MMWLY_600   
# L = 2
# S = 0
# J = 2
# Order = 1                   
# K_MAX = 1200 MeV
# For uncoupled channels, e.g., 3P0 (LSJ = 110)
# storage = D(1:N，1:N) (row, column)
# D(i,j)  = <pout(j),L|V|L,pin(i)>
# Normalization
# If V were so weak as to validate the Born approximation, the relation of V
# in 1S0 and the respective scattering length 'a' would have been
# <p|V|p> = 2/pi * a + ... for p->0, in unit of MeV^(-1)
# Momenta are in unit of MeV
# The value of pin and pout, where pin(1:N) = pout(1:N)
  0.17176393593524608       0.90482961624252312        2.2229191601248885        4.1250377775339757        6.6093628542049601        9.6734755763658313        13.314384907848989        17.528534541776253        22.311807446510670        27.659530244704911        33.566477918246392        40.026878974152282        47.034421112799578        54.582257410482157        62.663013017563799        71.268792368988898        80.391186901701303        90.021283272245228        100.14967206695951        110.76645699649430        121.86126456581133        133.42325421030273        145.44112888817568        157.90314611878756        170.79712945616615        184.11048038651882        197.83019063811543        211.94285489152242        226.43468387777534        241.29151785169273        256.49884042717133        272.04179276094351        287.90518807094219        304.07352647508543        320.53101013598518        337.26155869678109        354.24882499301907        371.47621102522203        388.92688417654699        406.58379365968250        424.42968717691679        442.44712777709788        460.61851089301558        478.92608154255839        497.35195167683804        515.87811765833158        534.48647785196329        553.15885031193807        571.87699054704501        590.62260934707410        609.37739065292590        628.12300945295499        646.84114968806193        665.51352214803671        684.12188234166842        702.64804832316190        721.07391845744155        739.38148910698442        757.55287222290212        775.57031282308321        793.41620634031756        811.07311582345301        828.52378897477797        845.75117500698093        862.73844130321891        879.46898986401482        895.92647352491463        912.09481192905787        927.95820723905649        943.50115957282867        958.70848214830721        973.56531612222466        988.05714510847758        1002.1698093618845        1015.8895196134812        1029.2028705438338        1042.0968538812124        1054.5588711118244        1066.5767457896973        1078.1387354341887        1089.2335430035057        1099.8503279330405        1109.9787167277548        1119.6088130982987        1128.7312076310111        1137.3369869824362        1145.4177425895177        1152.9655788872005        1159.9731210258478        1166.4335220817536        1172.3404697552951        1177.6881925534894        1182.4714654582237        1186.6856150921510        1190.3265244236341        1193.3906371457952        1195.8749622224659        1197.7770808398750        1199.0951703837575        1199.8282360640646     
# Matrix elements start here 
  -2.9670004986571282E-015  -8.2325290831988515E-014  -4.9655229375669424E-013  -1.7066635697879747E-012  -4.3630450242766532E-012  -9.2733033120967745E-012  -1.7339074307321987E-011  -2.9450598080180182E-011  -4.6334466153874706E-011  -6.8363937967852319E-011  -9.5361760627695812E-011  -1.2644686435245355E-010  -1.5998773253769944E-010  -1.9371415497620323E-010  -2.2499957799261178E-010  -2.5126754157294675E-010  -2.7042263481878880E-010  -2.8118760496499963E-010  -2.8325718384811479E-010  -2.7724321620739063E-010  -2.6445335599915224E-010  -2.4658696895546410E-010  -2.2543533425824546E-010  -2.0264759834757950E-010  -1.7958790508895709E-010  -1.5727890563801894E-010  -1.3640985419320559E-010  -1.1738314714538630E-010  -1.0037688661866135E-010  -8.5408006815973677E-011  -7.2387342166236767E-011  -6.1163225342933358E-011  -5.1553468069818016E-011  -4.3367247338338301E-011  -3.6419022175699230E-011  -3.0536578545809809E-011  -2.5565000140736562E-011  -2.1367962974847683E-011  -1.7827384322343102E-011  -1.4842139547304761E-011  -1.2326324467418014E-011  -1.0207364643097692E-011  -8.4241533390644365E-012  -6.9253195381943038E-012  -5.6676736676214976E-012  -4.6148503660795268E-012  -3.7361437807857277E-012  -3.0055275700205527E-012  -2.4008383946496100E-012  -1.9031085013188780E-012  -1.4960246767264592E-012  -1.1654967042123425E-012  -8.9931712330789311E-013  -6.8689456516488717E-013  -5.1904561621397328E-013  -3.8783111645046477E-013  -2.8642364992762199E-013  -2.0899653907137373E-013  -1.5062565915335117E-013  -1.0719835409464024E-013  -7.5325696865573486E-014  -5.2256513435144882E-014  -3.5793046129083896E-014  -2.4209235807980606E-014  -1.6173259536123006E-014  -1.0675939965365277E-014  -6.9664963454551441E-015  -4.4965582884429852E-015  -2.8728452935411408E-015  -1.8183177952922457E-015  -1.1412020728916991E-015  -7.1096711496310440E-016  -4.4018754639039994E-016  -2.7119414184658411E-016  -1.6648447785953968E-016  -1.0198962003380475E-016  -6.2445674022566541E-017  -3.8275595379569232E-017  -2.3526312487807044E-017  -1.4526561042493395E-017  -9.0267973955131892E-018  -5.6554475859963403E-018  -3.5790961629101686E-018  -2.2922812640048838E-018  -1.4885535906701932E-018  -9.8190652451556811E-019  -6.5914081689857722E-019  -4.5109093491931680E-019  -3.1526642015285363E-019  -2.2539217382871516E-019  -1.6509396779114217E-019  -1.2407865369397434E-019  -9.5814749557081372E-020  -7.6116973539283752E-020  -6.2277919408102867E-020  -5.2531423770913380E-020  -4.5719699745847548E-020  -4.1085482312376757E-020  -3.8142074454816730E-020  -3.6593739544152752E-020
  -8.2325290831988515E-014  -2.2842778719768483E-012  -1.3777825390557686E-011  -4.7354763888235311E-011  -1.2106137806509283E-010  -2.5730645611404105E-010  -4.8110804996985682E-010  -8.1716845675038038E-010  -1.2856499132704776E-009  -1.8969116405982212E-009  -2.6460386565191900E-009  -3.5085876013424197E-009  -4.4392919731898593E-009  -5.3751616759544870E-009  -6.2433162034890188E-009  -6.9722615185137134E-009  -7.5038483053106552E-009  -7.8026273048410720E-009  -7.8601196101573203E-009  -7.6932959515403996E-009  -7.3384371626978582E-009  -6.8426963381086902E-009  -6.2557795151064082E-009  -5.6234504260008953E-009  -4.9835651972974418E-009  -4.3645041074348015E-009  -3.7853957873188606E-009  -3.2574083803283424E-009  -2.7854855830860291E-009  -2.3700983441936369E-009  -2.0087730617901833E-009  -1.6973014854797697E-009  -1.4306282140700801E-009  -1.2034581172717559E-009  -1.0106425429875372E-009  -8.4740261716265415E-010  -7.0943942877926715E-010  -5.9296999082819332E-010  -4.9471749399231372E-010  -4.1187571179686816E-010  -3.4206078148934243E-010  -2.8325874013832490E-010  -2.3377385917820794E-010  -1.9218057143147543E-010  -1.5728035517656370E-010  -1.2806404996179748E-010  -1.0367956393139426E-010  -8.3404646259627086E-011  -6.6624261727283660E-011  -5.2812043646917167E-011  -4.1515292901633943E-011  -3.2343002631856544E-011  -2.4956408267200800E-011  -1.9061593659192523E-011  -1.4403716998987226E-011  -1.0762461360392966E-011  -7.9483635749132788E-012  -5.7997307440616849E-012  -4.1799164284242537E-012  -2.9747923108475207E-012  -2.0903142162766957E-012  -1.4501359798048458E-012  -9.9326878047312410E-013  -6.7181398205846244E-013  -4.4881291761060788E-013  -2.9626052880581366E-013  -1.9332228234642985E-013  -1.2478074476490893E-013  -7.9722222000864924E-014  -5.0458781106333861E-014  -3.1668633348576984E-014  -1.9729502163088232E-014  -1.2215300395199189E-014  -7.5256921243806943E-015  -4.6199767553261707E-015  -2.8302308053217504E-015  -1.7328778758502022E-015  -1.0621536666131478E-015  -6.5285864365003374E-016  -4.0311397585844793E-016  -2.5049467596706971E-016  -1.5693926551257746E-016  -9.9320247414614284E-017  -6.3610992233780442E-017  -4.1307471489469913E-017  -2.7247956413050089E-017  -1.8291190303037116E-017  -1.2517789253457194E-017  -8.7486516639599645E-018  -6.2546376090521385E-018  -4.5813598038527269E-018  -3.4431834442335551E-018  -2.6588588869752267E-018  -2.1122457175899130E-018  -1.7282108952905936E-018  -1.4577458631681602E-018  -1.2687215983342547E-018  -1.1401207026123226E-018  -1.0584414426571887E-018  -1.0154749948501247E-018
  -4.9655229375669424E-013  -1.3777825390557686E-011  -8.3102205715967190E-011  -2.8562481257561209E-010  -7.3019475986466058E-010  -1.5519772377256234E-009  -2.9018829156590696E-009  -4.9289319555387737E-009  -7.7547825300323629E-009  -1.1441992822126728E-008  -1.5961020051291974E-008  -2.1164547303545274E-008  -2.6779644927929760E-008  -3.2426425867557610E-008  -3.7665255031782720E-008  -4.2064750305378704E-008  -4.5273926964074784E-008  -4.7078674829603910E-008  -4.7427580311909644E-008  -4.6422811308204976E-008  -4.4283116508811167E-008  -4.1292930216649960E-008  -3.7752167600496163E-008  -3.3937011300578332E-008  -3.0075959603128203E-008  -2.6340342084831259E-008  -2.2845657885984808E-008  -1.9659359038757610E-008  -1.6811323530480457E-008  -1.4304426097358007E-008  -1.2123761934816116E-008  -1.0243950197448844E-008  -8.6344918672684311E-009  -7.2634371338256617E-009  -6.0997174275302815E-009  -5.1144939781100504E-009  -4.2818234499422949E-009  -3.5788754305301083E-009  -2.9858739081097289E-009  -2.4858826620802959E-009  -2.0645143652728197E-009  -1.7096140445301349E-009  -1.4109473119752696E-009  -1.1599102658357182E-009  -9.4926928908271865E-010  -7.7293362478709711E-010  -6.2576048478670228E-010  -5.0339072769276021E-010  -4.0211230431456599E-010  -3.1874832068238060E-010  -2.5056650354384990E-010  -1.9520692205795329E-010  -1.5062495445289438E-010  -1.1504666197386130E-010  -8.6933939741259627E-011  -6.4957059028533340E-011  -4.7972509616557311E-011  -3.5004389929242463E-011  -2.5227966602334157E-011  -1.7954415306374473E-011  -1.2616130123960425E-011  -8.7523218708770579E-012  -5.9948912477367551E-012  -4.0547448572106591E-012  -2.7088179270508317E-012  -1.7880853020725006E-012  -1.1667997509620122E-012  -7.5311614984694122E-013  -4.8116469847729482E-013  -3.0454473313008277E-013  -1.9113650411102671E-013  -1.1907769554738382E-013  -7.3725618205279466E-014  -4.5421419107735056E-014  -2.7883932423077197E-014  -1.7081895763140800E-014  -1.0458807034306063E-014  -6.4106420914492542E-015  -3.9403365455217040E-015  -2.4329993753258240E-015  -1.5118636597037589E-015  -9.4720880175225599E-016  -5.9944852130812936E-016  -3.8392487358773954E-016  -2.4931171279218278E-016  -1.6445534662643648E-016  -1.1039668102822297E-016  -7.5551252890041205E-017  -5.2802580601296899E-017  -3.7749931809725134E-017  -2.7650845122689486E-017  -2.0781369479120061E-017  -1.6047569989200485E-017  -1.2748480473072431E-017  -1.0430634293518200E-017  -8.7982399134429725E-018  -7.6573818853427391E-018  -6.8812098872749573E-018  -6.3882338244007450E-018  -6.1289095178153625E-018
  -1.7066635697879747E-012  -4.7354763888235311E-011  -2.8562481257561209E-010  -9.8170370982908237E-010  -2.5097223261299873E-009  -5.3342932625990129E-009  -9.9742218992893907E-009  -1.6941956623126157E-008  -2.6656121053326146E-008  -3.9332489943779705E-008  -5.4870553882517297E-008  -7.2765141994436650E-008  -9.2079187838841375E-008  -1.1150744723407079E-007  -1.2953838370789992E-007  -1.4468772296291320E-007  -1.5574658666820410E-007  -1.6197610454634041E-007  -1.6319682336631411E-007  -1.5975795484616433E-007  -1.5241051096152851E-007  -1.4213236092730258E-007  -1.2995541456716037E-007  -1.1683047514998765E-007  -1.0354456601858466E-007  -9.0688076892640704E-008  -7.8659222046481331E-008  -6.7690747080688308E-008  -5.7885944906129306E-008  -4.9255040806311480E-008  -4.1746957549645429E-008  -3.5274476828152201E-008  -2.9732703225451474E-008  -2.5011706059193916E-008  -2.1004560702223103E-008  -1.7612000827589027E-008  -1.4744716776966274E-008  -1.2324108949538426E-008  -1.0282089383582994E-008  -8.5603448726475369E-009  -7.1093366846776562E-009  -5.8872115085752958E-009  -4.8587284997654341E-009  -3.9942607318806364E-009  -3.2688994517595054E-009  -2.6616711125099118E-009  -2.1548663661281162E-009  -1.7334742893190175E-009  -1.3847121944243084E-009  -1.0976401982934642E-009  -8.6284948032445698E-010  -6.7221339861454263E-010  -5.1869109867083401E-010  -3.9617384526042340E-010  -2.9936501823838216E-010  -2.2368556124719589E-010  -1.6519768096079035E-010  -1.2054076188455890E-010  -8.6874752377826696E-011  -6.1827617957011271E-011  -4.3444752344962760E-011  -3.0139383733037201E-011  -2.0643927271758953E-011  -1.3962862784805171E-011  -9.3280461036147047E-012  -6.1574236575295371E-012  -4.0179734855249153E-012  -2.5934187087550272E-012  -1.6569308265330435E-012  -1.0487250934814445E-012  -6.5819435483052751E-013  -4.1005384298331056E-013  -2.5388020573493945E-013  -1.5641236166393506E-013  -9.6020586502485678E-014  -5.8822890404517578E-014  -3.6015745307921760E-014  -2.2075561139692136E-014  -1.3568864478943693E-014  -8.3782276038634637E-015  -5.2062228784150797E-015  -3.2617887146544725E-015  -2.0642484568240056E-015  -1.3220756352430393E-015  -8.5852453669685397E-016  -5.6631492373071267E-016  -3.8015963894907035E-016  -2.6016666053831528E-016  -1.8182981861263010E-016  -1.2999483964083539E-016  -9.5217843024249080E-017  -7.1562265445371192E-017  -5.5261056671727626E-017  -4.3900384101921069E-017  -3.5918699882357678E-017  -3.0297422498860012E-017  -2.6368788947405936E-017  -2.3695980191409507E-017  -2.1998378758780767E-017  -2.1105375271340951E-017
  -4.3630450242766532E-012  -1.2106137806509283E-010  -7.3019475986466058E-010  -2.5097223261299873E-009  -6.4161770219581045E-009  -1.3637590102555950E-008  -2.5500958442076171E-008  -4.3317819948045785E-008  -6.8161086295089542E-008  -1.0058666624330060E-007  -1.4034341695646474E-007  -1.8614643618122828E-007  -2.3560579320210779E-007  -2.8538716132388085E-007  -3.3162355693307263E-007  -3.7051146247380208E-007  -3.9894612689170339E-007  -4.1502188936394194E-007  -4.1826446391723576E-007  -4.0955558809162277E-007  -3.9081044917196180E-007  -3.6453037661908159E-007  -3.3335957156742250E-007  -2.9973751973786873E-007  -2.6568565673451506E-007  -2.3272192842132551E-007  -2.0187138366626919E-007  -1.7373419319614882E-007  -1.4857783333279101E-007  -1.2643040198295839E-007  -1.0716218117977121E-007  -9.0550296100750984E-008  -7.6326194199813213E-008  -6.4208173083315518E-008  -5.3922085631417377E-008  -4.5213330913131033E-008  -3.7852789832411951E-008  -3.1638784476684573E-008  -2.6396586375967100E-008  -2.1976536875283521E-008  -1.8251487398496906E-008  -1.5114009107003738E-008  -1.2473642042415150E-008  -1.0254334042906779E-008  -8.3921427488034733E-009  -6.8332265831467163E-009  -5.5321227957272777E-009  -4.4502954248984284E-009  -3.5549284934467722E-009  -2.8179366952211688E-009  -2.2151651926091268E-009  -1.7257507436189521E-009  -1.3316175616189958E-009  -1.0170828373785931E-009  -7.6854867361837448E-010  -5.7425935580179130E-010  -4.2410547221312657E-010  -3.0945939117793932E-010  -2.2302991740783396E-010  -1.5872738923695725E-010  -1.1153380144809403E-010  -7.7375483102329808E-011  -5.2998204866688828E-011  -3.5846202181399328E-011  -2.3947446467697545E-011  -1.5807653859255459E-011  -1.0315144338904585E-011  -6.6579533849126116E-012  -4.2537539284969621E-012  -2.6923376580534269E-012  -1.6897478642421578E-012  -1.0527094766833210E-012  -6.5177303141188637E-013  -4.0154897575955840E-013  -2.4650839443480211E-013  -1.5101275617162020E-013  -9.2461215721243453E-014  -5.6673347912501943E-014  -3.4834577788600775E-014  -2.1508946216032931E-014  -1.3365637338540684E-014  -8.3738019247285302E-015  -5.2994252658565344E-015  -3.3940876540859507E-015  -2.2040397194360294E-015  -1.4538669608144457E-015  -9.7596136720219232E-016  -6.6791043046082401E-016  -4.6680086792462021E-016  -3.3372798846798629E-016  -2.4444706632352587E-016  -1.8371750785223713E-016  -1.4186838605361593E-016  -1.1270280980763836E-016  -9.2211909482848527E-017  -7.7780741004737530E-017  -6.7694995875511936E-017  -6.0833254557026006E-017  -5.6475104473593921E-017  -5.4182550330574205E-017
  -9.2733033120967745E-012  -2.5730645611404105E-010  -1.5519772377256234E-009  -5.3342932625990129E-009  -1.3637590102555950E-008  -2.8987961449503043E-008  -5.4208534103683559E-008  -9.2092713362207747E-008  -1.4493161192188338E-007  -2.1392374237332082E-007  -2.9855834905538382E-007  -3.9613052559986856E-007  -5.0158324471945071E-007  -6.0783981044269607E-007  -7.0667053339719650E-007  -7.8995586122246657E-007  -8.5104031986808407E-007  -8.8580695626932830E-007  -8.9318578515794049E-007  -8.7500669308885346E-007  -8.3532092532905881E-007  -7.7945020456296404E-007  -7.1303881740291693E-007  -6.4130655490541401E-007  -5.6858737119697135E-007  -4.9814197480809362E-007  -4.3217710024705385E-007  -3.7198902721149815E-007  -3.1815993039304218E-007  -2.7075739712066091E-007  -2.2950919861945997E-007  -1.9394205217139080E-007  -1.6348363906244443E-007  -1.3753257735609794E-007  -1.1550302029934284E-007  -9.6850533028114703E-008  -8.1084948697004881E-008  -6.7774666832779437E-008  -5.6545670717832930E-008  -4.7077549579446959E-008  -3.9098048220800855E-008  -3.2377111808061602E-008  -2.6721007837258733E-008  -2.1966849631132083E-008  -1.7977680078546839E-008  -1.4638172188036466E-008  -1.1850943113493307E-008  -9.5334454239535638E-009  -7.6153830752841679E-009  -6.0365928684555011E-009  -4.7453307482454383E-009  -3.6969035200052905E-009  -2.8525890750982687E-009  -2.1787914583447772E-009  -1.6463809982558493E-009  -1.2301743698517977E-009  -9.0851499723697660E-010  -6.6292061798701906E-010  -4.7777192558576411E-010  -3.4002357485940751E-010  -2.3892595192548867E-010  -1.6575241708983465E-010  -1.1353175339485485E-010  -7.6789004500351827E-011  -5.1299698579459852E-011  -3.3862790802230300E-011  -2.2096850635699026E-011  -1.4262497260460641E-011  -9.1122778246438700E-012  -5.7674507209471600E-012  -3.6197290382742243E-012  -2.2550827775460592E-012  -1.3962080994849345E-012  -8.6018548538413996E-013  -5.2806226213216733E-013  -3.2349449418454092E-013  -1.9806726683908838E-013  -1.2140367595840561E-013  -7.4621398888693376E-014  -4.6075689621591872E-014  -2.8631379042414714E-014  -1.7938047438584315E-014  -1.1352229290042240E-014  -7.2706851978308375E-015  -4.7214089145446329E-015  -3.1144171657793377E-015  -2.0906660574077857E-015  -1.4307712271150025E-015  -9.9996215451756481E-016  -7.1489865778854815E-016  -5.2364459884363841E-016  -3.9355215774891467E-016  -3.0390464562285688E-016  -2.4142732276214287E-016  -1.9753254503943191E-016  -1.6661868187000769E-016  -1.4501340941881658E-016  -1.3031446731945247E-016  -1.2097861645754861E-016  -1.1606760082555319E-016
  -1.7339074307321987E-011  -4.8110804996985682E-010  -2.9018829156590696E-009  -9.9742218992893907E-009  -2.5500958442076171E-008  -5.4208534103683559E-008  -1.0138397380387136E-007  -1.7226847623272818E-007  -2.7117928136388907E-007  -4.0041021213437590E-007  -5.5907815119868631E-007  -7.4220712931447611E-007  -9.4041286241248619E-007  -1.1404964304014649E-006  -1.3270381653546315E-006  -1.4847467749149070E-006  -1.6010017188692791E-006  -1.6678962780957899E-006  -1.6832343750525253E-006  -1.6502968732877209E-006  -1.5765958106339249E-006  -1.4720965617169606E-006  -1.3474276765426606E-006  -1.2124580749092219E-006  -1.0754094296763849E-006  -9.4248725540023282E-007  -8.1790653237695879E-007  -7.0415659915737276E-007  -6.0236951640874211E-007  -5.1269680222430081E-007  -4.3464066960572303E-007  -3.6731769445451172E-007  -3.0965306334775977E-007  -2.6051406205682073E-007  -2.1879534226083929E-007  -1.8346854847268903E-007  -1.5360712188455116E-007  -1.2839476507224580E-007  -1.0712380563064087E-007  -8.9187815168844935E-008  -7.4071388783528617E-008  -6.1338933592739547E-008  -5.0623579921445723E-008  -4.1616837279121026E-008  -3.4059301071041686E-008  -2.7732520790845765E-008  -2.2452025754318408E-008  -1.8061441340517181E-008  -1.4427597258109826E-008  -1.1436516350046391E-008  -8.9901695044714812E-009  -7.0038843971543884E-009  -5.4043004474128435E-009  -4.1277684457800782E-009  -3.1191006310337845E-009  -2.3305857729802204E-009  -1.7211942874735356E-009  -1.2559105532891760E-009  -9.0514302958003719E-010  -6.4417672913231520E-010  -4.5264608106559339E-010  -3.1401816178900461E-010  -2.1508579058707031E-010  -1.4547652288882342E-010  -9.7187007487740857E-011  -6.4152810534571002E-011  -4.1862280650496878E-011  -2.7020144354358032E-011  -1.7263094581290076E-011  -1.0926352729330178E-011  -6.8575191930192544E-012  -4.2722152194345223E-012  -2.6450901020652709E-012  -1.6296041706490058E-012  -1.0004027249075276E-012  -6.1285306223585676E-013  -3.7523377620835943E-013  -2.2999628179910440E-013  -1.4136833460231486E-013  -8.7289175353690940E-014  -5.4241365867583656E-014  -3.3983126761309638E-014  -2.1506470884441078E-014  -1.3774098297805076E-014  -8.9445666462867630E-015  -5.9001674303634490E-015  -3.9607013217021776E-015  -2.7105505211897984E-015  -1.8943959894970496E-015  -1.3543521047877822E-015  -9.9202735124271995E-016  -7.4557139550306464E-016  -5.7573709143510699E-016  -4.5737584884065896E-016  -3.7421864123719072E-016  -3.1565335479109183E-016  -2.7472288808374931E-016  -2.4687623557665418E-016  -2.2918978044009788E-016  -2.1988602700683380E-016
  -2.9450598080180182E-011  -8.1716845675038038E-010  -4.9289319555387737E-009  -1.6941956623126157E-008  -4.3317819948045785E-008  -9.2092713362207747E-008  -1.7226847623272818E-007  -2.9279445516731890E-007  -4.6109031608810529E-007  -6.8119001012387350E-007  -9.5178170079919553E-007  -1.2646285268918146E-006  -1.6039809400041499E-006  -1.9475121132701309E-006  -2.2689545202857982E-006  -2.5420545761790888E-006  -2.7449165107734018E-006  -2.8635601164999774E-006  -2.8937349936296018E-006  -2.8406341787288664E-006  -2.7168413822195915E-006  -2.5393142370002671E-006  -2.3262983654222700E-006  -2.0948424523884329E-006  -1.8592239212420113E-006  -1.6302724394463274E-006  -1.4153849664576542E-006  -1.2189658455927729E-006  -1.0430553453253908E-006  -8.8797913504312978E-007  -7.5292267785747360E-007  -6.3639029624555137E-007  -5.3654445563538988E-007  -4.5143961670618900E-007  -3.7917210951695713E-007  -3.1796777552357622E-007  -2.6622616648826376E-007  -2.2253608282205419E-007  -1.8567334452175890E-007  -1.5458841560326867E-007  -1.2838897260304299E-007  -1.0632066238753958E-007  -8.7748008972032539E-008  -7.2136568371372583E-008  -5.9036875970972659E-008  -4.8070388004328078E-008  -3.8917416780882748E-008  -3.1306947778243062E-008  -2.5008170761473480E-008  -1.9823533571863957E-008  -1.5583121480577120E-008  -1.2140168315231570E-008  -9.3675133559105275E-009  -7.1548283468682165E-009  -5.4064515345334701E-009  -4.0396807812909895E-009  -2.9833958995227009E-009  -2.1769013662528225E-009  -1.5689038331404372E-009  -1.1165630221796984E-009  -7.8457795139050546E-010  -5.4429113173561575E-010  -3.7280986956434617E-010  -2.5215513481931038E-010  -1.6845440468358493E-010  -1.1119599361194980E-010  -7.2559730599196613E-011  -4.6833843312446154E-011  -2.9921969278267317E-011  -1.8938525336495535E-011  -1.1886046494271924E-011  -7.4049647415959790E-012  -4.5846886715946234E-012  -2.8245615381293709E-012  -1.7339770284567082E-012  -1.0622443242113764E-012  -6.5038361520270488E-013  -3.9864664637921630E-013  -2.4502990729632260E-013  -1.5129585147387921E-013  -9.4014954907542087E-014  -5.8901909735867448E-014  -3.7276482545999583E-014  -2.3874193256106649E-014  -1.5503316079493964E-014  -1.0226556450491403E-014  -6.8649437140859563E-015  -4.6980995303635667E-015  -3.2834870450844497E-015  -2.3474479867736795E-015  -1.7194434687533207E-015  -1.2922703254223332E-015  -9.9790278815140366E-016  -7.9275166206202513E-016  -6.4861840787778506E-016  -5.4710942258808799E-016  -4.7616621089695181E-016  -4.2790067941820610E-016  -3.9724542987553415E-016  -3.8111959430976317E-016
  -4.6334466153874706E-011  -1.2856499132704776E-009  -7.7547825300323629E-009  -2.6656121053326146E-008  -6.8161086295089542E-008  -1.4493161192188338E-007  -2.7117928136388907E-007  -4.6109031608810529E-007  -7.2653420001054167E-007  -1.0741701941133496E-006  -1.5023633116488719E-006  -1.9986485523070365E-006  -2.5386906905334447E-006  -3.0875902463649029E-006  -3.6038672291645069E-006  -4.0455948069035562E-006  -4.3772828236644860E-006  -4.5756688827003782E-006  -4.6328497969536335E-006  -4.5560910261185394E-006  -4.3647522372962383E-006  -4.0855570750204767E-006  -3.7476391098978899E-006  -3.3784757957200626E-006  -3.0012553350721446E-006  -2.6336934707081061E-006  -2.2879879156654675E-006  -1.9714855466603799E-006  -1.6876765426629634E-006  -1.4372378599781928E-006  -1.2189642079219125E-006  -1.0305165585651207E-006  -8.6897796009132577E-007  -7.3123829483208746E-007  -6.1424205510988142E-007  -5.1513420842009197E-007  -4.3133468391725111E-007  -3.6056561258349534E-007  -3.0084916181181599E-007  -2.5048847847497637E-007  -2.0804011992917284E-007  -1.7228332917098862E-007  -1.4218939986263741E-007  -1.1689296128365278E-007  -9.5666099337426222E-008  -7.7895663222623506E-008  -6.3063772615570218E-008  -5.0731354352401619E-008  -4.0524443461449486E-008  -3.2122942979864148E-008  -2.5251526123985845E-008  -1.9672368741060414E-008  -1.5179411917198561E-008  -1.1593870944143151E-008  -8.7607269234422643E-009  -6.5459616246745078E-009  -4.8343254162685829E-009  -3.5274620593048050E-009  -2.5422517842928826E-009  -1.8092732106758319E-009  -1.2713224865344388E-009  -8.8196154870620773E-010  -6.0409411647238393E-010  -4.0858637698083149E-010  -2.7295895567092010E-010  -1.8017854554660020E-010  -1.1757327286486421E-010  -7.5887771908908754E-011  -4.8484316781834804E-011  -3.0687140116391592E-011  -1.9259582810326321E-011  -1.1998630573300505E-011  -7.4287854238667671E-012  -4.5767619318528007E-012  -2.8096354641856725E-012  -1.7211964718440915E-012  -1.0538408918856145E-012  -6.4594126539855476E-013  -3.9703016436180268E-013  -2.4514946600817280E-013  -1.5233525632905116E-013  -9.5440442462536870E-014  -6.0400092485669268E-014  -3.8683968468992308E-014  -2.5120401693900169E-014  -1.6570327270633842E-014  -1.1123420584377401E-014  -7.6124302418963803E-015  -5.3203006813494191E-015  -3.8036156727589835E-015  -2.7860464499076751E-015  -2.0938889482995034E-015  -1.6169193241077829E-015  -1.2845089628075850E-015  -1.0509671212247006E-015  -8.8649023418474262E-016  -7.7153966126148145E-016  -6.9333415861478274E-016  -6.4366291661956029E-016  -6.1753394268069833E-016
  -6.8363937967852319E-011  -1.8969116405982212E-009  -1.1441992822126728E-008  -3.9332489943779705E-008  -1.0058666624330060E-007  -2.1392374237332082E-007  -4.0041021213437590E-007  -6.8119001012387350E-007  -1.0741701941133496E-006  -1.5898075284138984E-006  -2.2265620608221120E-006  -2.9670588477406001E-006  -3.7763253633822558E-006  -4.6033835758447816E-006  -5.3867845930741172E-006  -6.0634580746674050E-006  -6.5789423058938191E-006  -6.8963042120451739E-006  -7.0013244986734453E-006  -6.9027672829464965E-006  -6.6281920013558585E-006  -6.2170350905209871E-006  -5.7131133247694431E-006  -5.1583046577594672E-006  -4.5883333735454007E-006  -4.0307672900725028E-006  -3.5047965685257912E-006  -3.0221582545019856E-006  -2.5886096764031725E-006  -2.2055113346135281E-006  -1.8712571904687678E-006  -1.5824344708361382E-006  -1.3346906244762724E-006  -1.1233370895893603E-006  -9.4374067015965745E-007  -7.9155601679244589E-007  -6.6284629763597568E-007  -5.5412952252442664E-007  -4.6237834414472756E-007  -3.8499292440703742E-007  -3.1976002670887625E-007  -2.6480677743421292E-007  -2.1855423723696702E-007  -1.7967370144618170E-007  -1.4704721099671251E-007  -1.1973286099669165E-007  -9.6934963183070937E-008  -7.7978821710370109E-008  -6.2289729517845021E-008  -4.9375725372668543E-008  -3.8813631653970029E-008  -3.0237897428238066E-008  -2.3331788280646667E-008  -1.7820488506149077E-008  -1.3465711495051005E-008  -1.0061451152615999E-008  -7.4305518052517316E-009  -5.4218260910992749E-009  -3.9075080556521628E-009  -2.7808887549337654E-009  -1.9540397470459849E-009  -1.3555813407674037E-009  -9.2849350545816869E-010  -6.2799552537820634E-010  -4.1953527926980998E-010  -2.7693175486163538E-010  -1.8070780011011497E-010  -1.1663765265109789E-010  -7.4518995541358717E-011  -4.7165119129619923E-011  -2.9601264526506960E-011  -1.8441404730118996E-011  -1.1417712888255815E-011  -7.0342640738040405E-012  -4.3182662611572829E-012  -2.6453859023727999E-012  -1.6196934645926784E-012  -9.9277322682624562E-013  -6.1021070006313420E-013  -3.7677892185053569E-013  -2.3412912893506259E-013  -1.4668539690937664E-013  -9.2830671789484414E-014  -5.9454454836922800E-014  -3.8608194053446319E-014  -2.5467338191615094E-014  -1.7095839176142678E-014  -1.1699707909104165E-014  -8.1768782454061474E-015  -5.8458500705388615E-015  -4.2819256128962718E-015  -3.2181342714264843E-015  -2.4850701113491260E-015  -1.9741822396923672E-015  -1.6152474563613184E-015  -1.3624599771218345E-015  -1.1857904337941240E-015  -1.0655950602747241E-015  -9.8925449326703454E-016  -9.4909643843276119E-016
  -9.5361760627695812E-011  -2.6460386565191900E-009  -1.5961020051291974E-008  -5.4870553882517297E-008  -1.4034341695646474E-007  -2.9855834905538382E-007  -5.5907815119868631E-007  -9.5178170079919553E-007  -1.5023633116488719E-006  -2.2265620608221120E-006  -3.1238376431659142E-006  -4.1718552411749432E-006  -5.3236256958249032E-006  -6.5091161486979448E-006  -7.6423181502006719E-006  -8.6331709567287269E-006  -9.4019003590075105E-006  -9.8921033501453680E-006  -1.0079019694989979E-005  -9.9709751409087062E-006  -9.6042634959171680E-006  -9.0336840476107843E-006  -8.3217799705410487E-006  -7.5294335668993824E-006  -6.7093497900535416E-006  -5.9027492237139605E-006  -5.1387406787147527E-006  -4.4354768549013077E-006  -3.8022100916851947E-006  -3.2415775626404058E-006  -2.7517036710991360E-006  -2.3279251611694835E-006  -1.9640923761097427E-006  -1.6534828236841877E-006  -1.3893984950976908E-006  -1.1655247723160140E-006  -9.7612051379260816E-007  -8.1609520161708157E-007  -6.8101491859748162E-007  -5.6706670742965913E-007  -4.7100125705251136E-007  -3.9006677393384741E-007  -3.2194191418235930E-007  -2.6467229016379886E-007  -2.1661288081056010E-007  -1.7637731034615161E-007  -1.4279414543733240E-007  -1.1486990123460667E-007  -9.1758207480772992E-008  -7.2734476864872190E-008  -5.7175381585079895E-008  -4.4542446253983828E-008  -3.4369087270879508E-008  -2.6250462426704989E-008  -1.9835537780496535E-008  -1.4820832535939952E-008  -1.0945367826111241E-008  -7.9864216304472824E-009  -5.7557768418608989E-009  -4.0962378548511070E-009  -2.8782764885619266E-009  -1.9967438337637547E-009  -1.3676450067210621E-009  -9.2501526735131991E-010  -6.1795773190600789E-010  -4.0790691436261582E-010  -2.6617258781772428E-010  -1.7180009858496415E-010  -1.0976147359416573E-010  -6.9470793209809896E-011  -4.3600357957808273E-011  -2.7162662662928139E-011  -1.6817292839904195E-011  -1.0360825036644159E-011  -6.3603917268971948E-012  -3.8963891593614207E-012  -2.3856406853836280E-012  -1.4622486695614815E-012  -8.9877303448595524E-013  -5.5495262540048040E-013  -3.4484498415845011E-013  -2.1605013992602474E-013  -1.3672830344907710E-013  -8.7569051101406428E-014  -5.6865006039206859E-014  -3.7510129596001590E-014  -2.5179951276572133E-014  -1.7232130624063196E-014  -1.2043453205665806E-014  -8.6101506987967256E-015  -6.3066948850818521E-015  -4.7398710261064564E-015  -3.6601653963433218E-015  -2.9076963017483814E-015  -2.3790339812354019E-015  -2.0067124537586944E-015  -1.7465023883814135E-015  -1.5694711070375956E-015  -1.4570319612883471E-015  -1.3978846840151524E-015
  -1.2644686435245355E-010  -3.5085876013424197E-009  -2.1164547303545274E-008  -7.2765141994436650E-008  -1.8614643618122828E-007  -3.9613052559986856E-007  -7.4220712931447611E-007  -1.2646285268918146E-006  -1.9986485523070365E-006  -2.9670588477406001E-006  -4.1718552411749432E-006  -5.5866906251766237E-006  -7.1524479369690478E-006  -8.7783654980980632E-006  -1.0350271611577350E-005  -1.1745576210509562E-005  -1.2852248828040654E-005  -1.3587128599443854E-005  -1.3908622857186219E-005  -1.3820525151788920E-005  -1.3366635624251709E-005  -1.2618712173668935E-005  -1.1661794498783046E-005  -1.0580749166504591E-005  -9.4504925582778944E-006  -8.3306485870841863E-006  -7.2640942080127197E-006  -6.2782066948308980E-006  -5.3875597637660758E-006  -4.5970756973462500E-006  -3.9049994879422465E-006  -3.3053789970635678E-006  -2.7899584974364228E-006  -2.3495221019766054E-006  -1.9747817773179042E-006  -1.6569184717072699E-006  -1.3878755658131619E-006  -1.1604853351226252E-006  -9.6848925193602667E-007  -8.0649544892888781E-007  -6.6990275467114324E-007  -5.5481037696111581E-007  -4.5792500714661682E-007  -3.7647216745576345E-007  -3.0811539162417391E-007  -2.5088479956237993E-007  -2.0311540628530822E-007  -1.6339480947390084E-007  -1.3051953121345093E-007  -1.0345911534067724E-007  -8.1327017647036537E-008  -6.3357320890066045E-008  -4.8886332316982319E-008  -3.7338165630993637E-008  -2.8213468506898886E-008  -2.1080531574902763E-008  -1.5568106494613880E-008  -1.1359368621174766E-008  -8.1865799428405649E-009  -5.8261333457125714E-009  -4.0937805979037346E-009  -2.8399540880920518E-009  -1.9451781613357542E-009  -1.3156248200912767E-009  -8.7889948124870978E-010  -5.8014814573052323E-010  -3.7856346173936540E-010  -2.4434104209344548E-010  -1.5610639863682605E-010  -9.8803177041273549E-011  -6.2009280654365417E-011  -3.8631099713163647E-011  -2.3917677923571000E-011  -1.4735183914301075E-011  -9.0457269496333045E-012  -5.5414116966351756E-012  -3.3928268133982309E-012  -2.0795843778828658E-012  -1.2782154975080942E-012  -7.8923941542385006E-013  -4.9042844925857745E-013  -3.0725945182321919E-013  -1.9445009130941340E-013  -1.2453730511043118E-013  -8.0871047321451486E-014  -5.3345250952161605E-014  -3.5809756130832986E-014  -2.4506697742839214E-014  -1.7127589306288878E-014  -1.2244904817474395E-014  -8.9690404894811293E-015  -6.7407814075024289E-015  -5.2052792900974040E-015  -4.1351572202322971E-015  -3.3833220021134601E-015  -2.8538266378797323E-015  -2.4837702840309610E-015  -2.2320063031314887E-015  -2.0721016935973962E-015  -1.9879857898671426E-015
  -1.5998773253769944E-010  -4.4392919731898593E-009  -2.6779644927929760E-008  -9.2079187838841375E-008  -2.3560579320210779E-007  -5.0158324471945071E-007  -9.4041286241248619E-007  -1.6039809400041499E-006  -2.5386906905334447E-006  -3.7763253633822558E-006  -5.3236256958249032E-006  -7.1524479369690478E-006  -9.1932589357042125E-006  -1.1335036025745913E-005  -1.3433860977818791E-005  -1.5330417213892493E-005  -1.6873646845653137E-005  -1.7945138340098903E-005  -1.8477797136929113E-005  -1.8463809758939609E-005  -1.7950389932298377E-005  -1.7025700632701104E-005  -1.5799912043917317E-005  -1.4386704635539854E-005  -1.2889023045164126E-005  -1.1390640094693906E-005  -9.9531630280360455E-006  -8.6170328626351653E-006  -7.4048151589998165E-006  -6.3253540966816057E-006  -5.3778336066532290E-006  -4.5552387778869083E-006  -3.8470408618226177E-006  -3.2411279263098790E-006  -2.7250982858072220E-006  -2.2870618758769213E-006  -1.9160865154937474E-006  -1.6024023929057193E-006  -1.3374511955899309E-006  -1.1138419636612940E-006  -9.2525612522975836E-007  -7.6632946078484496E-007  -6.3252827665345612E-007  -5.2002992962339956E-007  -4.2561315892875795E-007  -3.4656071976259039E-007  -2.8057501601906710E-007  -2.2570639311275911E-007  -1.8029319111464121E-007  -1.4291238368985099E-007  -1.1233951689601249E-007  -8.7516639510673586E-008  -6.7526942205733379E-008  -5.1574877460031330E-008  -3.8970609571241524E-008  -2.9117744683356513E-008  -2.1503415590721440E-008  -1.5689943905039794E-008  -1.1307467385070427E-008  -8.0470928872942633E-009  -5.6543026415117027E-009  -3.9224899960365560E-009  -2.6866191306635077E-009  -1.8170845078877483E-009  -1.2138884642292578E-009  -8.0126311606505377E-010  -5.2284355769958834E-010  -3.3746323544247631E-010  -2.1559956310733868E-010  -1.3645685412626782E-010  -8.5640373611068100E-011  -5.3352709858709624E-011  -3.3032094156464859E-011  -2.0350283564944433E-011  -1.2492699986085751E-011  -7.6529927600984920E-012  -4.6856596399350455E-012  -2.8719962159244749E-012  -1.7652644273331056E-012  -1.0899659492096432E-012  -6.7729581050836765E-013  -4.2433284315098527E-013  -2.6853957542146290E-013  -1.7198811890284240E-013  -1.1168400235663778E-013  -7.3670338063307292E-014  -4.9453534828484393E-014  -3.3843862419006231E-014  -2.3653237375414468E-014  -1.6910212170116753E-014  -1.2386225711800499E-014  -9.3089924545959669E-015  -7.1884617409906749E-015  -5.7106233150010783E-015  -4.6723400482016067E-015  -3.9411084072768129E-015  -3.4300619647776801E-015  -3.0823770421772052E-015  -2.8615495876771314E-015  -2.7453859815689494E-015
  -1.9371415497620323E-010  -5.3751616759544870E-009  -3.2426425867557610E-008  -1.1150744723407079E-007  -2.8538716132388085E-007  -6.0783981044269607E-007  -1.1404964304014649E-006  -1.9475121132701309E-006  -3.0875902463649029E-006  -4.6033835758447816E-006  -6.5091161486979448E-006  -8.7783654980980632E-006  -1.1335036025745913E-005  -1.4051146204319217E-005  -1.6754544199852942E-005  -1.9247659592698779E-005  -2.1335103825207744E-005  -2.2854414472694550E-005  -2.3702151802530989E-005  -2.3848269716811849E-005  -2.3335273643545360E-005  -2.2263620686189206E-005  -2.0768819626473275E-005  -1.8997113136750990E-005  -1.7085377969235859E-005  -1.5148151558040572E-005  -1.3271975242972933E-005  -1.1515483018641107E-005  -9.9130436647131109E-006  -8.4799652611410922E-006  -7.2178478423642948E-006  -6.1192825291481254E-006  -5.1715729350837626E-006  -4.3594565323489350E-006  -3.6669575857462026E-006  -3.0785572671289838E-006  -2.5798641959177944E-006  -2.1579407237764968E-006  -1.8014052018948246E-006  -1.5003975612169118E-006  -1.2464684891743865E-006  -1.0324319572594833E-006  -8.5220611790522308E-007  -7.0065746672178324E-007  -5.7345647474160728E-007  -4.6694863300838917E-007  -3.7804224166600035E-007  -3.0411274856949101E-007  -2.4292259906728111E-007  -1.9255512941234179E-007  -1.5136084688273808E-007  -1.1791438355578257E-007  -9.0980428132083924E-008  -6.9487002498676195E-008  -5.2504546750708447E-008  -3.9229407065896663E-008  -2.8970485896037102E-008  -2.1138011055192793E-008  -1.5233601525760210E-008  -1.0841039526646492E-008  -7.6173831078101990E-009  -5.2842531089458723E-009  -3.6192874832460207E-009  -2.4478652791684310E-009  -1.6352598698859672E-009  -1.0793914006962391E-009  -7.0432250836324047E-010  -4.5459271318774517E-010  -2.9042919212319645E-010  -1.8381642485516997E-010  -1.1536239430749796E-010  -7.1868587619698510E-011  -4.4495472232749242E-011  -2.7412422850193664E-011  -1.6827928803560565E-011  -1.0308683443385777E-011  -6.3116124960800378E-012  -3.8685772658129522E-012  -2.3777989761731300E-012  -1.4681701044060380E-012  -9.1230495885085466E-013  -5.7156629408523548E-013  -3.6171514166448443E-013  -2.3166230521331430E-013  -1.5043418451685760E-013  -9.9230909072698800E-014  -6.6611694869637451E-014  -4.5586053597667599E-014  -3.1859700487319708E-014  -2.2777143941964650E-014  -1.6683547305983825E-014  -1.2538666967250365E-014  -9.6824222685803916E-015  -7.6918536522113529E-015  -6.2933439170224949E-015  -5.3084166945887930E-015  -4.6200669650596331E-015  -4.1517559975448331E-015  -3.8543146681054946E-015  -3.6978493127496568E-015
