# Version 0.32
# Potential name = chengdu_MMWLY_3200  
# L = 2
# S = 0
# J = 2
# Order = 1                   
# K_MAX = 6400 MeV
# For uncoupled channels, e.g., 3P0 (LSJ = 110)
# storage = D(1:N，1:N) (row, column)
# D(i,j)  = <pout(j),L|V|L,pin(i)>
# Normalization
# If V were so weak as to validate the Born approximation, the relation of V
# in 1S0 and the respective scattering length 'a' would have been
# <p|V|p> = 2/pi * a + ... for p->0, in unit of MeV^(-1)
# Momenta are in unit of MeV
# The value of pin and pout, where pin(1:N) = pout(1:N)
  0.91607432498767594        4.8257579532933050        11.855568853999557        22.000201480181204        35.249935222426302        51.591869740617312        71.010052841861580        93.485517556139712        118.99630638139024        147.51749463842634        179.02121556398060        213.47668786214535        250.85024593493108        291.10537285590499        334.20273609367359        380.10022596794124        428.75299680907347        480.11351078530788        534.13158435711739        590.75443731463611        649.92674435099343        711.59068912161456        775.68602073693728        842.15011263353381        910.91802376621945        981.92256206143384        1055.0943500699491        1130.3618927547864        1207.6516473481352        1286.8880952090281        1367.9938156115802        1450.8895613916986        1535.4943363783584        1621.7254745337889        1709.4987207252541        1798.7283130494993        1889.3270666294350        1981.2064588011842        2074.2767156082505        2168.4468995183070        2263.6249982768895        2359.7180148111888        2456.6320580960833        2554.2724348936449        2652.5437422764694        2751.3499608444354        2850.5945485438042        2950.1805349970027        3050.0106162509069        3149.9872498510622        3250.0127501489378        3349.9893837490931        3449.8194650029973        3549.4054514561958        3648.6500391555646        3747.4562577235306        3845.7275651063551        3943.3679419039167        4040.2819851888112        4136.3750017231105        4231.5531004816930        4325.7232843917500        4418.7935411988155        4510.6729333705653        4601.2716869505002        4690.5012792747457        4778.2745254662113        4864.5056636216414        4949.1104386083016        5032.0061843884196        5113.1119047909724        5192.3483526518648        5269.6381072452132        5344.9056499300514        5418.0774379385657        5489.0819762337806        5557.8498873664666        5624.3139792630627        5688.4093108783854        5750.0732556490066        5809.2455626853643        5865.8684156428826        5919.8864892146921        5971.2470031909270        6019.8997740320592        6065.7972639063264        6108.8946271440946        6149.1497540650689        6186.5233121378551        6220.9787844360199        6252.4825053615732        6281.0036936186098        6306.5144824438603        6328.9899471581384        6348.4081302593822        6364.7500647775742        6377.9997985198188        6388.1444311460000        6395.1742420467071        6399.0839256750123     
# Matrix elements start here 
  -2.3999475351809187E-012  -6.6364632702975323E-011  -3.9324461591245938E-010  -1.2839694283669000E-009  -2.9401607938299040E-009  -5.1419305179924472E-009  -7.1288178583479592E-009  -8.0506320761166725E-009  -7.6419281919377453E-009  -6.3277748112946689E-009  -4.7473849952472201E-009  -3.3372789306672616E-009  -2.2572430921021681E-009  -1.4975422731789558E-009  -9.8745545646145520E-010  -6.5271778956887023E-010  -4.3484114303000382E-010  -2.9289327516605782E-010  -1.9980661977301949E-010  -1.3815696762071688E-010  -9.6845355094452763E-011  -6.8808976461433305E-011  -4.9532277994199570E-011  -3.6104791276578206E-011  -2.6631564319144014E-011  -1.9864946566412136E-011  -1.4973798766702856E-011  -1.1397837990690399E-011  -8.7548952066058262E-012  -6.7812667249648214E-012  -5.2929405064405136E-012  -4.1601161273318876E-012  -3.2902761484619653E-012  -2.6168147218053965E-012  -2.0913217805296562E-012  -1.6782882644529885E-012  -1.3514408338285070E-012  -1.0911752837929139E-012  -8.8274777707309897E-013  -7.1498291067996406E-013  -5.7934648769637365E-013  -4.6927459568020335E-013  -3.7968117230664235E-013  -3.0659716278977212E-013  -2.4690272632021620E-013  -1.9812609598731391E-013  -1.5829453809363936E-013  -1.2582025626213163E-013  -9.9415126609497426E-014  -7.8025130775309174E-014  -6.0781075657813927E-014  -4.6961055140260594E-014  -3.5961765243485172E-014  -2.7276791254324293E-014  -2.0480067071658584E-014  -1.5212978166868949E-014  -1.1174514591240851E-014  -8.1131443676904992E-015  -5.8203398304717462E-015  -4.1246461551585693E-015  -2.8868907716913053E-015  -1.9954520128009608E-015  -1.3621617078645063E-015  -9.1843538414137878E-016  -6.1178420666945074E-016  -4.0274362818564457E-016  -2.6214609538601379E-016  -1.6880710616713342E-016  -1.0761504611421339E-016  -6.7974792254178355E-017  -4.2581075812627297E-017  -2.6481237372954900E-017  -1.6368553028334929E-017  -1.0068985807538225E-017  -6.1724351912944487E-018  -3.7762178412731837E-018  -2.3092292458198064E-018  -1.4137788319860303E-018  -8.6805098187956925E-019  -5.3544966646072371E-019  -3.3241871714248205E-019  -2.0808700187858603E-019  -1.3158324371630066E-019  -8.4211409208334713E-020  -5.4647341495881921E-020  -3.6025167464324669E-020  -2.4168847832797614E-020  -1.6531605386884654E-020  -1.1548322739079748E-020  -8.2525895605430124E-021  -6.0424532514022852E-021  -4.5396875342802174E-021  -3.5044888833435268E-021  -2.7832799538789024E-021  -2.2767378708741316E-021  -1.9200419820950040E-021  -1.6708140995719256E-021  -1.5012933979335731E-021  -1.3936086346970904E-021  -1.3369864869395958E-021
  -6.6364632702975323E-011  -1.8351666438895154E-009  -1.0874807026857571E-008  -3.5511566212445711E-008  -8.1339319304672421E-008  -1.4231070918129193E-007  -1.9740744100980345E-007  -2.2306186361274019E-007  -2.1184634020274077E-007  -1.7548527069006492E-007  -1.3169278086570688E-007  -9.2592182700674837E-008  -6.2633141403933996E-008  -4.1555631819941475E-008  -2.7401975329200941E-008  -1.8113269005769070E-008  -1.2067169122513339E-008  -8.1280349392896923E-009  -5.5448061245047107E-009  -3.8339732376171653E-009  -2.6875380325788387E-009  -1.9095030579019131E-009  -1.3745577251547410E-009  -1.0019336479752616E-009  -7.3904397173036586E-010  -5.5126513309207497E-010  -4.1553219438246694E-010  -3.1629677937236194E-010  -2.4295334369922254E-010  -1.8818387567830344E-010  -1.4688189402816057E-010  -1.1544533685924673E-010  -9.1306764315155670E-011  -7.2617830581799014E-011  -5.8035110442398999E-011  -4.6573211376405997E-011  -3.7503019367901778E-011  -3.0280522615401582E-011  -2.4496556376368037E-011  -1.9840996731587649E-011  -1.6077025670554176E-011  -1.3022480263744515E-011  -1.0536224132409490E-011  -8.5081161534280333E-012  -6.8515699885766972E-012  -5.4980024629349254E-012  -4.3926645409573058E-012  -3.4914969278866916E-012  -2.7587493576774071E-012  -2.1651736623661541E-012  -1.6866502584257579E-012  -1.3031451676441748E-012  -9.9791625906022306E-013  -7.5691045697881661E-013  -5.6830318140463626E-013  -4.2214382783818294E-013  -3.1007871293330571E-013  -2.2512860936363013E-013  -1.6150486946581819E-013  -1.1445147148383364E-013  -8.0105289532779813E-014  -5.5369348883536582E-014  -3.7796716520795978E-014  -2.5484065255651113E-014  -1.6975183786275379E-014  -1.1174851172832973E-014  -7.2736244791341203E-015  -4.6837471781428102E-015  -2.9858784081028012E-015  -1.8859982764428891E-015  -1.1814237334283387E-015  -7.3471709416642386E-016  -4.5413778512245224E-016  -2.7935583472163650E-016  -1.7124741858216017E-016  -1.0476617542313844E-016  -6.4065104698114289E-017  -3.9222236235492617E-017  -2.4081877290166989E-017  -1.4854494647538514E-017  -9.2218502633066200E-018  -5.7725796216361828E-018  -3.6502492790397074E-018  -2.3360896580866222E-018  -1.5159450684151104E-018  -9.9933243800683659E-019  -6.7044299544517454E-019  -4.5857796109363261E-019  -3.2034127806435247E-019  -2.2891821855079794E-019  -1.6760940983843744E-019  -1.2592399615574931E-019  -9.7208995862758978E-020  -7.7203314528801922E-020  -6.3151817325859545E-020  -5.3258101072556564E-020  -4.6344843702066221E-020  -4.1642184269260712E-020  -3.8655687094046798E-020  -3.7084784371659007E-020
  -3.9324461591245938E-010  -1.0874807026857571E-008  -6.4457097074420990E-008  -2.1062521082285944E-007  -4.8309482162327219E-007  -8.4705578856331051E-007  -1.1783007167056245E-006  -1.3354133261039379E-006  -1.2716652409839454E-006  -1.0555755289037647E-006  -7.9328104007291549E-007  -5.5824938538686134E-007  -3.7782324567306074E-007  -2.5075228365824536E-007  -1.6537423204786552E-007  -1.0932503043015235E-007  -7.2835965868745972E-008  -4.9060654638510476E-008  -3.3468473170789954E-008  -2.3141822331417614E-008  -1.6221862731031054E-008  -1.1525600940935471E-008  -8.2966589719051069E-009  -6.0475070852750236E-009  -4.4607214031499128E-009  -3.3273080082933492E-009  -2.5080435911898199E-009  -1.9090765461299920E-009  -1.4663912025726385E-009  -1.1358159620158326E-009  -8.8652827258795313E-010  -6.9678636152537290E-010  -5.5109345137468843E-010  -4.3829320147616722E-010  -3.5027693703166653E-010  -2.8109703347585977E-010  -2.2635272851067331E-010  -1.8276050629034023E-010  -1.4785076105697827E-010  -1.1975167585486629E-010  -9.7033891946077580E-011  -7.8597931126277631E-011  -6.3591944304869830E-011  -5.1351156633742156E-011  -4.1352966012019940E-011  -3.3183428871727303E-011  -2.6512101060176668E-011  -2.1073058091182787E-011  -1.6650525899435454E-011  -1.3067973687101546E-011  -1.0179826745163652E-011  -7.8651673033300560E-012  -6.0229477643776465E-012  -4.5683497880144533E-012  -3.4300050733758460E-012  -2.5478566148332722E-012  -1.8714849074415785E-012  -1.3587667738331921E-012  -9.7476441609874145E-013  -6.9077285258354832E-013  -4.8347600035624240E-013  -3.3418196447572333E-013  -2.2812215924234674E-013  -1.5380906494977340E-013  -1.0245368507238307E-013  -6.7445759842255396E-014  -4.3899908747905688E-014  -2.8268707890713487E-014  -1.8021234351525227E-014  -1.1382914846409735E-014  -7.1304627951232120E-015  -4.4343703714525235E-015  -2.7409385385114027E-015  -1.6860452249160667E-015  -1.0335589085452075E-015  -6.3231299721047293E-016  -3.8666284056294232E-016  -2.3672440950045997E-016  -1.4534523126732162E-016  -8.9653681595435660E-017  -5.5658083207021074E-017  -3.4840145952172111E-017  -2.2030907251366694E-017  -1.4099351054929551E-017  -9.1494053526779823E-018  -6.0314149160268595E-018  -4.0464196734994567E-018  -2.7677188118262108E-018  -1.9333999431327908E-018  -1.3816213308373086E-018  -1.0115956561063306E-018  -7.6000612872106661E-019  -5.8669829080519110E-019  -4.6595533867750541E-019  -3.8114847263509683E-019  -3.2143546229890814E-019  -2.7971097235375334E-019  -2.5132841725334002E-019  -2.3330359362649687E-019  -2.2382252144325446E-019
  -1.2839694283669000E-009  -3.5511566212445711E-008  -2.1062521082285944E-007  -6.8956318513683426E-007  -1.5877187745341838E-006  -2.8011768736027807E-006  -3.9280937507682344E-006  -4.4905161391733993E-006  -4.3096135577888411E-006  -3.5990103427780948E-006  -2.7160256469887187E-006  -1.9163755413589206E-006  -1.2990345889886438E-006  -8.6290252667605139E-007  -5.6936902208266964E-007  -3.7649051633165657E-007  -2.5086063698544765E-007  -1.6898240557304427E-007  -1.1527875275894788E-007  -7.9709091766401328E-008  -5.5873269587546339E-008  -3.9697074705755679E-008  -2.8575213557712126E-008  -2.0828324604667857E-008  -1.5362978690113400E-008  -1.1459257523211523E-008  -8.6375877313714503E-009  -6.5746914263160144E-009  -5.0500674425859973E-009  -3.9115706900710585E-009  -3.0530379560358205E-009  -2.3995847877581103E-009  -1.8978371475272230E-009  -1.5093709867053353E-009  -1.2062592840482120E-009  -9.6801815481386811E-010  -7.7949136213612085E-010  -6.2937059458097360E-010  -5.0915070271472711E-010  -4.1238533567275030E-010  -3.3415196574373943E-010  -2.7066415807158329E-010  -2.1898829363159200E-010  -1.7683501818328775E-010  -1.4240460229123329E-010  -1.1427152041877563E-010  -9.1297804537588580E-011  -7.2567681331681590E-011  -5.7338084009702536E-011  -4.5001092065916333E-011  -3.5055390020301146E-011  -2.7084575315613848E-011  -2.0740672773378373E-011  -1.5731596221317482E-011  -1.1811578242770688E-011  -8.7738033477789303E-012  -6.4446451260790688E-012  -4.6790466613482888E-012  -3.3566953454712792E-012  -2.3787419369546488E-012  -1.6648948326219117E-012  -1.1507864304833784E-012  -7.8555941733147593E-013  -5.2965534198161823E-013  -3.5280835573229278E-013  -2.3225538953756070E-013  -1.5117314448880951E-013  -9.7345723159544231E-014  -6.2057651598374501E-014  -3.9198023702843830E-014  -2.4554342367481403E-014  -1.5270120359783222E-014  -9.4386461817956095E-015  -5.8060334328630771E-015  -3.5591433369050532E-015  -2.1774202831735039E-015  -1.3315041229959347E-015  -8.1517912065058318E-016  -5.0050765874604864E-016  -3.0872940550081761E-016  -1.9166290098001281E-016  -1.1997471611474077E-016  -7.5865105957775026E-017  -4.8552184502168060E-017  -3.1506666170248278E-017  -2.0769630014157272E-017  -1.3934148170618826E-017  -9.5308456937914131E-018  -6.6578057711472832E-018  -4.7577148776943952E-018  -3.4835038321301678E-018  -2.6171367689088071E-018  -2.0203383556378662E-018  -1.6045510577977542E-018  -1.3125124273930607E-018  -1.1068863565435317E-018  -9.6320497337117572E-019  -8.6546758957816719E-019  -8.0339780487995389E-019  -7.7074901296180438E-019
  -2.9401607938299040E-009  -8.1339319304672421E-008  -4.8309482162327219E-007  -1.5877187745341838E-006  -3.6847655257887991E-006  -6.5848355297350557E-006  -9.3917864953475718E-006  -1.0937359570487741E-005  -1.0676714225901584E-005  -9.0363375641723353E-006  -6.8831268132862361E-006  -4.8853785380112712E-006  -3.3232498456023633E-006  -2.2119090459804568E-006  -1.4610608006241633E-006  -9.6665499538805068E-007  -6.4426862263928320E-007  -4.3403452210853591E-007  -2.9610378563646212E-007  -2.0473682069538107E-007  -1.4350826656239385E-007  -1.0195598489777183E-007  -7.3387912795655827E-008  -5.3489811233351549E-008  -3.9452571082252850E-008  -2.9426676599942143E-008  -2.2180113596513573E-008  -1.6882424973343418E-008  -1.2967201057557858E-008  -1.0043640412786500E-008  -7.8390641221085663E-009  -6.1611409494180544E-009  -4.8727920454471143E-009  -3.8753378188142761E-009  -3.0970592679991530E-009  -2.4853536007247564E-009  -2.0013005288595812E-009  -1.6158617102864831E-009  -1.3071974521384133E-009  -1.0587550125716699E-009  -8.5789469865497224E-010  -6.9489414632037891E-010  -5.6222086116693259E-010  -4.5399667031994011E-010  -3.6560062153402721E-010  -2.9337260380783175E-010  -2.3439085413881300E-010  -1.8630412304175600E-010  -1.4720460275627909E-010  -1.1553148352453624E-010  -8.9997669786501684E-011  -6.9534082475435520E-011  -5.3247330441950510E-011  -4.0387516620422886E-011  -3.0323665885464490E-011  -2.2524809489183206E-011  -1.6545189281708034E-011  -1.2012396218773145E-011  -8.6175492458019087E-012  -6.1068715557940657E-012  -4.2742301048289060E-012  -2.9543740940639875E-012  -2.0167379939582867E-012  -1.3597639001679806E-012  -9.0575083682822891E-013  -5.9625966386000179E-013  -3.8810035549158230E-013  -2.4991139047516564E-013  -1.5931780207671154E-013  -1.0063126944489225E-013  -6.3037198932006812E-014  -3.9202241132415825E-014  -2.4231370693043784E-014  -1.4905538303700952E-014  -9.1372071368784495E-015  -5.5899784152406740E-015  -3.4183006956955547E-015  -2.0927660437257958E-015  -1.2849263985188330E-015  -7.9258423531303507E-016  -4.9204565360636132E-016  -3.0800444523065643E-016  -1.9476424893467444E-016  -1.2464529039889962E-016  -8.0885278597288614E-017  -5.3320684631742482E-017  -3.5772338196026754E-017  -2.4467989733394961E-017  -1.7092198397630738E-017  -1.2214204198531637E-017  -8.9429954570401843E-018  -6.7188215371513107E-018  -5.1866956474432448E-018  -4.1192691423433311E-018  -3.3695354064009515E-018  -2.8416436285726421E-018  -2.4727788771861059E-018  -2.2218634384391437E-018  -2.0625153188247273E-018  -1.9786980134161893E-018
  -5.1419305179924472E-009  -1.4231070918129193E-007  -8.4705578856331051E-007  -2.8011768736027807E-006  -6.5848355297350557E-006  -1.2019409153621509E-005  -1.7644509030883080E-005  -2.1229671341625696E-005  -2.1375011933488815E-005  -1.8549202769185104E-005  -1.4381813514181870E-005  -1.0324199968804839E-005  -7.0706868314848926E-006  -4.7242319103233992E-006  -3.1270580476168552E-006  -2.0711282571159798E-006  -1.3811084877314129E-006  -9.3063322886226660E-007  -6.3492427825378328E-007  -4.3899767528628383E-007  -3.0769106933694207E-007  -2.1858278845358407E-007  -1.5732289271019657E-007  -1.1465794419886302E-007  -8.4562312509344396E-008  -6.3068774057381911E-008  -4.7534809922361669E-008  -3.6179340589048117E-008  -2.7787700573250532E-008  -2.1521894131716024E-008  -1.6797267905077293E-008  -1.3201477131459399E-008  -1.0440656844493114E-008  -8.3032758478129041E-009  -6.6356057932264991E-009  -5.3248999653282301E-009  -4.2877424252875622E-009  -3.4618995670915554E-009  -2.8005675080642611E-009  -2.2682739536411065E-009  -1.8379331141509268E-009  -1.4887114122845635E-009  -1.2044682720798824E-009  -9.7260829595648173E-010  -7.8323020813859795E-010  -6.2849168084069468E-010  -5.0213252665653545E-010  -3.9911503454708674E-010  -3.1535166607811994E-010  -2.4749839005260025E-010  -1.9279764839642694E-010  -1.4895900763846788E-010  -1.1406845973801187E-010  -8.6519438627656249E-011  -6.4960169556190675E-011  -4.8253138393885762E-011  -3.5443389805654097E-011  -2.5733111701102219E-011  -1.8460592716050502E-011  -1.3082174070947387E-011  -9.1562651775958339E-012  -6.3288576111181843E-012  -4.3202486083110817E-012  -2.9128775529148005E-012  -1.9402914285094252E-012  -1.2773008126718420E-012  -8.3138343432312683E-013  -5.3535636900148944E-013  -3.4128787125659655E-013  -2.1557041087809132E-013  -1.3503699962044636E-013  -8.3978181136694466E-014  -5.1907877122004635E-014  -3.1930276855145508E-014  -1.9573488925949222E-014  -1.1974700832426823E-014  -7.3225878586187410E-015  -4.4830626474351736E-015  -2.7525308364310446E-015  -1.6978495057188247E-015  -1.0540446354538682E-015  -6.5979715032164434E-016  -4.1721753504420466E-016  -2.6701094034636102E-016  -1.7326966988070753E-016  -1.1422171325547493E-016  -7.6630238751976781E-017  -5.2414451676765218E-017  -3.6614288306828978E-017  -2.6164820984196351E-017  -1.9157354452454217E-017  -1.4392809225260119E-017  -1.1110744791055492E-017  -8.8241428233786036E-018  -7.2180908605958642E-018  -6.0872606645848701E-018  -5.2970922907737208E-018  -4.7595906135394178E-018  -4.4182410450396075E-018  -4.2386907577638449E-018
  -7.1288178583479592E-009  -1.9740744100980345E-007  -1.1783007167056245E-006  -3.9280937507682344E-006  -9.3917864953475718E-006  -1.7644509030883080E-005  -2.6985354709266953E-005  -3.4096426821177719E-005  -3.6056515856369578E-005  -3.2619546621426719E-005  -2.6073801293377095E-005  -1.9093643535874277E-005  -1.3233896992599479E-005  -8.9023093641943745E-006  -5.9143002272613905E-006  -3.9246346151881696E-006  -2.6194940875453934E-006  -1.7657702507219433E-006  -1.2048183941520946E-006  -8.3299833922643426E-007  -5.8378122882617340E-007  -4.1466100270714637E-007  -2.9840702972677132E-007  -2.1745213568490596E-007  -1.6035531936310947E-007  -1.1958404270582638E-007  -9.0121473860918397E-008  -6.8586698526453734E-008  -5.2674348221423681E-008  -4.0794201228840968E-008  -3.1836957169697756E-008  -2.5020357544219469E-008  -1.9786983502969645E-008  -1.5735638337701415E-008  -1.2574786908720585E-008  -1.0090633269250234E-008  -8.1250134882120337E-009  -6.5599362510620255E-009  -5.3066702167099110E-009  -4.2979707590488319E-009  -3.4824943613039225E-009  -2.8207511118311037E-009  -2.2821480451654269E-009  -1.8428127405665957E-009  -1.4839797340111759E-009  -1.1907863161584545E-009  -9.5136861898488731E-010  -7.5617981388674804E-010  -5.9747393684227087E-010  -4.6891415331251225E-010  -3.6527510741346349E-010  -2.8221670966810945E-010  -2.1611222956184432E-010  -1.6391755043503753E-010  -1.2307138087097046E-010  -9.1418438479644009E-011  -6.7149368010615550E-011  -4.8752573971255576E-011  -3.4974342861800960E-011  -2.4784640482292248E-011  -1.7346822377136112E-011  -1.1990184002768856E-011  -8.1848041450020459E-012  -5.5184978938018052E-012  -3.6759092578271596E-012  -2.4198599274082226E-012  -1.5750621052160036E-012  -1.0142350568089335E-012  -6.4657047882653965E-013  -4.0839797709799145E-013  -2.5582717102694173E-013  -1.5909621395511165E-013  -9.8339087717704068E-014  -6.0491610845814596E-014  -3.7081756480763798E-014  -2.2685917115091340E-014  -1.3872537310882294E-014  -8.4930911136484335E-015  -5.2146223001285495E-015  -3.2165445266945900E-015  -1.9968668484477160E-015  -1.2499720165065284E-015  -7.9040954219648679E-016  -5.0584616621845121E-016  -3.2825530675641931E-016  -2.1639025252025892E-016  -1.4517406402169975E-016  -9.9297827755375590E-017  -6.9364803264002658E-017  -4.9568548442347593E-017  -3.6293082226255843E-017  -2.7266775688041692E-017  -2.1048991751676802E-017  -1.6717085947152288E-017  -1.3674464361662492E-017  -1.1532137813446012E-017  -1.0035185825409726E-017  -9.0169039303747695E-018  -8.3702267983250035E-018  -8.0300738440783207E-018
  -8.0506320761166725E-009  -2.2306186361274019E-007  -1.3354133261039379E-006  -4.4905161391733993E-006  -1.0937359570487741E-005  -2.1229671341625696E-005  -3.4096426821177719E-005  -4.5874404067747538E-005  -5.1945623707269769E-005  -5.0031725350029717E-005  -4.1984699378462529E-005  -3.1772988481957779E-005  -2.2468867270708434E-005  -1.5288479092803142E-005  -1.0220053301217021E-005  -6.8035394462096334E-006  -4.5480060876637063E-006  -3.0677477798017993E-006  -2.0935652198512159E-006  -1.4473928565334008E-006  -1.0141961511144395E-006  -7.2023736068611670E-007  -5.1820102377338404E-007  -3.7754029224358680E-007  -2.7835592368111052E-007  -2.0754680958790555E-007  -1.5638863677715444E-007  -1.1900322996134458E-007  -9.1383357153334751E-008  -7.0765538127319274E-008  -5.5222485963719024E-008  -4.3395409804712952E-008  -3.4316261942434865E-008  -2.7288426831671270E-008  -2.1805782642005880E-008  -1.7497222352667798E-008  -1.4088241575311328E-008  -1.1374082735726157E-008  -9.2007813972120826E-009  -7.4516675749575795E-009  -6.0376675571922799E-009  -4.8902773083373430E-009  -3.9564302801816118E-009  -3.1947200442455401E-009  -2.5726000438746664E-009  -2.0642940022275169E-009  -1.6492275423864869E-009  -1.3108452841101028E-009  -1.0357153593408376E-009  -8.1284985056695641E-010  -6.3318847013617034E-010  -4.8920617518423032E-010  -3.7461499073391084E-010  -2.8413723556453531E-010  -2.1333244568805285E-010  -1.5846414533241884E-010  -1.1639564396031658E-010  -8.4506501276631857E-011  -6.0623370789754438E-011  -4.2960689508263735E-011  -3.0068156053224951E-011  -2.0783136323954084E-011  -1.4187047519550044E-011  -9.5654017481810191E-012  -6.3715605962110644E-012  -4.1944020506622812E-012  -2.7300863907978250E-012  -1.7579895151442010E-012  -1.1207082315365760E-012  -7.0787955117251221E-013  -4.4342646340285808E-013  -2.7576173112689016E-013  -1.7045101516201892E-013  -1.0484986636792291E-013  -6.4273565172669127E-014  -3.9321297268804073E-014  -2.4045114087210843E-014  -1.4720962476089171E-014  -9.0384257957877096E-015  -5.5751821037897032E-015  -3.4611321301816608E-015  -2.1665512871767960E-015  -1.3699997808275814E-015  -8.7677155593385735E-016  -5.6895699030984063E-016  -3.7506374923323582E-016  -2.5162638035708087E-016  -1.7211021442446807E-016  -1.2022805969210595E-016  -8.5915729849274285E-017  -6.2905723003778372E-017  -4.7260676364704897E-017  -3.6483568040266036E-017  -2.8975201203163645E-017  -2.3701514859588854E-017  -1.9988284254913861E-017  -1.7393662664139750E-017  -1.5628705730442701E-017  -1.4507840069039909E-017  -1.3918263438679592E-017
  -7.6419281919377453E-009  -2.1184634020274077E-007  -1.2716652409839454E-006  -4.3096135577888411E-006  -1.0676714225901584E-005  -2.1375011933488815E-005  -3.6056515856369578E-005  -5.1945623707269769E-005  -6.3884856404542619E-005  -6.6949468129798569E-005  -6.0375295819800469E-005  -4.8125262073775005E-005  -3.5167181132066300E-005  -2.4385195311878346E-005  -1.6468596156611777E-005  -1.1021008837612006E-005  -7.3859753095350320E-006  -4.9874279284255404E-006  -3.4047570625151513E-006  -2.3537725781187003E-006  -1.6489273390045225E-006  -1.1706466486862408E-006  -8.4199988603904351E-007  -6.1326113763632479E-007  -4.5202361809350835E-007  -3.3695145871225947E-007  -2.5383959725222060E-007  -1.9312007331519094E-007  -1.4827256862557808E-007  -1.1480212456066568E-007  -8.9574976851188000E-008  -7.0382445641653544E-008  -5.5651459666208033E-008  -4.4250327719096665E-008  -3.5357026150847216E-008  -2.8368948913653532E-008  -2.2840441389775270E-008  -1.8439140556825714E-008  -1.4915170369026228E-008  -1.2079208498925637E-008  -9.7867319655653322E-009  -7.9266050619099196E-009  -6.4127456350521425E-009  -5.1779924040091593E-009  -4.1695593786309664E-009  -3.3456443507362306E-009  -2.6728836600763948E-009  -2.1244327482932442E-009  -1.6785132386004875E-009  -1.3173104469971212E-009  -1.0261357891798895E-009  -7.9279028054429385E-010  -6.0708087844103372E-010  -4.6045265913039894E-010  -3.4570810073597268E-010  -2.5679100417227358E-010  -1.8861749662605867E-010  -1.3694056168738929E-010  -9.8237895574258813E-011  -6.9615737679284663E-011  -4.8723716455325045E-011  -3.3677691477264038E-011  -2.2989050880837761E-011  -1.5499945927871210E-011  -1.0324544063805661E-011  -6.7966256825290995E-012  -4.4238260305469725E-012  -2.8486323288232860E-012  -1.8159808060040462E-012  -1.1470351589817769E-012  -7.1851813315205192E-013  -4.4683683452414543E-013  -2.7619351994594041E-013  -1.6989506713777381E-013  -1.0414641890294965E-013  -6.3714593188997328E-014  -3.8961628749887171E-014  -2.3853148281190043E-014  -1.4645411923283468E-014  -9.0337318077196246E-015  -5.6082285216985409E-015  -3.5105561840049339E-015  -2.2198668395992950E-015  -1.4206673166558590E-015  -9.2190235269241878E-016  -6.0772927866277678E-016  -4.0771891259105397E-016  -2.7887589849072618E-016  -1.9480937662524535E-016  -1.3921191671811144E-016  -1.0192802933722862E-016  -7.6577850128056404E-017  -5.9115359822672879E-017  -4.6949320847392335E-017  -3.8404207368988674E-017  -3.2387549573272101E-017  -2.8183408385925795E-017  -2.5323597742837783E-017  -2.3507427108569844E-017  -2.2552119368205567E-017
  -6.3277748112946689E-009  -1.7548527069006492E-007  -1.0555755289037647E-006  -3.5990103427780948E-006  -9.0363375641723353E-006  -1.8549202769185104E-005  -3.2619546621426719E-005  -5.0031725350029717E-005  -6.6949468129798569E-005  -7.7435166550319116E-005  -7.6897519037635536E-005  -6.6232855286719065E-005  -5.0997668370998175E-005  -3.6476663261119226E-005  -2.5054730381568727E-005  -1.6913054653834361E-005  -1.1382133902721821E-005  -7.6997891269311993E-006  -5.2595225351280387E-006  -3.6359678082184969E-006  -2.5464167336993768E-006  -1.8070746822904839E-006  -1.2991872446811654E-006  -9.4584522743501692E-007  -6.9689041570034813E-007  -5.1929762634779301E-007  -3.9108512299203353E-007  -2.9745320991721153E-007  -2.2832122420954273E-007  -1.7674327393321743E-007  -1.3787921875358082E-007  -1.0831927351824014E-007  -8.5635927649853008E-008  -6.8083456902621974E-008  -5.4394258988290911E-008  -4.3639371332258898E-008  -3.5131973898122833E-008  -2.8359972887903102E-008  -2.2938453277214685E-008  -1.8575836632519849E-008  -1.5049580669426693E-008  -1.2188581855070532E-008  -9.8603282858545538E-009  -7.9614479583420145E-009  -6.4107046409535513E-009  -5.1437730526502735E-009  -4.1093184860436312E-009  -3.2660407888889410E-009  -2.5804371289955857E-009  -2.0251045696256812E-009  -1.5774506203825853E-009  -1.2187134510697032E-009  -9.3321743450950326E-010  -7.0780701882084806E-010  -5.3141468819046293E-010  -3.9472842230763470E-010  -2.8993162937747062E-010  -2.1049468856569236E-010  -1.5100240313184263E-010  -1.0700604967731399E-010  -7.4892391085869093E-011  -5.1765004756470012E-011  -3.5335552426404111E-011  -2.3824190367766061E-011  -1.5869241841588917E-011  -1.0446628881910763E-011  -6.7995245421561252E-012  -4.3783931568463293E-012  -2.7911784977493920E-012  -1.7629955777382450E-012  -1.1043595426488256E-012  -6.8678389437903517E-013  -4.2450529293413065E-013  -2.6112531979542694E-013  -1.6007047815049179E-013  -9.7927482381818288E-014  -5.9882736117957619E-014  -3.6661410880887573E-014  -2.2509407571548216E-014  -1.3884451974131455E-014  -8.6195856989258500E-015  -5.3955512240620283E-015  -3.4118197207962872E-015  -2.1834882311484839E-015  -1.4169116000506130E-015  -9.3404415887394753E-016  -6.2663921585285715E-016  -4.2861484097073806E-016  -2.9940953822706011E-016  -2.1395960274221057E-016  -1.5665657687439747E-016  -1.1769495566295409E-016  -9.0856233719761937E-017  -7.2157828703279942E-017  -5.9024556684741739E-017  -4.9777357752215798E-017  -4.3315877742332705E-017  -3.8920544032561952E-017  -3.6129214416469722E-017  -3.4660972176025984E-017
  -4.7473849952472201E-009  -1.3169278086570688E-007  -7.9328104007291549E-007  -2.7160256469887187E-006  -6.8831268132862361E-006  -1.4381813514181870E-005  -2.6073801293377095E-005  -4.1984699378462529E-005  -6.0375295819800469E-005  -7.6897519037635536E-005  -8.5340976986260060E-005  -8.1643323256584604E-005  -6.8096629306549478E-005  -5.1239936858484903E-005  -3.6205949229938646E-005  -2.4799424011290852E-005  -1.6807070785043822E-005  -1.1404746747186833E-005  -7.7987711829142065E-006  -5.3919752174717808E-006  -3.7749149189876156E-006  -2.6774504376668613E-006  -1.9238049036081970E-006  -1.3997746608967274E-006  -1.0307874164878470E-006  -7.6773302889130443E-007  -5.7793366737125629E-007  -4.3940053530813615E-007  -3.3716606490162841E-007  -2.6092416101957619E-007  -2.0349792590251409E-007  -1.5983451185315530E-007  -1.2633872537878965E-007  -1.0042645484160665E-007  -8.0222208684729419E-008  -6.4352111309130178E-008  -5.1800783773397603E-008  -4.1811414444996246E-008  -3.3815318667601727E-008  -2.7381827084366435E-008  -2.2182318931763332E-008  -1.7964186964549747E-008  -1.4531837323912963E-008  -1.1732715645293247E-008  -9.4469549306401751E-009  -7.5796553449599728E-009  -6.0550928699141542E-009  -4.8123534984481253E-009  -3.8020296514645492E-009  -2.9837141135495442E-009  -2.3240965743467010E-009  -1.7955174600532426E-009  -1.3748692192465417E-009  -1.0427608648626366E-009  -7.8288044111083169E-010  -5.8150434618856324E-010  -4.2711362361892876E-010  -3.1008643006571136E-010  -2.2244351553955229E-010  -1.5763002022216612E-010  -1.1032232413419948E-010  -7.6253087542643109E-011  -5.2050974051786422E-011  -3.5093867380637416E-011  -2.3375754700323120E-011  -1.5388003184557464E-011  -1.0015704902806910E-011  -6.4493332940851277E-012  -4.1113548907590696E-012  -2.5968451567469057E-012  -1.6266831464976041E-012  -1.0116036491169065E-012  -6.2527540909812705E-013  -3.8462305767145978E-013  -2.3577393597268064E-013  -1.4424058686488661E-013  -8.8202923304501107E-014  -5.3999417507481245E-014  -3.3154510617395176E-014  -2.0450599727860892E-014  -1.2695871973459364E-014  -7.9471403283354127E-015  -5.0252784904432481E-015  -3.2160588455447375E-015  -2.0869643450005115E-015  -1.3757480071059477E-015  -9.2297157831829114E-016  -6.3130219268472531E-016  -4.4099647626060546E-016  -3.1513796227652685E-016  -2.3073691328459528E-016  -1.7335080192096702E-016  -1.3382040696763433E-016  -1.0627980131847139E-016  -8.6936013541992680E-017  -7.3315970150866948E-017  -6.3798970429798646E-017  -5.7325163887603270E-017  -5.3213866872371743E-017  -5.1051320873303468E-017
  -3.3372789306672616E-009  -9.2592182700674837E-008  -5.5824938538686134E-007  -1.9163755413589206E-006  -4.8853785380112712E-006  -1.0324199968804839E-005  -1.9093643535874277E-005  -3.1772988481957779E-005  -4.8125262073775005E-005  -6.6232855286719065E-005  -8.1643323256584604E-005  -8.8144382214967048E-005  -8.2156869357056522E-005  -6.6989776349364100E-005  -4.9655802968064203E-005  -3.4878158695203829E-005  -2.3926779462272837E-005  -1.6323863263132157E-005  -1.1185276072842848E-005  -7.7365081213981204E-006  -5.4144426571897881E-006  -3.8377783318271787E-006  -2.7554168066901816E-006  -2.0033337238252096E-006  -1.4741941488847100E-006  -1.0972753784367782E-006  -8.2553287341421595E-007  -6.2733248901761958E-007  -4.8115960456831024E-007  -3.7221338672367512E-007  -2.9019596440752959E-007  -2.2786317534289538E-007  -1.8006458434549480E-007  -1.4310077978077175E-007  -1.1428848396008775E-007  -9.1663185074286948E-008  -7.3773716025707792E-008  -5.9538936757969915E-008  -4.8146781925571543E-008  -3.8982489759873401E-008  -3.1577120297106306E-008  -2.5570309548712707E-008  -2.0683101140788863E-008  -1.6697973816215880E-008  -1.3444051331730151E-008  -1.0786076557501521E-008  -8.6161430176923958E-009  -6.8474635093910970E-009  -5.4096560429291696E-009  -4.2451685958459164E-009  -3.3065640784069546E-009  -2.5544578902244623E-009  -1.9559512001989428E-009  -1.4834397451199205E-009  -1.1137049147382681E-009  -8.2721426791695622E-010  -6.0757459327767761E-010  -4.4109361201243864E-010  -3.1641729747646189E-010  -2.2421901118406726E-010  -1.5692439500354496E-010  -1.0846223028368693E-010  -7.4036253140652369E-011  -4.9916218184607870E-011  -3.3248443945979647E-011  -2.1886863400698108E-011  -1.4245531792966842E-011  -9.1729312624884139E-012  -5.8475604421223180E-012  -3.6934522303086996E-012  -2.3135894940886379E-012  -1.4387682240129800E-012  -8.8930167001323092E-013  -5.4702926972296789E-013  -3.3532713668596523E-013  -2.0514370931758102E-013  -1.2544451193217494E-013  -7.6799052908337151E-014  -4.7152816955646003E-014  -2.9085023840413602E-014  -1.8056117803687785E-014  -1.1302416450143049E-014  -7.1469252478525025E-015  -4.5738495059524999E-015  -2.9680539165295530E-015  -1.9565664820799844E-015  -1.3126323096611444E-015  -8.9782394960571760E-016  -6.2717423906532636E-016  -4.4818064068402997E-016  -3.2814727347454635E-016  -2.4653409939101549E-016  -1.9031498148127067E-016  -1.5114748281763591E-016  -1.2363730371563694E-016  -1.0426728650158479E-016  -9.0732504671175130E-017  -8.1525662978013601E-017  -7.5678709642245419E-017  -7.2603207607380524E-017
  -2.2572430921021681E-009  -6.2633141403933996E-008  -3.7782324567306074E-007  -1.2990345889886438E-006  -3.3232498456023633E-006  -7.0706868314848926E-006  -1.3233896992599479E-005  -2.2468867270708434E-005  -3.5167181132066300E-005  -5.0997668370998175E-005  -6.8096629306549478E-005  -8.2156869357056522E-005  -8.7097354322320422E-005  -7.9702575410362170E-005  -6.3948639751641777E-005  -4.6954290825039125E-005  -3.2922824587270963E-005  -2.2683031144429422E-005  -1.5603152476946857E-005  -1.0803755195763778E-005  -7.5594142690739951E-006  -5.3540356733170860E-006  -3.8403693434588369E-006  -2.7894202336665594E-006  -2.0507557584617140E-006  -1.5251419662808812E-006  -1.1465804560816260E-006  -8.7072776558002932E-007  -6.6745799146679143E-007  -5.1607016668996467E-007  -4.0217772819273719E-007  -3.1567115768798074E-007  -2.4936994373964634E-007  -1.9812117800091553E-007  -1.5819036262491349E-007  -1.2684534897575089E-007  -1.0206924143462318E-007  -8.2360301679661961E-008  -6.6591134068503102E-008  -5.3908660098923119E-008  -4.3662425117467744E-008  -3.5352766292276782E-008  -2.8593028568265189E-008  -2.3081804108968855E-008  -1.8582385598074897E-008  -1.4907455991405433E-008  -1.1907611977515076E-008  -9.4627181061980242E-009  -7.4753683095787919E-009  -5.8659283944068104E-009  -4.5687722410229228E-009  -3.5294232613214893E-009  -2.7023832941419443E-009  -2.0494821098202081E-009  -1.5386181915585286E-009  -1.1427897768897176E-009  -8.3933731248541907E-010  -6.0933648991598116E-010  -4.3709611119733133E-010  -3.0972781337335890E-010  -2.1676539836919941E-010  -1.4982019645370266E-010  -1.0226550363322366E-010  -6.8947705248394575E-011  -4.5924385126021063E-011  -3.0230815963450825E-011  -1.9676131800637598E-011  -1.2669640077335092E-011  -8.0765572957543817E-012  -5.1012872478031937E-012  -3.1954322918695242E-012  -1.9871490645472097E-012  -1.2282457206940339E-012  -7.5551569701039088E-013  -4.6312542136314368E-013  -2.8332527503492250E-013  -1.7325116597212761E-013  -1.0606642395757605E-013  -6.5121955780843187E-014  -4.0168637657914816E-014  -2.4936763855361941E-014  -1.5609363447917620E-014  -9.8703245675601698E-015  -6.3167326678325588E-015  -4.0990287464301008E-015  -2.7021064421476978E-015  -1.8127992271839053E-015  -1.2399286111456630E-015  -8.6614915188749323E-016  -6.1895152856494314E-016  -4.5318081181160472E-016  -3.4047009057788580E-016  -2.6282960898301107E-016  -2.0873806762321040E-016  -1.7074570008774155E-016  -1.4399516609600344E-016  -1.2530327223053430E-016  -1.1258838811033290E-016  -1.0451360014060366E-016  -1.0026625678854041E-016
  -1.4975422731789558E-009  -4.1555631819941475E-008  -2.5075228365824536E-007  -8.6290252667605139E-007  -2.2119090459804568E-006  -4.7242319103233992E-006  -8.9023093641943745E-006  -1.5288479092803142E-005  -2.4385195311878346E-005  -3.6476663261119226E-005  -5.1239936858484903E-005  -6.6989776349364100E-005  -7.9702575410362170E-005  -8.3498942181264884E-005  -7.5412651949318779E-005  -5.9809605399066608E-005  -4.3669440923263366E-005  -3.0652713314510029E-005  -2.1247094318680204E-005  -1.4748622382127560E-005  -1.0321705338687364E-005  -7.3047352778498058E-006  -5.2335731201444361E-006  -3.7967114059144739E-006  -2.7880300845161985E-006  -2.0712262307213276E-006  -1.5556290740200114E-006  -1.1803695294608538E-006  -9.0414819462340499E-007  -6.9862735524811373E-007  -5.4414167318722592E-007  -4.2689122886923790E-007  -3.3708678794321905E-007  -2.6771148605521855E-007  -2.1368525100784364E-007  -1.7129498924939923E-007  -1.3780195390124811E-007  -1.1116845357846476E-007  -8.9865758488636685E-008  -7.2737798527852835E-008  -5.8903565701812589E-008  -4.7686617358640846E-008  -3.8563727744682366E-008  -3.1127189076115653E-008  -2.5056927485374648E-008  -2.0099737736558010E-008  -1.6053725890518227E-008  -1.2756594717548542E-008  -1.0076788191070623E-008  -7.9067796382250767E-009  -6.1579776035136481E-009  -4.7568579476904838E-009  -3.6420267474061112E-009  -2.7619878774231942E-009  -2.0734400797392075E-009  -1.5399667661962620E-009  -1.1310118605110864E-009  -8.2105939765796866E-010  -5.8895501022322648E-010  -4.1732471602574111E-010  -2.9206090747047036E-010  -2.0185717055270244E-010  -1.3778249222599754E-010  -9.2891589510580640E-011  -6.1871725209285183E-011  -4.0727859721022608E-011  -2.6507867239809299E-011  -1.7068413236190299E-011  -1.0880513295661080E-011  -6.8722272683945841E-012  -4.3046946299499059E-012  -2.6769392081235809E-012  -1.6545845699542548E-012  -1.0177547628571042E-012  -6.2387055193500341E-013  -3.8166088657242975E-013  -2.3338084626707990E-013  -1.4287752002050764E-013  -8.7722409892274883E-014  -5.4108757558453365E-014  -3.3590624517576562E-014  -2.1026204355401359E-014  -1.3295509700218065E-014  -8.5087170514605938E-015  -5.5214192599426228E-015  -3.6397414556906146E-015  -2.4418346198701314E-015  -1.6701743468128476E-015  -1.1666928208240590E-015  -8.3371826336328360E-016  -6.1042616324008982E-016  -4.5860591993676088E-016  -3.5402518031583135E-016  -2.8116470511756572E-016  -2.2998965581967729E-016  -1.9395720928579355E-016  -1.6877962293816692E-016  -1.5165295818533309E-016  -1.4077640650629395E-016  -1.3505533618063427E-016
