# Version 0.32
# Potential name = chengdu_MMWLY_1600  
# L = 0
# S = 0
# J = 0
# Order = 1                   
# K_MAX = 3200 MeV
# For uncoupled channels, e.g., 3P0 (LSJ = 110)
# storage = D(1:N，1:N) (row, column)
# D(i,j)  = <pout(j),L|V|L,pin(i)>
# Normalization
# If V were so weak as to validate the Born approximation, the relation of V
# in 1S0 and the respective scattering length 'a' would have been
# <p|V|p> = 2/pi * a + ... for p->0, in unit of MeV^(-1)
# Momenta are in unit of MeV
# The value of pin and pout, where pin(1:N) = pout(1:N)
  0.45803716249383797        2.4128789766466525        5.9277844269997786        11.000100740090602        17.624967611213151        25.795934870308656        35.505026420930790        46.742758778069856        59.498153190695120        73.758747319213171        89.510607781990302        106.73834393107268        125.42512296746554        145.55268642795249        167.10136804683680        190.05011298397062        214.37649840453673        240.05675539265394        267.06579217855870        295.37721865731805        324.96337217549672        355.79534456080728        387.84301036846864        421.07505631676690        455.45901188310972        490.96128103071692        527.54717503497454        565.18094637739318        603.82582367406758        643.44404760451403        683.99690780579010        725.44478069584932        767.74716818917921        810.86273726689444        854.74936036262704        899.36415652474966        944.66353331471748        990.60322940059211        1037.1383578041252        1084.2234497591535        1131.8124991384448        1179.8590074055944        1228.3160290480416        1277.1362174468225        1326.2718711382347        1375.6749804222177        1425.2972742719021        1475.0902674985014        1525.0053081254534        1574.9936249255311        1625.0063750744689        1674.9946918745466        1724.9097325014986        1774.7027257280979        1824.3250195777823        1873.7281288617653        1922.8637825531775        1971.6839709519584        2020.1409925944056        2068.1875008615552        2115.7765502408465        2162.8616421958750        2209.3967705994078        2255.3364666852826        2300.6358434752501        2345.2506396373728        2389.1372627331057        2432.2528318108207        2474.5552193041508        2516.0030921942098        2556.5559523954862        2596.1741763259324        2634.8190536226066        2672.4528249650257        2709.0387189692829        2744.5409881168903        2778.9249436832333        2812.1569896315314        2844.2046554391927        2875.0366278245033        2904.6227813426822        2932.9342078214413        2959.9432446073461        2985.6235015954635        3009.9498870160296        3032.8986319531632        3054.4473135720473        3074.5748770325345        3093.2616560689276        3110.4893922180099        3126.2412526807866        3140.5018468093049        3153.2572412219301        3164.4949735790692        3174.2040651296911        3182.3750323887871        3188.9998992599094        3194.0722155730000        3197.5871210233536        3199.5419628375062     
# Matrix elements start here 
  -3.1495622983529290E-003  -3.1495456240522748E-003  -3.1494585212360109E-003  -3.1492034067746445E-003  -3.1486399390085410E-003  -3.1475856591573724E-003  -3.1458167886154035E-003  -3.1430691516871161E-003  -3.1390391884511333E-003  -3.1333850199765749E-003  -3.1257275285946108E-003  -3.1156514202297816E-003  -3.1027062449181680E-003  -3.0864073666388974E-003  -3.0662368955185911E-003  -3.0416446253213598E-003  -3.0120490577390962E-003  -2.9768386429142703E-003  -2.9353734230319591E-003  -2.8869873323208420E-003  -2.8309914812437321E-003  -2.7666788328356588E-003  -2.6933307614839955E-003  -2.6102260635823423E-003  -2.5166530578279800E-003  -2.4119254601463859E-003  -2.2954027308289670E-003  -2.1665155525389811E-003  -2.0247969870748799E-003  -1.8699196531268732E-003  -1.7017389424001522E-003  -1.5203418244882098E-003  -1.3261001644133885E-003  -1.1197266849008805E-003  -9.0233076128787195E-004  -6.7547018130060220E-004  -4.4119391222265710E-004  -2.0206991557115105E-004   3.8808697660681814E-005   2.7784616010616530E-004   5.1100176034520614E-004   7.3388799817549833E-004   9.4191195354910526E-004   1.1304590157066069E-003   1.2951134338557366E-003   1.4319047448848991E-003   1.5375636040743258E-003   1.6097657226919163E-003   1.6473394787469133E-003   1.6504122782969046E-003   1.6204736419266450E-003   1.5603395535196607E-003   1.4740124679854900E-003   1.3664434359642230E-003   1.2432153301372461E-003   1.1101770421670834E-003   9.7306570393959624E-004   8.3715594402461392E-004   7.0697133199558405E-004   5.8608405105139993E-004   4.7701611207543002E-004   3.8124143977916354E-004   2.9927545542893642E-004   2.3082946684626821E-004   1.7500249997578167E-004   1.3048334138764009E-004   9.5739702575456742E-005   6.9178107115769292E-005   4.9265668193276294E-005   3.4611889659337693E-005   2.4013983345253351E-005   1.6472512479147542E-005   1.1185515043162770E-005   7.5290425610111452E-006   5.0308286316802610E-006   3.3421222562073926E-006   2.2110103609403641E-006   1.4590813129773281E-006   9.6216864790545107E-007   6.3517346395063646E-007   4.2054106786953770E-007   2.7978144431874086E-007   1.8739244350889158E-007   1.2660165816042882E-007   8.6439035656863733E-008   5.9756403920648583E-008   4.1905378193879309E-008   2.9864322034725597E-008   2.1666772376584560E-008   1.6029652011282479E-008   1.2112532761822217E-008   9.3621855013243188E-009   7.4123176893508329E-009   6.0188897522456179E-009   5.0183280029342828E-009   4.3004748216343295E-009   3.7910466191224709E-009   3.4402578540224189E-009   3.2154818358887557E-009   3.0965747608284300E-009
  -3.1495456240522748E-003  -3.1495289497516211E-003  -3.1494418469353606E-003  -3.1491867324740293E-003  -3.1486232647081375E-003  -3.1475689848578549E-003  -3.1458001143188125E-003  -3.1430524773986414E-003  -3.1390225141824184E-003  -3.1333683457513092E-003  -3.1257108544574083E-003  -3.1156347462595541E-003  -3.1026895712474032E-003  -3.0863906934804832E-003  -3.0662202232020013E-003  -3.0416279543401814E-003  -3.0120323888120186E-003  -2.9768219770617121E-003  -2.9353567616705492E-003  -2.8869706773778764E-003  -2.8309748352935756E-003  -2.7666621992597654E-003  -2.6933141446557579E-003  -2.6102094690773508E-003  -2.5166364926594020E-003  -2.4119089330240269E-003  -2.2953862524391303E-003  -2.1664991358404462E-003  -2.0247806476041278E-003  -1.8699034093031422E-003  -1.7017228158179719E-003  -1.5203258401818797E-003  -1.3260843510745038E-003  -1.1197110750267277E-003  -9.0231539123562018E-004  -6.7545509122009066E-004  -4.4117914583976549E-004  -2.0205551979478277E-004   3.8822673331416653E-005   2.7785966439138488E-004   5.1101474121704711E-004   7.3390040410727109E-004   9.4192373495676201E-004   1.1304701265388260E-003   1.2951238332681776E-003   1.4319143989143985E-003   1.5375724872125646E-003   1.6097738192482898E-003   1.6473467838896598E-003   1.6504187986721393E-003   1.6204793957776003E-003   1.5603445702624943E-003   1.4740167872407542E-003   1.3664471060901213E-003   1.2432184063563500E-003   1.1101795844161238E-003   9.7306777459670523E-004   8.3715760567618504E-004   7.0697264539452227E-004   5.8608507339155116E-004   4.7701689566774204E-004   3.8124203116968647E-004   2.9927589495381906E-004   2.3082978858044397E-004   1.7500273200433584E-004   1.3048350631391127E-004   9.5739818177385040E-005   6.9178187069670742E-005   4.9265722798773792E-005   3.4611926517038477E-005   2.4014007956754434E-005   1.6472528754771241E-005   1.1185525715166988E-005   7.5290495084999204E-006   5.0308331283518093E-006   3.3421251541132171E-006   2.2110122234248023E-006   1.4590825087132697E-006   9.6216941608103765E-007   6.3517395865023644E-007   4.2054138781195878E-007   2.7978165250865323E-007   1.8739258006877934E-007   1.2660174862621018E-007   8.6439096297492160E-008   5.9756445127949087E-008   4.1905406632943650E-008   2.9864342004233489E-008   2.1666786668336163E-008   1.6029662453526444E-008   1.2112540563361643E-008   9.3621914701779034E-009   7.4123223723589846E-009   6.0188935247516419E-009   5.0183311268388572E-009   4.3004774833414085E-009   3.7910489546553234E-009   3.4402599659403187E-009   3.2154838049813546E-009   3.0965766545208149E-009
  -3.1494585212360109E-003  -3.1494418469353606E-003  -3.1493547441191318E-003  -3.1490996296580256E-003  -3.1485361618933247E-003  -3.1474818820478386E-003  -3.1457130115243553E-003  -3.1429653746470132E-003  -3.1389354115346391E-003  -3.1332812433313801E-003  -3.1256237524987011E-003  -3.1155476451746539E-003  -3.1026024717288412E-003  -3.0863035966408594E-003  -3.0661331307630046E-003  -3.0415408688808810E-003  -3.0119453140874412E-003  -2.9767349184031499E-003  -2.9352697264790882E-003  -2.8868836757223013E-003  -2.8308878806229086E-003  -2.7665753092391641E-003  -2.6932273421321276E-003  -2.6101227831776936E-003  -2.5165499600203626E-003  -2.4118225991451624E-003  -2.2953001731448285E-003  -2.1664133788260199E-003  -2.0246952940302285E-003  -1.8698185553892564E-003  -1.7016385743705354E-003  -1.5202423419758014E-003  -1.3260017459894157E-003  -1.1196295328221209E-003  -9.0223510183386028E-004  -6.7537626435525307E-004  -4.4110200992592864E-004  -2.0198031987293677E-004   3.8895678690177571E-005   2.7793020731423871E-004   5.1108254992452470E-004   7.3396520943859976E-004   9.4198527789975638E-004   1.1305281665360853E-003   1.2951781569629423E-003   1.4319648288960572E-003   1.5376188902369835E-003   1.6098161133569465E-003   1.6473849438480726E-003   1.6504528592033200E-003   1.6205094521847328E-003   1.5603707762128520E-003   1.4740393497061658E-003   1.3664662776849139E-003   1.2432344755516980E-003   1.1101928643078680E-003   9.7307859103304341E-004   8.3716628559240256E-004   7.0697950614751577E-004   5.8609041374603672E-004   4.7702098888101628E-004   3.8124512038444948E-004   2.9927819087374264E-004   2.3083146920223821E-004   1.7500394403540201E-004   1.3048436782659903E-004   9.5740422037625213E-005   6.9178604717796217E-005   4.9266008036367238E-005   3.4612119046925570E-005   2.4014136517251446E-005   1.6472613771934147E-005   1.1185581461266833E-005   7.5290857992455696E-006   5.0308566170392261E-006   3.3421402915172054E-006   2.2110219522264031E-006   1.4590887547070555E-006   9.6217342868543964E-007   6.3517654273642887E-007   4.2054305904443795E-007   2.7978273999631739E-007   1.8739329339377005E-007   1.2660222117676065E-007   8.6439413055272288E-008   5.9756660375114623E-008   4.1905555184866104E-008   2.9864446315219604E-008   2.1666861321441840E-008   1.6029716998659810E-008   1.2112581314735332E-008   9.3622226484946028E-009   7.4123468340495236E-009   6.0189132304273066E-009   5.0183474445411230E-009   4.3004913867531756E-009   3.7910611542951431E-009   3.4402709975270626E-009   3.2154940905200065E-009   3.0965865462064303E-009
  -3.1492034067746445E-003  -3.1491867324740293E-003  -3.1490996296580256E-003  -3.1488445151979633E-003  -3.1482810474376009E-003  -3.1472267676077520E-003  -3.1454578971325101E-003  -3.1427102603847541E-003  -3.1386802975826183E-003  -3.1330261300552271E-003  -3.1253686405849431E-003  -3.1152925358353383E-003  -3.1023473669966081E-003  -3.0860484997793864E-003  -3.0658780468206782E-003  -3.0412858054180373E-003  -3.0116902821094838E-003  -2.9764799335330223E-003  -2.9350148104027836E-003  -2.8866288579400641E-003  -2.8306332005361792E-003  -2.7663208185988099E-003  -2.6929731078665833E-003  -2.6098688906098415E-003  -2.5162965164686603E-003  -2.4115697378871001E-003  -2.2950480576985838E-003  -2.1661622074786013E-003  -2.0244453045070903E-003  -1.8695700295211831E-003  -1.7013918425689476E-003  -1.5199977872786721E-003  -1.3257598073887242E-003  -1.1193907075335795E-003  -9.0199994612522559E-004  -6.7514539251714231E-004  -4.4087609095650165E-004  -2.0176007146394679E-004   3.9109499224221269E-005   2.7813681542101848E-004   5.1128114961591486E-004   7.3415501240281598E-004   9.4216552555547546E-004   1.1306981543599522E-003   1.2953372601044416E-003   1.4321125277909589E-003   1.5377547946822951E-003   1.6099399833602300E-003   1.6474967055539716E-003   1.6505526143618427E-003   1.6205974799729213E-003   1.5604475267422422E-003   1.4741054292024577E-003   1.3665224260456452E-003   1.2432815376847489E-003   1.1102317572338496E-003   9.7311026911345636E-004   8.3719170636468196E-004   7.0699959908875922E-004   5.8610605387453588E-004   4.7703297650425523E-004   3.8125416760702817E-004   2.9928491479094447E-004   2.3083639111651542E-004   1.7500749360936885E-004   1.3048689085752823E-004   9.5742190499680489E-005   6.9179827835521700E-005   4.9266843375645294E-005   3.4612682882814864E-005   2.4014513013395203E-005   1.6472862748251699E-005   1.1185744715471777E-005   7.5291920774613058E-006   5.0309254039187507E-006   3.3421846214204540E-006   2.2110504429368493E-006   1.4591070459855114E-006   9.6218517948653000E-007   6.3518411013796667E-007   4.2054795317268125E-007   2.7978592464518794E-007   1.8739538232162209E-007   1.2660360500793126E-007   8.6440340655854475E-008   5.9757290708201432E-008   4.1905990205581343E-008   2.9864751779737582E-008   2.1667079935315436E-008   1.6029876728123013E-008   1.2112700650474297E-008   9.3623139504872405E-009   7.4124184671000739E-009   6.0189709360015222E-009   5.0183952288128837E-009   4.3005321010515969E-009   3.7910968792967224E-009   3.4403033020241974E-009   3.2155242103051833E-009   3.0966155126407733E-009
  -3.1486399390085410E-003  -3.1486232647081375E-003  -3.1485361618933247E-003  -3.1482810474376009E-003  -3.1477175796913136E-003  -3.1466632999044052E-003  -3.1448944295498099E-003  -3.1421467931101585E-003  -3.1381168310253378E-003  -3.1324626650357352E-003  -3.1248051786354667E-003  -3.1147290796520711E-003  -3.1017839210916833E-003  -3.0854850713876608E-003  -3.0653146471228188E-003  -3.0407224511469601E-003  -3.0111269976114759E-003  -2.9759167533574835E-003  -2.9344517824949966E-003  -2.8860660475090762E-003  -2.8300706946641930E-003  -2.7657587316484537E-003  -2.6924115877272068E-003  -2.6093081258022899E-003  -2.5157367440986093E-003  -2.4110112523985008E-003  -2.2944912203296986E-003  -2.1656074562622441E-003  -2.0238931645830648E-003  -1.8690211234423893E-003  -1.7008469001840365E-003  -1.5194576546659563E-003  -1.3252254542028769E-003  -1.1188632320158162E-003  -9.0148057692953374E-004  -6.7463548643366790E-004  -4.4037712558545918E-004  -2.0127363192915014E-004   3.9581740313284538E-005   2.7859312532643992E-004   5.1171977037500977E-004   7.3457420304175311E-004   9.4256361079936768E-004   1.1310735783624636E-003   1.2956886430188870E-003   1.4324387223363067E-003   1.5380549393092071E-003   1.6102135482910791E-003   1.6477435279487846E-003   1.6507729192194766E-003   1.6207918841435198E-003   1.5606170245773176E-003   1.4742513598134366E-003   1.3666464237304596E-003   1.2433854686213701E-003   1.1103176468209163E-003   9.7318022517449518E-004   8.3724784369550208E-004   7.0704397047539175E-004   5.8614059179748642E-004   4.7705944841855457E-004   3.8127414615215225E-004   2.9929976276585530E-004   2.3084725975560825E-004   1.7501533175960307E-004   1.3049246215235744E-004   9.5746095539962620E-005   6.9182528646781206E-005   4.9268687902942803E-005   3.4613927887891111E-005   2.4015344346702817E-005   1.6473412502961957E-005   1.1186105187527656E-005   7.5294267421983921E-006   5.0310772856681062E-006   3.3422825012555212E-006   2.2111133495429383E-006   1.4591474322460892E-006   9.6221112449071412E-007   6.3520081834421881E-007   4.2055875893150156E-007   2.7979295599105228E-007   1.8739999440806225E-007   1.2660666031114673E-007   8.6442388653986507E-008   5.9758682377717479E-008   4.1906950652906922E-008   2.9865426186832267E-008   2.1667562590497351E-008   1.6030229376860214E-008   1.2112964117356897E-008   9.3625155243085869E-009   7.4125766158824698E-009   6.0190983358396241E-009   5.0185007245609940E-009   4.3006219878663707E-009   3.7911757508731020E-009   3.4403746219130534E-009   3.2155907068580245E-009   3.0966794628651036E-009
  -3.1475856591573724E-003  -3.1475689848578549E-003  -3.1474818820478386E-003  -3.1472267676077520E-003  -3.1466632999044052E-003  -3.1456090202289064E-003  -3.1438401501521617E-003  -3.1410925143699258E-003  -3.1370625537459006E-003  -3.1314083907999822E-003  -3.1237509103690725E-003  -3.1136748224706071E-003  -3.1007296835214230E-003  -3.0844308670630806E-003  -3.0642604970758437E-003  -3.0396683868133866E-003  -3.0100730646880265E-003  -2.9748630166478275E-003  -2.9333983318839008E-003  -2.8850130051995748E-003  -2.8290182238019197E-003  -2.7647070464385986E-003  -2.6913609651209925E-003  -2.6082589187893168E-003  -2.5146893965863970E-003  -2.4099663155884811E-003  -2.2934493704070912E-003  -2.1645695131033184E-003  -2.0228601110455729E-003  -1.8679941246430595E-003  -1.6998273219825649E-003  -1.5184470803725507E-003  -1.3242256983147455E-003  -1.1178763495806189E-003  -9.0050886695037516E-004  -6.7368148759657832E-004  -4.3944360253860481E-004  -2.0036355040999087E-004   4.0465250982254890E-005   2.7944682343496044E-004   5.1254036713909486E-004   7.3535844159103390E-004   9.4330835731443706E-004   1.1317759225977766E-003   1.2963460041352901E-003   1.4330489547167596E-003   1.5386164320060085E-003   1.6107253111338922E-003   1.6482052573023160E-003   1.6511850370490302E-003   1.6211555454817162E-003   1.5609340906378630E-003   1.4745243367004404E-003   1.3668783696640149E-003   1.2435798754794054E-003   1.1104783041935551E-003   9.7331107669078602E-004   8.3735284587341350E-004   7.0712696368600402E-004   5.8620519122801673E-004   4.7710896043713831E-004   3.8131151260472907E-004   2.9932753289435050E-004   2.3086758699611886E-004   1.7502999092985954E-004   1.3050288159437140E-004   9.5753398624621257E-005   6.9187579532530838E-005   4.9272137361245579E-005   3.4616256137099122E-005   2.4016898973296691E-005   1.6474440548841546E-005   1.1186779261935469E-005   7.5298655525392738E-006   5.0313612916568801E-006   3.3424655252971391E-006   2.2112309758076314E-006   1.4592229475510909E-006   9.6225963641849420E-007   6.3523205886349673E-007   4.2057896293837012E-007   2.7980610262970686E-007   1.8740861759799374E-007   1.2661237272038638E-007   8.6446217688500697E-008   5.9761284279072395E-008   4.1908746310488854E-008   2.9866687049086811E-008   2.1668464947350022E-008   1.6030888671914057E-008   1.2113456678293489E-008   9.3628923711091004E-009   7.4128722766187504E-009   6.0193365097084010E-009   5.0186979477453892E-009   4.3007900295886484E-009   3.7913231992947899E-009   3.4405079522861666E-009   3.2157150199180114E-009   3.0967990155254848E-009
  -3.1458167886154035E-003  -3.1458001143188125E-003  -3.1457130115243553E-003  -3.1454578971325101E-003  -3.1448944295498099E-003  -3.1438401501521617E-003  -3.1420712806941300E-003  -3.1393236462517807E-003  -3.1352936884259798E-003  -3.1296395310737714E-003  -3.1219820613173472E-003  -3.1119059928836133E-003  -3.0989608879498677E-003  -3.0826621286687058E-003  -3.0624918514746014E-003  -3.0378998871216307E-003  -3.0083047879955818E-003  -2.9730950721499846E-003  -2.9316308709057617E-003  -2.8832462333389553E-003  -2.8272524153990022E-003  -2.7629425615491184E-003  -2.6895982691217961E-003  -2.6064986046770450E-003  -2.5129322099377281E-003  -2.4082131820293549E-003  -2.2917014252842737E-003  -2.1628281328604708E-003  -2.0211269455749402E-003  -1.8662711296122353E-003  -1.6981167898263926E-003  -1.5167516683007567E-003  -1.3225484513308956E-003  -1.1162207161602982E-003  -8.9887870471898335E-004  -6.7208105612331839E-004  -4.3787754027689975E-004  -1.9883683292746916E-004   4.1947373964033863E-005   2.8087891396944746E-004   5.1391690866019234E-004   7.3667397144759877E-004   9.4455761967474029E-004   1.1329540370827694E-003   1.2974486433399630E-003   1.4340725216820630E-003   1.5395582269852651E-003   1.6115836759611030E-003   1.6489796856039890E-003   1.6518762396662194E-003   1.6217654628782477E-003   1.5614658476831079E-003   1.4749821397492609E-003   1.3672673508419286E-003   1.2439058939095484E-003   1.1107477179191977E-003   9.7353050166701914E-004   8.3752891922197776E-004   7.0726612729708424E-004   5.8631350892820718E-004   4.7719197777844552E-004   3.8137416351067513E-004   2.9937409263423425E-004   2.3090166688321092E-004   1.7505456720691556E-004   1.3052034938967053E-004   9.5765641596740690E-005   6.9196046637743519E-005   4.9277919722424585E-005   3.4620158887060298E-005   2.4019504853077320E-005   1.6476163717937657E-005   1.1187909085115642E-005   7.5306010258007538E-006   5.0318372896310200E-006   3.3427722674947777E-006   2.2114281080665705E-006   1.4593495017740459E-006   9.6234093420984217E-007   6.3528441135105690E-007   4.2061281972885826E-007   2.7982813253175541E-007   1.8742306719511214E-007   1.2662194460499391E-007   8.6452633597692433E-008   5.9765643922734925E-008   4.1911754986352052E-008   2.9868799622098927E-008   2.1669976819689708E-008   1.6031993284187887E-008   1.2114281925010131E-008   9.3635237397731623E-009   7.4133676204642032E-009   6.0197355371294539E-009   5.0190283649913690E-009   4.3010715556351361E-009   3.7915702231627517E-009   3.4407313227970641E-009   3.2159232828987369E-009   3.0969993029940002E-009
  -3.1430691516871161E-003  -3.1430524773986414E-003  -3.1429653746470132E-003  -3.1427102603847541E-003  -3.1421467931101585E-003  -3.1410925143699258E-003  -3.1393236462517807E-003  -3.1365760144790077E-003  -3.1325460618622995E-003  -3.1268919144084818E-003  -3.1192344628699249E-003  -3.1091584268231410E-003  -3.0962133774876436E-003  -3.0799147104923655E-003  -3.0597445817234885E-003  -3.0351528492301881E-003  -3.0055581027523910E-003  -2.9703489103327634E-003  -2.9288854688547254E-003  -2.8805019118196950E-003  -2.8245096020779801E-003  -2.7602018173560100E-003  -2.6868603186983647E-003  -2.6037643710063690E-003  -2.5102028531040852E-003  -2.4054901418710311E-003  -2.2889864674621205E-003  -2.1601233975680166E-003  -2.0184349977568992E-003  -1.8635950091363536E-003  -1.6954600595730526E-003  -1.5141184576077246E-003  -1.3199434916794826E-003  -1.1136493654496965E-003  -8.9634695599858294E-004  -6.6959552630605846E-004  -4.3544543422370562E-004  -1.9646587846942291E-004   4.4249023912196553E-005   2.8310281496013315E-004   5.1605449501972460E-004   7.3871676216958043E-004   9.4649745591657503E-004   1.1347833440488162E-003   1.2991607059201667E-003   1.4356617599609878E-003   1.5410204550712380E-003   1.6129163259799956E-003   1.6501819786053356E-003   1.6529492869417851E-003   1.6227122849394513E-003   1.5622913037568167E-003   1.4756927676941624E-003   1.3678711251283791E-003   1.2444119168002130E-003   1.1111658652198232E-003   9.7387104847727359E-004   8.3780217238188753E-004   7.0748208949306384E-004   5.8648159496849789E-004   4.7732079707793040E-004   3.8147137534183463E-004   2.9944633330407399E-004   2.3095454167215712E-004   1.7509269535769133E-004   1.3054744798607023E-004   9.5784633765640245E-005   6.9209180777903437E-005   4.9286888864832089E-005   3.4626212233309950E-005   2.4023546499895512E-005   1.6478836178045513E-005   1.1189661243507272E-005   7.5317415632772740E-006   5.0325754111223723E-006   3.3432479056360701E-006   2.2117337701862713E-006   1.4595457210870147E-006   9.6246697917406301E-007   6.3536557586924919E-007   4.2066530740647972E-007   2.7986228384385058E-007   1.8744546649474828E-007   1.2663678210332103E-007   8.6462578640463637E-008   5.9772401412303147E-008   4.1916418320063943E-008   2.9872073936013425E-008   2.1672320034057041E-008   1.6033705253309317E-008   1.2115560893677336E-008   9.3645022155072575E-009   7.4141352747261469E-009   6.0203539157042595E-009   5.0195404100235542E-009   4.3015078290634479E-009   3.7919530257081043E-009   3.4410774681074033E-009   3.2162460151854548E-009   3.0973096752150076E-009
  -3.1390391884511333E-003  -3.1390225141824184E-003  -3.1389354115346391E-003  -3.1386802975826183E-003  -3.1381168310253378E-003  -3.1370625537459006E-003  -3.1352936884259798E-003  -3.1325460618622995E-003  -3.1285161187824284E-003  -3.1228619885062662E-003  -3.1152045672872952E-003  -3.1051285834742402E-003  -3.0921836217562755E-003  -3.0758850977492410E-003  -3.0557151961027595E-003  -3.0311238151443549E-003  -3.0015295996552289E-003  -2.9663211912584215E-003  -2.9248588832641847E-003  -2.8764769332690877E-003  -2.8204868611820502E-003  -2.7561821404481109E-003  -2.6828447724788788E-003  -2.5997543133159553E-003  -2.5061999897474305E-003  -2.4014965891407730E-003  -2.2850048196612184E-003  -2.1561567983930585E-003  -2.0144872138782794E-003  -1.8596705036925067E-003  -1.6915640625914249E-003  -1.5102570295926218E-003  -1.3161235757994558E-003  -1.1098788229669746E-003  -8.9263457888509763E-004  -6.6595102048404645E-004  -4.3187936667619291E-004  -1.9298958172762806E-004   4.7623595533782554E-005   2.8636328140765931E-004   5.1918830040689670E-004   7.4171147681397495E-004   9.4934112464465465E-004   1.1374648701690773E-003   1.3016702552600856E-003   1.4379911645978031E-003   1.5431635924867402E-003   1.6148694470260929E-003   1.6519439575366705E-003   1.6545217693528203E-003   1.6240997149464171E-003   1.5635008200019678E-003   1.4767339680781357E-003   1.3687557115225303E-003   1.2451532419698401E-003   1.1117784133123018E-003   9.7436988636512463E-004   8.3820241098798943E-004   7.0779839166993839E-004   5.8672775996078082E-004   4.7750944210502651E-004   3.8161372386648232E-004   2.9955210871375872E-004   2.3103195583924009E-004   1.7514851488894688E-004   1.3058711739585293E-004   9.5812434221678047E-005   6.9228404938786518E-005   4.9300015852959813E-005   3.4635071101026281E-005   2.4029460887085508E-005   1.6482746671339103E-005   1.1192224918062506E-005   7.5334102263902638E-006   5.0336552450203186E-006   3.3439436925724867E-006   2.2121808780047028E-006   1.4598327225172935E-006   9.6265132790818857E-007   6.3548427675834735E-007   4.2074206458791659E-007   2.7991222330226682E-007   1.8747821915447362E-007   1.2665847659608104E-007   8.6477118934695939E-008   5.9782280816120568E-008   4.1923235767603064E-008   2.9876860531972324E-008   2.1675745351766457E-008   1.6036207720695444E-008   1.2117430358867880E-008   9.3659324059495306E-009   7.4152572859442135E-009   6.0212577214712811E-009   5.0202887852745935E-009   4.3021454492772512E-009   3.7925124890987031E-009   3.4415833514209216E-009   3.2167176771766808E-009   3.0977632714023881E-009
  -3.1333850199765749E-003  -3.1333683457513092E-003  -3.1332812433313801E-003  -3.1330261300552271E-003  -3.1324626650357352E-003  -3.1314083907999822E-003  -3.1296395310737714E-003  -3.1268919144084818E-003  -3.1228619885062662E-003  -3.1172078876556485E-003  -3.1095505161821751E-003  -3.0994746151278224E-003  -3.0865297884954102E-003  -3.0702314803857976E-003  -3.0500619162723000E-003  -3.0254710514839287E-003  -2.9958776085348849E-003  -2.9606703328068579E-003  -2.9192096534330202E-003  -2.8708300026566453E-003  -2.8148431212793781E-003  -2.7505427578688197E-003  -2.6772112515803144E-003  -2.5941285674006762E-003  -2.5005844207378557E-003  -2.3958941752321630E-003  -2.2794192099647435E-003  -2.1505924129689878E-003  -2.0089493468204121E-003  -1.8541654260570020E-003  -1.6860991209752040E-003  -1.5048407350836560E-003  -1.3107656768899169E-003  -1.1045903549139710E-003  -8.8742788102762595E-004  -6.6083971231808980E-004  -4.2687827322437704E-004  -1.8811459911250968E-004   5.2355702186199400E-005   2.9093515335373030E-004   5.2358233614844922E-004   7.4591025596953660E-004   9.5332789656958367E-004   1.1412240924194754E-003   1.3051881599838730E-003   1.4412563242638397E-003   1.5461674509096711E-003   1.6176067783785423E-003   1.6544132158805274E-003   1.6567252948643440E-003   1.6260437707475222E-003   1.5651954450754163E-003   1.4781926462330073E-003   1.3699948722808242E-003   1.2461916246229705E-003   1.1126363381613385E-003   9.7506848544768590E-004   8.3876287313413168E-004   7.0824127311296049E-004   5.8707240252931230E-004   4.7777352769947138E-004   3.8181297853855843E-004   2.9970015448133204E-004   2.3114029540332248E-004   1.7522662511304060E-004   1.3064262241826440E-004   9.5851328272563457E-005   6.9255297571564625E-005   4.9318377250720508E-005   3.4647461169782824E-005   2.4037731931136631E-005   1.6488214784950522E-005   1.1195809385952013E-005   7.5357430762720057E-006   5.0351647411818931E-006   3.3449162358876804E-006   2.2128057677012697E-006   1.4602338057082876E-006   9.6290893086096232E-007   6.3565013077433343E-007   4.2084930378094418E-007   2.7998198902337362E-007   1.8752397113522143E-007   1.2668877915510817E-007   8.6497427112998216E-008   5.9796078241175274E-008   4.1932756279138302E-008   2.9883544557967719E-008   2.1680528203045665E-008   1.6039701785345775E-008   1.2120040465685744E-008   9.3679291164646815E-009   7.4168236790559478E-009   6.0225194416412227E-009   5.0213334905928260E-009   4.3030355210518900E-009   3.7932934428778911E-009   3.4422895012887800E-009   3.2173760508556243E-009   3.0983964237493654E-009
  -3.1257275285946108E-003  -3.1257108544574083E-003  -3.1256237524987011E-003  -3.1253686405849431E-003  -3.1248051786354667E-003  -3.1237509103690725E-003  -3.1219820613173472E-003  -3.1192344628699249E-003  -3.1152045672872952E-003  -3.1095505161821751E-003  -3.1018932254696322E-003  -3.0918174540986551E-003  -3.0788728330003617E-003  -3.0625748456758091E-003  -3.0424057737551882E-003  -3.0178156506750248E-003  -2.9882233051685475E-003  -2.9530176241105506E-003  -2.9115592215707494E-003  -2.8631827673162302E-003  -2.8072003022986984E-003  -2.7429059486586069E-003  -2.6695825038916912E-003  -2.5865104876888791E-003  -2.4929802779717308E-003  -2.3883080194731275E-003  -2.2718560003699437E-003  -2.1430581530443647E-003  -2.0014512237484326E-003  -1.8467119497485522E-003  -1.6787002571580834E-003  -1.4975080252753795E-003  -1.3035123365733861E-003  -1.0974313397407111E-003  -8.8037990955724087E-004  -6.5392123285297997E-004  -4.2010936194813954E-004  -1.8151677725521858E-004   5.8759742773152688E-005   2.9712192376805859E-004   5.2952802605191933E-004   7.5159130783484076E-004   9.5872166730582567E-004   1.1463095821303833E-003   1.3099467781336471E-003   1.4456726545146866E-003   1.5502299685439640E-003   1.6213084698359006E-003   1.6577520497665730E-003   1.6597044987618484E-003   1.6286718786708530E-003   1.5674860960881139E-003   1.4801641343661141E-003   1.3716694694022626E-003   1.2475947186863586E-003   1.1137954464856502E-003   9.7601221383189908E-004   8.3951989497932150E-004   7.0883939776832366E-004   5.8753778958290401E-004   4.7813008588019933E-004   3.8208196707710334E-004   2.9989998424866191E-004   2.3128650963893238E-004   1.7533202700803369E-004   1.3071751011365230E-004   9.5903796792563562E-005   6.9291570810362476E-005   4.9343139847011404E-005   3.4664168295978409E-005   2.4048883250878921E-005   1.6495586045983921E-005   1.1200640728616808E-005   7.5388869819954094E-006   5.0371987607608672E-006   3.3462265439543928E-006   2.2136475702815104E-006   1.4607740435331952E-006   9.6325586444333973E-007   6.3587347150800053E-007   4.2099369590873853E-007   2.8007591415463905E-007   1.8758555985808171E-007   1.2672956637680701E-007   8.6524759109882542E-008   5.9814645858638628E-008   4.1945567143371008E-008   2.9892537849025761E-008   2.1686962961172512E-008   1.6044402281075764E-008   1.2123551547978907E-008   9.3706148970771752E-009   7.4189305195879110E-009   6.0242164041486460E-009   5.0227385160503453E-009   4.3042325358954478E-009   3.7943436789468789E-009   3.4432391185021021E-009   3.2182614055291635E-009   3.0992478542816359E-009
  -3.1156514202297816E-003  -3.1156347462595541E-003  -3.1155476451746539E-003  -3.1152925358353383E-003  -3.1147290796520711E-003  -3.1136748224706071E-003  -3.1119059928836133E-003  -3.1091584268231410E-003  -3.1051285834742402E-003  -3.0994746151278224E-003  -3.0918174540986551E-003  -3.0817418841514134E-003  -3.0687975730001255E-003  -3.0525000574291418E-003  -3.0323316944821715E-003  -3.0077426219645149E-003  -2.9781518100293024E-003  -2.9429483334343417E-003  -2.9014930513297722E-003  -2.8531209477738019E-003  -2.7971444604069830E-003  -2.7328582046349647E-003  -2.6595455826885469E-003  -2.5764878456801055E-003  -2.4829762446483285E-003  -2.3783279532475494E-003  -2.2619064567068652E-003  -2.1331470620438333E-003  -1.9915880729898380E-003  -1.8369079666578172E-003  -1.6689685834027238E-003  -1.4878638737679758E-003  -1.2939731196571016E-003  -1.0880167551724073E-003  -8.7111196918234629E-004  -6.4482421762978009E-004  -4.1120968653346078E-004  -1.7284274805851648E-004   6.7178289958182234E-005   3.0525411639782934E-004   5.3734258143645032E-004   7.5905728910002088E-004   9.6580935378830354E-004   1.1529914274600048E-003   1.3161984168141676E-003   1.4514739060015166E-003   1.5555657782046447E-003   1.6261697204830196E-003   1.6621361772997665E-003   1.6636158520707252E-003   1.6321217778349308E-003   1.5704925635686077E-003   1.4827512996909232E-003   1.3738666761059439E-003   1.2494353895231946E-003   1.1153157854832962E-003   9.7724983830059812E-004   8.4051249489976252E-004   7.0962351335824984E-004   5.8814778133589173E-004   4.7859734759531894E-004   3.8243440503196214E-004   3.0016175872231123E-004   2.3147801204689793E-004   1.7547004950164893E-004   1.3081555576553448E-004   9.5972477193020337E-005   6.9339042680672684E-005   4.9375541131200884E-005   3.4686024968299197E-005   2.4063468880253779E-005   1.6505225620416368E-005   1.1206957596581482E-005   7.5429967968726145E-006   5.0398572061188843E-006   3.3479387938203173E-006   2.2147474027230302E-006   1.4614797521401528E-006   9.6370898388782040E-007   6.3616512164273701E-007   4.2118222039430821E-007   2.8019852767186122E-007   1.8766594809032098E-007   1.2678279592129812E-007   8.6560423934532723E-008   5.9838871089245012E-008   4.1962279443385340E-008   2.9904268596294116E-008   2.1695355469814435E-008   1.6050532263074516E-008   1.2128129972394276E-008   9.3741168372155399E-009   7.4216773808540229E-009   6.0264287244418734E-009   5.0245701325124570E-009   4.3057929089029672E-009   3.7957126629869175E-009   3.4444769076073476E-009   3.2194154062429408E-009   3.1003576239348994E-009
  -3.1027062449181680E-003  -3.1026895712474032E-003  -3.1026024717288412E-003  -3.1023473669966081E-003  -3.1017839210916833E-003  -3.1007296835214230E-003  -3.0989608879498677E-003  -3.0962133774876436E-003  -3.0921836217562755E-003  -3.0865297884954102E-003  -3.0788728330003617E-003  -3.0687975730001255E-003  -3.0558537257083618E-003  -3.0395568987560888E-003  -3.0193895485998447E-003  -2.9948019497766216E-003  -2.9652132568730133E-003  -2.9300127888526469E-003  -2.8885617226090650E-003  -2.8401954488844689E-003  -2.7842269178480375E-003  -2.7199513814479808E-003  -2.6466530215485755E-003  -2.5636140314654957E-003  -2.4701267862077777E-003  -2.3655097831894270E-003  -2.2491280469011366E-003  -2.1204186511225307E-003  -1.9789219004386982E-003  -1.8243185061061493E-003  -1.6564727654630540E-003  -1.4754812863104092E-003  -1.2817261708336744E-003  -1.0759307820037804E-003  -8.5921527232473262E-004  -6.3314800137320064E-004  -3.9978788253585687E-004  -1.6171170224252253E-004   7.7980285059075366E-005   3.1568745632793273E-004   5.4736715611306648E-004   7.6863345459274486E-004   9.7489905020920874E-004   1.1615594084305315E-003   1.3242135400351146E-003   1.4589104193520543E-003   1.5624045235455319E-003   1.6323991701392658E-003   1.6677532181264315E-003   1.6686262406211733E-003   1.6365402080788427E-003   1.5743423151942143E-003   1.4860634681679783E-003   1.3766790219150987E-003   1.2517908788341830E-003   1.1172609233457119E-003   9.7883291388827973E-004   8.4178186367825218E-004   7.1062603236700275E-004   5.8892749246338728E-004   4.7919447315085119E-004   3.8288468480658796E-004   3.0049612322419477E-004   2.3172255727154436E-004   1.7564625768090128E-004   1.3094069547609521E-004   9.6060114658946642E-005   6.9399602323002880E-005   4.9416864826099517E-005   3.4713893311257985E-005   2.4082061599175929E-005   1.6517510386366011E-005   1.1215005875559694E-005   7.5482317984135786E-006   5.0432426607009634E-006   3.3501187747642575E-006   2.2161473453013027E-006   1.4623778203474406E-006   9.6428548363479125E-007   6.3653610433519355E-007   4.2142197504213125E-007   2.8035442849332360E-007   1.8776813999875565E-007   1.2685045002827435E-007   8.6605745249816648E-008   5.9869650133935517E-008   4.1983509553234414E-008   2.9919168198567074E-008   2.1706013528875355E-008   1.6058315985895484E-008   1.2133942843719291E-008   9.3785624811392004E-009   7.4251641155529416E-009   6.0292366878465810E-009   5.0268947119013452E-009   4.3077731127887500E-009   3.7974498909250548E-009   3.4460475864117992E-009   3.2208797212914781E-009   3.1017657918898358E-009
  -3.0864073666388974E-003  -3.0863906934804832E-003  -3.0863035966408594E-003  -3.0860484997793864E-003  -3.0854850713876608E-003  -3.0844308670630806E-003  -3.0826621286687058E-003  -3.0799147104923655E-003  -3.0758850977492410E-003  -3.0702314803857976E-003  -3.0625748456758091E-003  -3.0525000574291418E-003  -3.0395568987560888E-003  -3.0232610702980028E-003  -3.0030951577029322E-003  -2.9785096118758098E-003  -2.9489238239914792E-003  -2.9137274249857836E-003  -2.8722819963991355E-003  -2.8239234456394311E-003  -2.7679653727834528E-003  -2.7037038357311952E-003  -2.6304240022708637E-003  -2.5474092560274428E-003  -2.4539533907386199E-003  -2.3493765734925709E-003  -2.2330457689859386E-003  -2.1044002766116470E-003  -1.9629829200071558E-003  -1.8084772216095213E-003  -1.6407505685765726E-003  -1.4599029084037777E-003  -1.2663198855848447E-003  -1.0607285391237499E-003  -8.4425273802975513E-004  -6.1846447930269041E-004  -3.8542608816761505E-004  -1.4771736506486539E-004   9.1559013708891399E-005   3.2880080521921224E-004   5.5996475133110587E-004   7.8066554397614651E-004   9.8631791030906598E-004   1.1723208902337493E-003   1.3342786897020801E-003   1.4682470913254492E-003   1.5709888881210805E-003   1.6402170087118711E-003   1.6748008994343275E-003   1.6749112823444452E-003   1.6420813508651975E-003   1.5791690697333077E-003   1.4902151376436821E-003   1.3802032476556592E-003   1.2547418006685451E-003   1.1196970821116081E-003   9.8081504646305292E-004   8.4337074728387082E-004   7.1188052370540816E-004   5.8990288023315655E-004   4.7994122395302307E-004   3.8344761831497689E-004   3.0091400922595838E-004   2.3202809050494534E-004   1.7586634032622749E-004   1.3109694347035369E-004   9.6169502249287495E-005   6.9475167224927747E-005   4.9468410765644665E-005   3.4748644138789935E-005   2.4105238538704374E-005   1.6532819147012113E-005   1.1225032095161612E-005   7.5547512855585931E-006   5.0474574680540168E-006   3.3528319606366946E-006   2.2178891741769815E-006   1.4634948780458638E-006   9.6500235186811287E-007   6.3699728491012948E-007   4.2171993989863476E-007   2.8054812904847167E-007   1.8789507678875463E-007   1.2693446526863058E-007   8.6662013570942154E-008   5.9907855030753688E-008   4.2009856101747097E-008   2.9937654888068559E-008   2.1719235043069808E-008   1.6067970154292983E-008   1.2141151406500451E-008   9.3840747366170925E-009   7.4294868309519061E-009   6.0327174856969870E-009   5.0297760089858441E-009   4.3102273507079945E-009   3.7996028389911699E-009   3.4479940268013999E-009   3.2226942852041793E-009   3.1035107431631070E-009
