# Version 0.32
# Potential name = chengdu_MMWLY_800   
# L = 2
# S = 0
# J = 2
# Order = 1                   
# K_MAX = 1600 MeV
# For uncoupled channels, e.g., 3P0 (LSJ = 110)
# storage = D(1:N，1:N) (row, column)
# D(i,j)  = <pout(j),L|V|L,pin(i)>
# Normalization
# If V were so weak as to validate the Born approximation, the relation of V
# in 1S0 and the respective scattering length 'a' would have been
# <p|V|p> = 2/pi * a + ... for p->0, in unit of MeV^(-1)
# Momenta are in unit of MeV
# The value of pin and pout, where pin(1:N) = pout(1:N)
  0.22901858124691898        1.2064394883233263        2.9638922134998893        5.5000503700453010        8.8124838056065755        12.897967435154328        17.752513210465395        23.371379389034928        29.749076595347560        36.879373659606586        44.755303890995151        53.369171965536339        62.712561483732770        72.776343213976247        83.550684023418398        95.025056491985310        107.18824920226837        120.02837769632697        133.53289608927935        147.68860932865903        162.48168608774836        177.89767228040364        193.92150518423432        210.53752815838345        227.72950594155486        245.48064051535846        263.77358751748727        282.59047318869659        301.91291183703379        321.72202380225701        341.99845390289505        362.72239034792466        383.87358409458960        405.43136863344722        427.37468018131352        449.68207826237483        472.33176665735874        495.30161470029606        518.56917890206262        542.11172487957674        565.90624956922238        589.92950370279721        614.15801452402081        638.56810872341123        663.13593556911735        687.83749021110884        712.64863713595105        737.54513374925068        762.50265406272672        787.49681246276555        812.50318753723445        837.49734593727328        862.45486625074932        887.35136286404895        912.16250978889116        936.86406443088265        961.43189127658877        985.84198547597919        1010.0704962972028        1034.0937504307776        1057.8882751204233        1081.4308210979375        1104.6983852997039        1127.6682333426413        1150.3179217376251        1172.6253198186864        1194.5686313665528        1216.1264159054103        1237.2776096520754        1258.0015460971049        1278.2779761977431        1298.0870881629662        1317.4095268113033        1336.2264124825128        1354.5193594846414        1372.2704940584451        1389.4624718416167        1406.0784948157657        1422.1023277195964        1437.5183139122516        1452.3113906713411        1466.4671039107207        1479.9716223036730        1492.8117507977317        1504.9749435080148        1516.4493159765816        1527.2236567860236        1537.2874385162672        1546.6308280344638        1555.2446961090050        1563.1206263403933        1570.2509234046524        1576.6286206109651        1582.2474867895346        1587.1020325648456        1591.1875161943935        1594.4999496299547        1597.0361077865000        1598.7935605116768        1599.7709814187531     
# Matrix elements start here 
  -9.3771189452198624E-015  -2.6016153584338115E-013  -1.5683952900890549E-012  -5.3826604766730603E-012  -1.3715953783645561E-011  -2.8976260323291683E-011  -5.3637290113069038E-011  -8.9713261529554638E-011  -1.3806880250578813E-010  -1.9770612344533677E-010  -2.6528863483920254E-010  -3.3520234719433066E-010  -4.0033874971025238E-010  -4.5349798454212534E-010  -4.8898796863882947E-010  -5.0384406784532316E-010  -4.9824239195201279E-010  -4.7504688440145481E-010  -4.3878419295291791E-010  -3.9448767180951375E-010  -3.4676943394379510E-010  -2.9928182624176662E-010  -2.5454965136027831E-010  -2.1405880156132818E-010  -1.7847232012708040E-010  -1.4787551404464981E-010  -1.2199353473135486E-010  -1.0035892595962289E-010  -8.2427679446407383E-011  -6.7652230354578765E-011  -5.5522581781066001E-011  -4.5585859225215233E-011  -3.7452385276954988E-011  -3.0794020925191536E-011  -2.5338571238210418E-011  -2.0862599550842114E-011  -1.7184004489888997E-011  -1.4155070876965505E-011  -1.1656315789026245E-011  -9.5912230190145406E-012  -7.8818389072505608E-012  -6.4651472854267374E-012  -5.2901133178644737E-012  -4.3152950644621439E-012  -3.5069211526166179E-012  -2.8373504417118478E-012  -2.2838432713579342E-012  -1.8275824710830785E-012  -1.4528984135392946E-012  -1.1466568834716243E-012  -8.9777876134992878E-013  -6.9686551309534827E-013  -5.3590808394824739E-013  -4.0806220948904101E-013  -3.0747412554586520E-013  -2.2914486351815336E-013  -1.6882215387387009E-013  -1.2291173195553682E-013  -8.8401594637967349E-014  -6.2794711538008849E-014  -4.4046654764005673E-014  -3.0507093214073222E-014  -2.0864155996522734E-014  -1.4091975674662113E-014  -9.4019977970105340E-015  -6.1986917632746171E-015  -4.0403272889251814E-015  -2.6050980255316197E-015  -1.6627574975341161E-015  -1.0514496817880164E-015  -6.5934062278358984E-016  -4.1044073834023023E-016  -2.5393076636556830E-016  -1.5633502450522661E-016  -9.5910917226996660E-017  -5.8720211693073644E-017  -3.5932629947888736E-017  -2.2013050138475554E-017  -1.3523816119595249E-017  -8.3466088050946480E-018  -5.1843742189353206E-018  -3.2468206716677875E-018  -2.0540252231795582E-018  -1.3150825869605142E-018  -8.5371591062792825E-019  -5.6298098200806573E-019  -3.7782152542630703E-019  -2.5850381720036735E-019  -1.8062781695157317E-019  -1.2910963753811119E-019  -9.4552429259480429E-020  -7.1050725147750375E-020  -5.4858251742963105E-020  -4.3575001982696154E-020  -3.5648704739109150E-020  -3.0067037545899506E-020  -2.6166414968382689E-020  -2.3512846769529498E-020  -2.1827552503409415E-020  -2.0941032568309935E-020
  -2.6016153584338115E-013  -7.2179981382088157E-012  -4.3514027962095023E-011  -1.4933822143726814E-010  -3.8054017082487236E-010  -8.0392913798821417E-010  -1.4881400651670373E-009  -2.4890633902049345E-009  -3.8306999609985210E-009  -5.4853836130400018E-009  -7.3605605022169932E-009  -9.3004853873948409E-009  -1.1107933743932000E-008  -1.2583127090052134E-008  -1.3568102369350820E-008  -1.3980561584501577E-008  -1.3825352037063761E-008  -1.3181910846788293E-008  -1.2175826228891364E-008  -1.0946761003905251E-008  -9.6226997384329319E-009  -8.3050003749042508E-009  -7.0637343841657217E-009  -5.9401435880817220E-009  -4.9526344785669354E-009  -4.1035796713237524E-009  -3.3853558681085336E-009  -2.7849936361588723E-009  -2.2873982859440007E-009  -1.8773758192120753E-009  -1.5407743300953533E-009  -1.2650268129026036E-009  -1.0393198232726757E-009  -8.5454753464664942E-010  -7.0315652091813024E-010  -5.7894637995200973E-010  -4.7686375292742786E-010  -3.9280949977877893E-010  -3.2346792608669026E-010  -2.6616066701282176E-010  -2.1872448857997332E-010  -1.7941065381156516E-010  -1.4680293166208675E-010  -1.1975128834667015E-010  -9.7318549369538159E-011  -7.8737665855796661E-011  -6.3377596903829637E-011  -5.0716160875765473E-011  -4.0318516558656517E-011  -3.1820182399419482E-011  -2.4913709969129103E-011  -1.9338283439053419E-011  -1.4871649339662152E-011  -1.1323874485597097E-011  -8.5325154951577250E-012  -6.3588486132066078E-012  -4.6848707697123861E-012  -3.4108394995985780E-012  -2.4531715497688897E-012  -1.7425717584330378E-012  -1.2223070637038877E-012  -8.4658001497314777E-013  -5.7898555331812759E-013  -3.9105562866222352E-013  -2.6090746973241940E-013  -1.7201498316440991E-013  -1.1211978998160501E-013  -7.2291887372458299E-014  -4.6141766093336852E-014  -2.9177850814310559E-014  -1.8296768665127728E-014  -1.1389761320991121E-014  -7.0465938359568600E-015  -4.3383012901530146E-015  -2.6615301233598655E-015  -1.6294859461108784E-015  -9.9712943692024245E-016  -6.1086089320898072E-016  -3.7528488143977825E-016  -2.3161749877352641E-016  -1.4386575903943278E-016  -9.0098812454036210E-017  -5.6998854900899483E-017  -3.6493299290561124E-017  -2.3690454795452380E-017  -1.5622596047630529E-017  -1.0484456003850821E-017  -7.1734153300683925E-018  -5.0123715972532596E-018  -3.5827549137541935E-018  -2.6238009080637752E-018  -1.9716352774582868E-018  -1.5222985382119342E-018  -1.2091915569585706E-018  -9.8923915233159317E-019  -8.3434928942157056E-019  -7.2610835557592385E-019  -6.5247269271826129E-019  -6.0570624706749501E-019  -5.8110608047210875E-019
  -1.5683952900890549E-012  -4.3514027962095023E-011  -2.6232653335834125E-010  -9.0029557314464983E-010  -2.2941261658860990E-009  -4.8466254963560941E-009  -8.9716758471729292E-009  -1.5006447247511778E-008  -2.3096018846356469E-008  -3.3074132950209228E-008  -4.4383374979733828E-008  -5.6085172408870960E-008  -6.6990425899672167E-008  -7.5894022286740007E-008  -8.1842407751501785E-008  -8.4337986401298415E-008  -8.3408759669851166E-008  -7.9532956360914109E-008  -7.3467676296201157E-008  -6.6055385205006165E-008  -5.8068422934633217E-008  -5.0118654546415299E-008  -4.2629221032469253E-008  -3.5849279784991812E-008  -2.9890136414019211E-008  -2.4766278174600040E-008  -2.0431816523488416E-008  -1.6808558685689668E-008  -1.3805456685143108E-008  -1.1330843342109674E-008  -9.2993276820189311E-009  -7.6350757171569927E-009  -6.2728315484922725E-009  -5.1576421576551991E-009  -4.2439219155859213E-009  -3.4942500809747004E-009  -2.8781281143924233E-009  -2.3708162130990650E-009  -1.9523027856161295E-009  -1.6064226960599011E-009  -1.3201197913220959E-009  -1.0828395725846548E-009  -8.8603435631695813E-010  -7.2276308495701844E-010  -5.8736940888160359E-010  -4.7522377475989191E-010  -3.8251750637066737E-010  -3.0609895251024602E-010  -2.4334360756070839E-010  -1.9205162663142252E-010  -1.5036738879268603E-010  -1.1671672889356318E-010  -8.9758225227961773E-011  -6.8345528149374090E-011  -5.1498203891565081E-011  -3.8378979611495671E-011  -2.8275643662364094E-011  -2.0586196496806057E-011  -1.4806168907504545E-011  -1.0517327643569784E-011  -7.3772586102495776E-012  -5.1095499809348918E-012  -3.4944781293813556E-012  -2.3602233298630357E-012  -1.5747116075050939E-012  -1.0381993620203956E-012  -6.7670084717910754E-013  -4.3631884472697380E-013  -2.7848934825700765E-013  -1.7610336057979194E-013  -1.1043041593447854E-013  -6.8743067317035526E-014  -4.2529814622094181E-014  -2.6183875987948788E-014  -1.6063699782319850E-014  -9.8347831893234534E-015  -6.0181871251764128E-015  -3.6868582534247107E-015  -2.2650362871857258E-015  -1.3979300504680046E-015  -8.6830338539187968E-016  -5.4379234346094695E-016  -3.4401718262445807E-016  -2.2025568325664180E-016  -1.4298397545477243E-016  -9.4290329581778478E-017  -6.3279032793246214E-017  -4.3295214935651150E-017  -3.0252214110602440E-017  -2.1623749162549944E-017  -1.5835972950541894E-017  -1.1899821733501269E-017  -9.1878459780649942E-018  -7.2980856584970331E-018  -5.9705610662768802E-018  -5.0357219787734534E-018  -4.3824327873934973E-018  -3.9380041235701448E-018  -3.6557448829889739E-018  -3.5072703881030191E-018
  -5.3826604766730603E-012  -1.4933822143726814E-010  -9.0029557314464983E-010  -3.0898082912746884E-009  -7.8735657825085550E-009  -1.6634431129391903E-008  -3.0793967861782958E-008  -5.1511656317766727E-008  -7.9289305667316800E-008  -1.1356164013535788E-007  -1.5242117251274517E-007  -1.9265024141046112E-007  -2.3016670470888334E-007  -2.6082726070807539E-007  -2.8134664203048446E-007  -2.9000245490937604E-007  -2.8687850378830356E-007  -2.7360936554242502E-007  -2.5279319791800386E-007  -2.2732633523010799E-007  -1.9986724132805896E-007  -1.7252410058539231E-007  -1.4675628222791929E-007  -1.2342421496962240E-007  -1.0291333499220015E-007  -8.5275217100382901E-008  -7.0353070644300505E-008  -5.7878484072998933E-008  -4.7538493737605509E-008  -3.9017803706709902E-008  -3.2022595991273640E-008  -2.6291874988752466E-008  -2.1601015598877338E-008  -1.7760836460898473E-008  -1.4614391928552834E-008  -1.2032839593579036E-008  -9.9111662327540298E-009  -8.1641845289349735E-009  -6.7229863285260206E-009  -5.5319074180806509E-009  -4.5459886824164996E-009  -3.7288851367773049E-009  -3.0511621501916366E-009  -2.4889175045415753E-009  -2.0226729198180552E-009  -1.6364859603378005E-009  -1.3172409546567913E-009  -1.0540847691489113E-009  -8.3797956090930728E-010  -6.6134986391990552E-010  -5.1780559453042437E-010  -4.0192590408581284E-010  -3.0909143044648203E-010  -2.3535457124575728E-010  -1.7733908016565723E-010  -1.3216170610761579E-010  -9.7369864352335715E-011  -7.0890499887195226E-011  -5.0986416835713926E-011  -3.6217383514883710E-011  -2.5404260570329556E-011  -1.7595195304390938E-011  -1.2033547108326470E-011  -8.1276377013978417E-012  -5.4226574892194036E-012  -3.5751298089685109E-012  -2.3302777877152527E-012  -1.5025013438668444E-012  -9.5900178233086846E-013  -6.0642682046137212E-013  -3.8027642335783512E-013  -2.3672249996039429E-013  -1.4645495325341939E-013  -9.0166343080223612E-014  -5.5316672798145240E-014  -3.3866881894292536E-014  -2.0724118409865118E-014  -1.2695995994490537E-014  -7.7998358331475031E-015  -4.8138848845126204E-015  -2.9900725170503343E-015  -1.8725925095011156E-015  -1.1846506554588562E-015  -7.5846799422891306E-016  -4.9237668236981678E-016  -3.2469622570311973E-016  -2.1790635441208262E-016  -1.4909049051554716E-016  -1.0417588289001346E-016  -7.4463081164451455E-017  -5.4532416761887655E-017  -4.0977969428191564E-017  -3.1639067324867501E-017  -2.5131529032611589E-017  -2.0560093793160488E-017  -1.7340901961922731E-017  -1.5091249402371898E-017  -1.3560824436561420E-017  -1.2588842605336951E-017  -1.2077559128837949E-017
  -1.3715953783645561E-011  -3.8054017082487236E-010  -2.2941261658860990E-009  -7.8735657825085550E-009  -2.0064502352539233E-008  -4.2393215677413660E-008  -7.8488472775540997E-008  -1.3131787706048974E-007  -2.0218202166361535E-007  -2.8967032809828398E-007  -3.8895335908194319E-007  -4.9185169623102158E-007  -5.8795686148828456E-007  -6.6666967338731164E-007  -7.1954736848559185E-007  -7.4211838499398548E-007  -7.3452674384937313E-007  -7.0089955978766104E-007  -6.4785599834584622E-007  -5.8280449297328145E-007  -5.1256328154798306E-007  -4.4255113767851950E-007  -3.7652728923030769E-007  -3.1671442988243962E-007  -2.6411421801828183E-007  -2.1886861562016476E-007  -1.8058207715309764E-007  -1.4857035408879346E-007  -1.2203321099224625E-007  -1.0016329070482899E-007  -8.2207611214948516E-008  -6.7496955079754446E-008  -5.5455159061177269E-008  -4.5596853692875205E-008  -3.7519303613026775E-008  -3.0891846362487479E-008  -2.5444949549281418E-008  -2.0959951668707403E-008  -1.7259967826944350E-008  -1.4202104258610867E-008  -1.1670944491229321E-008  -9.5731836831844982E-009  -7.8332559977186163E-009  -6.3897978856369133E-009  -5.1928028096798923E-009  -4.2013415341299770E-009  -3.3817418665932689E-009  -2.7061402099387914E-009  -2.1513333877341057E-009  -1.6978726296721800E-009  -1.3293524495950326E-009  -1.0318557280783815E-009  -7.9352304758945136E-010  -6.0421963835093910E-010  -4.5527760409191284E-010  -3.3929474090963190E-010  -2.4997451309605850E-010  -1.8199476569397660E-010  -1.3089560381627295E-010  -9.2979534385689802E-011  -6.5219369497646513E-011  -4.5171434905643054E-011  -3.0893223657228771E-011  -2.0865734997215934E-011  -1.3921349057371335E-011  -9.1782688314799996E-012  -5.9824141548227531E-012  -3.8573005636267020E-012  -2.4619989751325153E-012  -1.5568497646493111E-012  -9.7626465409765745E-013  -6.0772565808658369E-013  -3.7598626078450108E-013  -2.3147934842468604E-013  -1.4201157256881343E-013  -8.6944636846908223E-014  -5.3203910532429696E-014  -3.2593738466259298E-014  -2.0024089513538628E-014  -1.2358419660832588E-014  -7.6762460317261941E-015  -4.8074013223526741E-015  -3.0412864848024602E-015  -1.9471716308023293E-015  -1.2640504205565755E-015  -8.3357390273362061E-016  -5.5941836227897875E-016  -3.8275134330856513E-016  -2.6744466011200736E-016  -1.9116470385210772E-016  -1.3999786701043519E-016  -1.0520032450998877E-016  -8.1225107148592859E-017  -6.4518685573262164E-017  -5.2782708352812457E-017  -4.4518266665031590E-017  -3.8742866276346183E-017  -3.4813896607823036E-017  -3.2318585069463686E-017  -3.1005997198340376E-017
  -2.8976260323291683E-011  -8.0392913798821417E-010  -4.8466254963560941E-009  -1.6634431129391903E-008  -4.2393215677413660E-008  -8.9582378423434532E-008  -1.6589299352609168E-007  -2.7764552617888364E-007  -4.2767355469082191E-007  -6.1311458871167622E-007  -8.2388938155179208E-007  -1.0427975223132964E-006  -1.2478270665962602E-006  -1.4164257438941784E-006  -1.5304772560407428E-006  -1.5802081210404795E-006  -1.5656452382240416E-006  -1.4953534463885641E-006  -1.3833076273326288E-006  -1.2452678374739730E-006  -1.0958117838754109E-006  -9.4657261753099897E-007  -8.0565336319492821E-007  -6.7787020845570662E-007  -5.6541740454373358E-007  -4.6863730237030777E-007  -3.8671051985407558E-007  -3.1819064656345445E-007  -2.6137635702359050E-007  -2.1454652293868642E-007  -1.7609343210851738E-007  -1.4458680954048878E-007  -1.1879444242475942E-007  -9.7677814579667047E-008  -8.0374932593576292E-008  -6.6177894175118912E-008  -5.4509566003247839E-008  -4.4901680010250877E-008  -3.6975396403121838E-008  -3.0424652676456438E-008  -2.5002225925692705E-008  -2.0508248198373896E-008  -1.6780845155190511E-008  -1.3688563035086236E-008  -1.1124275399305628E-008  -9.0003005915414523E-009  -7.2445029449883104E-009  -5.7971901950926832E-009  -4.6086539796576260E-009  -3.6372290066925562E-009  -2.8477696749610442E-009  -2.2104612963865970E-009  -1.6998974813502698E-009  -1.2943666273649664E-009  -9.7529967289736792E-010  -7.2683909029959171E-010  -5.3549604863016279E-010  -3.8986914175215932E-010  -2.8040417960402031E-010  -1.9918025201389094E-010  -1.3971242302073350E-010  -9.6765793302773385E-011  -6.6179087770066280E-011  -4.4698282236135600E-011  -2.9822090992240017E-011  -1.9661524402807126E-011  -1.2815411440375608E-011  -8.2630283907018381E-012  -5.2740389971430840E-012  -3.3350465237645702E-012  -2.0913296577343043E-012  -1.3018539293004555E-012  -8.0542745766455779E-013  -4.9586846608749343E-013  -3.0421300341490811E-013  -1.8625015591387468E-013  -1.1397175177855645E-013  -6.9821259507890392E-014  -4.2894945884404072E-014  -2.6473791188277993E-014  -1.6443791074679085E-014  -1.0298247285117058E-014  -6.5149359614681925E-015  -4.1711609032220349E-015  -2.7078026279141100E-015  -1.7856511734065269E-015  -1.1983650795019313E-015  -8.1991545323280460E-016  -5.7290974177233214E-016  -4.0950566929538398E-016  -2.9989800026809361E-016  -2.2535602702175816E-016  -1.7399723391511280E-016  -1.3820938080387361E-016  -1.1306902467330648E-016  -9.5365259072897014E-017  -8.2993421716065513E-017  -7.4576936611351067E-017  -6.9231578109272978E-017  -6.6419803889429896E-017
  -5.3637290113069038E-011  -1.4881400651670373E-009  -8.9716758471729292E-009  -3.0793967861782958E-008  -7.8488472775540997E-008  -1.6589299352609168E-007  -3.0732050217992303E-007  -5.1462703539621558E-007  -7.9332148308154629E-007  -1.1384674819205472E-006  -1.5317916994575305E-006  -1.9417085439813802E-006  -2.3274141941495263E-006  -2.6466797991054091E-006  -2.8651106348929740E-006  -2.9635984463731984E-006  -2.9413182450125773E-006  -2.8136262637904581E-006  -2.6063462767918298E-006  -2.3489793185907712E-006  -2.0690461963658419E-006  -1.7886602769306931E-006  -1.5233282983711292E-006  -1.2823466518733874E-006  -1.0700256415737626E-006  -8.8713506780216878E-007  -7.3221137714227838E-007  -6.0257596070511215E-007  -4.9504679648632158E-007  -4.0638988886102164E-007  -3.3357635255274766E-007  -2.7390708188210371E-007  -2.2505413177594025E-007  -1.8505396541232814E-007  -1.5227589215051721E-007  -1.2538018381924638E-007  -1.0327427148063220E-007  -8.5071482531105814E-008  -7.0054359568059964E-008  -5.7643200958666827E-008  -4.7369707315361592E-008  -3.8855254357655071E-008  -3.1793175780451749E-008  -2.5934426511045466E-008  -2.1076044918198214E-008  -1.7051906073341293E-008  -1.3725337177001387E-008  -1.0983240517365660E-008  -8.7314342618139598E-009  -6.8909756017599781E-009  -5.3952746268506495E-009  -4.1878420437046056E-009  -3.2205411220791546E-009  -2.4522357879604012E-009  -1.8477442471530627E-009  -1.3770223113180631E-009  -1.0145137800265990E-009  -7.3861747308648392E-010  -5.3123207348522558E-010  -3.7735075625845531E-010  -2.6468733633033986E-010  -1.8332396386876636E-010  -1.2537687408628357E-010  -8.4681164323858760E-011  -5.6498048133354914E-011  -3.7248770628114365E-011  -2.4278773875719540E-011  -1.5654273398217371E-011  -9.9916338535492128E-012  -6.3182179832665589E-012  -3.9620027043361472E-012  -2.4663466568385452E-012  -1.5258713043531430E-012  -9.3941524477027410E-013  -5.7632644355656625E-013  -3.5284754439881813E-013  -2.1591726944014161E-013  -1.3227493445051925E-013  -8.1263540330345733E-014  -5.0153992324053704E-014  -3.1152369984315704E-014  -1.9509774292388843E-014  -1.2342379116002856E-014  -7.9021540237971142E-015  -5.1298584583212768E-015  -3.3828663732235112E-015  -2.2702684814671480E-015  -1.5533059777097949E-015  -1.0853605385368542E-015  -7.7579616573958885E-016  -5.6814760582470251E-016  -4.2693002601748474E-016  -3.2963232070075202E-016  -2.6183331050113158E-016  -2.1420567028770760E-016  -1.8066642919791504E-016  -1.5722836522506282E-016  -1.4128359542966334E-016  -1.3115698028353652E-016  -1.2583016185100550E-016
  -8.9713261529554638E-011  -2.4890633902049345E-009  -1.5006447247511778E-008  -5.1511656317766727E-008  -1.3131787706048974E-007  -2.7764552617888364E-007  -5.1462703539621558E-007  -8.6248923658273508E-007  -1.3311181948846253E-006  -1.9131879014440805E-006  -2.5791353690392217E-006  -3.2768180892621931E-006  -3.9378921396770542E-006  -4.4905359867244456E-006  -4.8750301515952614E-006  -5.0567688686610835E-006  -5.0320462964607483E-006  -4.8251735972295771E-006  -4.4791526267650852E-006  -4.0441325208097417E-006  -3.5675254287685681E-006  -3.0878369794062492E-006  -2.6323484067818256E-006  -2.2176280735325527E-006  -1.8515557858028009E-006  -1.5357907075788067E-006  -1.2680347205065373E-006  -1.0438109937256771E-006  -8.5771510871686455E-007  -7.0421361769073686E-007  -5.7810226940427124E-007  -4.7473120441300685E-007  -3.9008290466388490E-007  -3.2076458977851496E-007  -2.6395614203454944E-007  -2.1733916648730028E-007  -1.7902209565011118E-007  -1.4746930022601336E-007  -1.2143789406922116E-007  -9.9923437523170943E-008  -8.2114397724937344E-008  -6.7354571335223178E-008  -5.5112423763265693E-008  -4.4956267224187054E-008  -3.6534278094133819E-008  -2.9558478205726021E-008  -2.3791939679237933E-008  -1.9038600385583421E-008  -1.5135188956054866E-008  -1.1944851797848882E-008  -9.3521503251158652E-009  -7.2591566792399696E-009  -5.5824233779466478E-009  -4.2506396159787062E-009  -3.2028171768216703E-009  -2.3868745326436152E-009  -1.7585105498875842E-009  -1.2802804297356297E-009  -9.2080655868695400E-010  -6.5407569007786428E-010  -4.5879079027410644E-010  -3.1776026189402457E-010  -2.1731848600169218E-010  -1.4677936578701719E-010  -9.7928848011955744E-011  -6.4563671489635205E-011  -4.2082560353473187E-011  -2.7133605133620728E-011  -1.7318502141975738E-011  -1.0951351012909371E-011  -6.8673183781641162E-012  -4.2748993643392409E-012  -2.6447771456706780E-012  -1.6282767398184004E-012  -9.9893823073341255E-013  -6.1158481295567065E-013  -3.7424543249658742E-013  -2.2926948218682112E-013  -1.4085232746784010E-013  -8.6930748352906386E-014  -5.3995634236383307E-014  -3.3815784670800067E-014  -2.1392709768147253E-014  -1.3696579471285802E-014  -8.8914327728385563E-015  -5.8634194796363101E-015  -3.9349853268017951E-015  -2.6922953722270759E-015  -1.8812197528437997E-015  -1.3446614692551672E-015  -9.8475083671698349E-016  -7.3998299495865590E-016  -5.7134009943282450E-016  -4.5382635038723130E-016  -3.7127498037520119E-016  -3.1314256586308722E-016  -2.7251818172619857E-016  -2.4488166840993690E-016  -2.2732956137631731E-016  -2.1809677425565994E-016
  -1.3806880250578813E-010  -3.8306999609985210E-009  -2.3096018846356469E-008  -7.9289305667316800E-008  -2.0218202166361535E-007  -4.2767355469082191E-007  -7.9332148308154629E-007  -1.3311181948846253E-006  -2.0577512918880620E-006  -2.9640089806712417E-006  -4.0066584358515529E-006  -5.1070916435399022E-006  -6.1600898014174622E-006  -7.0526509803252724E-006  -7.6880755725881247E-006  -8.0071351760049717E-006  -7.9987085415212858E-006  -7.6968443641241337E-006  -7.1670360778485039E-006  -6.4881176804135820E-006  -5.7361234882033138E-006  -4.9737823010122868E-006  -4.2462030636180315E-006  -3.5812829370451449E-006  -2.9927469865160855E-006  -2.4840502321743829E-006  -2.0520348342063300E-006  -1.6898416221339620E-006  -1.3889780563637024E-006  -1.1406499140472493E-006  -9.3653364582952745E-007  -7.6916291851760334E-007  -6.3206975637656960E-007  -5.1978200948191955E-007  -4.2774526243435444E-007  -3.5221184878157338E-007  -2.9012195436494790E-007  -2.3899026215307637E-007  -1.9680447275987104E-007  -1.6193787893125392E-007  -1.3307590672767023E-007  -1.0915542360672947E-007  -8.9315172288747303E-008  -7.2855616890326744E-008  -5.9206601494691134E-008  -4.7901414684986379E-008  -3.8556067454998024E-008  -3.0852795627393025E-008  -2.4526977352024270E-008  -1.9356806785185368E-008  -1.5155187177187863E-008  -1.1763403545177710E-008  -9.0462113195486832E-009  -6.8880376406011419E-009  -5.1900409041714506E-009  -3.8678156262663273E-009  -2.8495666884469337E-009  -2.0746113852556038E-009  -1.4921001733667632E-009  -1.0598773968951809E-009  -7.4343066751794125E-010  -5.1490087758294128E-010  -3.5214302145818526E-010  -2.3784054262009961E-010  -1.5868288280626689E-010  -1.0461797199899266E-010  -6.8189727672818400E-011  -4.3966622167915900E-011  -2.8062399315277797E-011  -1.7745208704022146E-011  -1.1127551131875026E-011  -6.9268754069159632E-012  -4.2854821008258050E-012  -2.6383839507653971E-012  -1.6186301972476327E-012  -9.9098018489264410E-013  -6.0640686199141836E-013  -3.7149520431978529E-013  -2.2822877207021793E-013  -1.4085725717655868E-013  -8.7491111948303196E-014  -5.4792898417968744E-014  -3.4663319741399508E-014  -2.2193002246172051E-014  -1.4407057738319816E-014  -9.5006682776750125E-015  -6.3759657650291848E-015  -4.3623977563625762E-015  -3.0481884319808098E-015  -2.1787880777143730E-015  -1.5956151902288452E-015  -1.1990114798717940E-015  -9.2575513371189325E-016  -7.3534471581627961E-016  -6.0158474895785581E-016  -5.0739143095770513E-016  -4.4156680273701215E-016  -3.9678673055848170E-016  -3.6834665575692675E-016  -3.5338656399395335E-016
  -1.9770612344533677E-010  -5.4853836130400018E-009  -3.3074132950209228E-008  -1.1356164013535788E-007  -2.8967032809828398E-007  -6.1311458871167622E-007  -1.1384674819205472E-006  -1.9131879014440805E-006  -2.9640089806712417E-006  -4.2817748257738915E-006  -5.8091289798410294E-006  -7.4370266039669933E-006  -9.0152086977124108E-006  -1.0377519860693080E-005  -1.1376339304316308E-005  -1.1914921895961774E-005  -1.1966030173839832E-005  -1.1570916838571037E-005  -1.0821237347368557E-005  -9.8326930339322541E-006  -8.7201413330320234E-006  -7.5804647170725131E-006  -6.4847719709463949E-006  -5.4781089845143706E-006  -4.5835882152966010E-006  -3.8081551956475889E-006  -3.1481726028128697E-006  -2.5939508147442774E-006  -2.1330101340225932E-006  -1.7522073600384300E-006  -1.4389868311794686E-006  -1.1820211978675011E-006  -9.7146046875708133E-007  -7.9894936572541248E-007  -6.5752097056874440E-007  -5.4143476512877021E-007  -4.4599924751339468E-007  -3.6740099875066986E-007  -3.0255071370570567E-007  -2.4895003851021135E-007  -2.0457938929224376E-007  -1.6780509901326478E-007  -1.3730348699601928E-007  -1.1199928868619790E-007  -9.1016029833097374E-008  -7.3636209328485719E-008  -5.9269473281785648E-008  -4.7427269720266349E-008  -3.7702745317257386E-008  -2.9754874628995904E-008  -2.3295998675386301E-008  -1.8082097896657177E-008  -1.3905241188607559E-008  -1.0587745104259623E-008  -7.9776523472441200E-009  -5.9452023435013056E-009  -4.3800234833874747E-009  -3.1888294216413380E-009  -2.2934517292218652E-009  -1.6290878759257625E-009  -1.1426856417757913E-009  -7.9142086859640105E-010  -5.4125343156808944E-010  -3.6556559009527276E-010  -2.4389757294005238E-010  -1.6079842432935985E-010  -1.0480757111893306E-010  -6.7576410266922611E-011  -4.3131566743639594E-011  -2.7274076745035048E-011  -1.7102797278039819E-011  -1.0646420443196763E-011  -6.5866515714385384E-012  -4.0551025766194502E-012  -2.4877710005829210E-012  -1.5230940292512372E-012  -9.3201928405008684E-013  -5.7096976301401652E-013  -3.5077566451844168E-013  -2.1648983467040322E-013  -1.3446878735815583E-013  -8.4213389367460400E-014  -5.3275360058193812E-014  -3.4109213875034684E-014  -2.2142691316161512E-014  -1.4601879533243935E-014  -9.7994143227025929E-015  -6.7046942924896518E-015  -4.6848440904794640E-015  -3.3486362186578662E-015  -2.4523408087939222E-015  -1.8427894658913405E-015  -1.4228144208626061E-015  -1.1301676886219754E-015  -9.2458861517732070E-016  -7.7982058646086164E-016  -6.7865313104052018E-016  -6.0982957935430687E-016  -5.6611936488315494E-016  -5.4312685377049568E-016
  -2.6528863483920254E-010  -7.3605605022169932E-009  -4.4383374979733828E-008  -1.5242117251274517E-007  -3.8895335908194319E-007  -8.2388938155179208E-007  -1.5317916994575305E-006  -2.5791353690392217E-006  -4.0066584358515529E-006  -5.8091289798410294E-006  -7.9178086152543219E-006  -1.0193233479380861E-005  -1.2435624623345924E-005  -1.4415633044445963E-005  -1.5919805609193265E-005  -1.6796974822222784E-005  -1.6989156692251675E-005  -1.6536317417844578E-005  -1.5555678718328684E-005  -1.4206228010681869E-005  -1.2652377062441464E-005  -1.1037088979864070E-005  -9.4681813906097535E-006  -8.0160609043750025E-006  -6.7186637368635436E-006  -5.5894303141301558E-006  -4.6254159378390856E-006  -3.8140518465601989E-006  -3.1381062939982003E-006  -2.5789715107713844E-006  -2.1186326079097487E-006  -1.7407044052045200E-006  -1.4308626472757588E-006  -1.1769123156600523E-006  -9.6865854606812825E-007  -7.9768548272158998E-007  -6.5710583014537923E-007  -5.4131573227798743E-007  -4.4577203490270421E-007  -3.6679858916212565E-007  -3.0142247806555754E-007  -2.4723811692207348E-007  -2.0229592117245401E-007  -1.6501191122072569E-007  -1.3409478305484050E-007  -1.0848735128813959E-007  -8.7319719111982312E-008  -6.9871968842166513E-008  -5.5544559738227244E-008  -4.3834952598708887E-008  -3.4319252376608853E-008  -2.6637876722331480E-008  -2.0484429253798101E-008  -1.5597091880938703E-008  -1.1751960727555988E-008  -8.7578437906861973E-009  -6.4521220635048109E-009  -4.6973535674635264E-009  -3.3783732345745101E-009  -2.3997103383168616E-009  -1.6832072125921830E-009  -1.1657757507742119E-009  -7.9726937585127554E-010  -5.3847657240772880E-010  -3.5925782703242416E-010  -2.3685249787514029E-010  -1.5437835590157483E-010  -9.9537468851966509E-011  -6.3530835396825730E-011  -4.0173287845376181E-011  -2.5191415694898456E-011  -1.5681487731135424E-011  -9.7016738658536899E-012  -5.9728589546497929E-012  -3.6642858577313841E-012  -2.2433874350597085E-012  -1.3727807305265618E-012  -8.4098485872155942E-013  -5.1665827734613449E-013  -3.1886759549793614E-013  -1.9805845159499779E-013  -1.2403724681456333E-013  -7.8468709163564558E-014  -5.0239005062623052E-014  -3.2613618672678668E-014  -2.1506842960157471E-014  -1.4433358418906408E-014  -9.8751950457655999E-015  -6.9001942899012408E-015  -4.9321204155132243E-015  -3.6119863211676329E-015  -2.7141922693516830E-015  -2.0956213163638842E-015  -1.6645894587098527E-015  -1.3617975283892871E-015  -1.1485726869582907E-015  -9.9956600009215623E-016  -8.9819777334732249E-016  -8.3381827521610650E-016  -7.9995328311569717E-016
  -3.3520234719433066E-010  -9.3004853873948409E-009  -5.6085172408870960E-008  -1.9265024141046112E-007  -4.9185169623102158E-007  -1.0427975223132964E-006  -1.9417085439813802E-006  -3.2768180892621931E-006  -5.1070916435399022E-006  -7.4370266039669933E-006  -1.0193233479380861E-005  -1.3211675027342138E-005  -1.6245125527216278E-005  -1.8996312459383043E-005  -2.1172935865225288E-005  -2.2549720022677901E-005  -2.3016381925692645E-005  -2.2594292378406832E-005  -2.1417750248988469E-005  -1.9690495853058543E-005  -1.7635735450911451E-005  -1.5455677593219110E-005  -1.3308272498840862E-005  -1.1300562743010429E-005  -9.4934458521294202E-006  -7.9119049656190139E-006  -6.5562288079802534E-006  -5.4117327010286426E-006  -4.4560771108799586E-006  -3.6642197314018533E-006  -3.0114480479370179E-006  -2.4750276172436576E-006  -2.0349365813572563E-006  -1.6740437172372794E-006  -1.3779771815950132E-006  -1.1348431013364325E-006  -9.3488999016127702E-007  -7.7017280317735565E-007  -6.3424386753858706E-007  -5.2188205730913776E-007  -4.2886265616086790E-007  -3.5176572916459459E-007  -2.8781875176472968E-007  -2.3476860698729512E-007  -1.9077818003404419E-007  -1.5434325073501385E-007  -1.2422598120124749E-007  -9.9401896423047944E-008  -7.9017799898271531E-008  -6.2358530975551548E-008  -4.8820851858893493E-008  -3.7893057269444630E-008  -2.9139140994617753E-008  -2.2186545259489026E-008  -1.6716675015686871E-008  -1.2457492034957266E-008  -9.1776224073522228E-009  -6.6815214987323221E-009  -4.8053449183700310E-009  -3.4132718264429685E-009  -2.3941151513509445E-009  -1.6581283168455795E-009  -1.1339766795594171E-009  -7.6588227213724510E-010  -5.1097286039989402E-010  -3.3687297397717299E-010  -2.1956920131869544E-010  -1.4156914335540501E-010  -9.0357406789916876E-011  -5.7136537690551165E-011  -3.5828335233324227E-011  -2.2302778939986035E-011  -1.3798001681386582E-011  -8.4947327753195055E-012  -5.2114056063528636E-012  -3.1905679628818657E-012  -1.9523747972775192E-012  -1.1960479872371058E-012  -7.3478846717214709E-013  -4.5349023065682032E-013  -2.8167586063316958E-013  -1.7640348397649966E-013  -1.1159646109970655E-013  -7.1448628819024506E-014  -4.6382151363558587E-014  -3.0586351054762806E-014  -2.0526626369763580E-014  -1.4044138611543262E-014  -9.8131865403642236E-015  -7.0142587086623238E-015  -5.1368116438799876E-015  -3.8600030615465056E-015  -2.9802960095169058E-015  -2.3673002557984763E-015  -1.9366824343898450E-015  -1.6334433543923493E-015  -1.4215326692977037E-015  -1.2773713553533078E-015  -1.1858137737770543E-015  -1.1376525399230575E-015
  -4.0033874971025238E-010  -1.1107933743932000E-008  -6.6990425899672167E-008  -2.3016670470888334E-007  -5.8795686148828456E-007  -1.2478270665962602E-006  -2.3274141941495263E-006  -3.9378921396770542E-006  -6.1600898014174622E-006  -9.0152086977124108E-006  -1.2435624623345924E-005  -1.6245125527216278E-005  -2.0159938505868670E-005  -2.3819306847646881E-005  -2.6845569629988586E-005  -2.8920601969464301E-005  -2.9854580580705357E-005  -2.9622313937897866E-005  -2.8354728609978151E-005  -2.6292223634452020E-005  -2.3720899605323906E-005  -2.0914598746099914E-005  -1.8097034568863498E-005  -1.5426692879647443E-005  -1.2999167979185690E-005  -1.0859022285160126E-005  -9.0144910402179326E-006  -7.4509540030133725E-006  -6.1414376810361090E-006  -5.0539159121010029E-006  -4.1559001186423120E-006  -3.4170223604224143E-006  -2.8102662939607967E-006  -2.3123585812153807E-006  -1.9036821453189539E-006  -1.5679474848933198E-006  -1.2917665884387861E-006  -1.0642119678807796E-006  -8.7640381490038380E-007  -7.2114442217625237E-007  -5.9260540278338187E-007  -4.8606603450488714E-007  -3.9769767559048986E-007  -3.2438799817791101E-007  -2.6359875189141792E-007  -2.1325130104591698E-007  -1.7163493040026420E-007  -1.3733369961612920E-007  -1.0916835187970929E-007  -8.6150407929561559E-008  -6.7446093815550043E-008  -5.2348166414304004E-008  -4.0254030602159005E-008  -3.0648804849167393E-008  -2.3092206593875812E-008  -1.7208311572034543E-008  -1.2677404918757162E-008  -9.2292942691649325E-009  -6.6375993394805127E-009  -4.7146674999967023E-009  -3.3068867190364155E-009  -2.2902708918365740E-009  -1.5662735096455367E-009  -1.0578414214882074E-009  -7.0575140296403794E-010  -4.6528143923993762E-010  -3.0326122279930513E-010  -1.9552856439793852E-010  -1.2479631035550256E-010  -7.8912991067317719E-011  -4.9483227469524054E-011  -3.0802599342211761E-011  -1.9056439571785615E-011  -1.1732015942314534E-011  -7.1973946493694341E-012  -4.4064222688871823E-012  -2.6963677556260133E-012  -1.6518191406553522E-012  -1.0147856330087407E-012  -6.2629382311476616E-013  -3.8900766216642426E-013  -2.4362066814277911E-013  -1.5411891696927561E-013  -9.8672943029987674E-014  -6.4055116890662903E-014  -4.2240539742602224E-014  -2.8347731408180770E-014  -1.9395227079516954E-014  -1.3552172786524533E-014  -9.6867892612613380E-015  -7.0939967993037422E-015  -5.3307013031113181E-015  -4.1158119874984114E-015  -3.2692563208898813E-015  -2.6745678079732933E-015  -2.2557913169209643E-015  -1.9631405759587090E-015  -1.7640525093775719E-015  -1.6376107272648012E-015  -1.5710996820905113E-015
  -4.5349798454212534E-010  -1.2583127090052134E-008  -7.5894022286740007E-008  -2.6082726070807539E-007  -6.6666967338731164E-007  -1.4164257438941784E-006  -2.6466797991054091E-006  -4.4905359867244456E-006  -7.0526509803252724E-006  -1.0377519860693080E-005  -1.4415633044445963E-005  -1.8996312459383043E-005  -2.3819306847646881E-005  -2.8476878752521775E-005  -3.2511477172382940E-005  -3.5500917204395465E-005  -3.7147973507084511E-005  -3.7343561670589797E-005  -3.6179939452160610E-005  -3.3911052848227782E-005  -3.0879230898162949E-005  -2.7437520283425438E-005  -2.3891300151086418E-005  -2.0468602759744936E-005  -1.7315785499265343E-005  -1.4509089947315339E-005  -1.2072620221753822E-005  -9.9962555231290963E-006  -8.2503011542241734E-006  -6.7960316048151029E-006  -5.5925296333583081E-006  -4.6006806803149354E-006  -3.7852006095484667E-006  -3.1154137310103988E-006  -2.5652998391743611E-006  -2.1131557926804801E-006  -1.7410867397922428E-006  -1.4344522713869058E-006  -1.1813347685900602E-006  -9.7206172183206072E-007  -7.9879324047063726E-007  -6.5517483202715213E-007  -5.3605007442703694E-007  -4.3722562774486836E-007  -3.5528064255789628E-007  -2.8741312742218421E-007  -2.3131672307674543E-007  -1.8508231187260800E-007  -1.4711982171387089E-007  -1.1609639906700502E-007  -9.0887805619822692E-008  -7.0540443360375330E-008  -5.4241851473515987E-008  -4.1297869224777747E-008  -3.1114946200499297E-008  -2.3186326502354248E-008  -1.7081053401911333E-008  -1.2434946001565454E-008  -8.9428936646301014E-009  -6.3519958389240573E-009  -4.4552390646921208E-009  -3.0855425735344114E-009  -2.1101129334388503E-009  -1.4251233713554217E-009  -9.5077512311152081E-010  -6.2681055643274054E-010  -4.0853784891417780E-010  -2.6340303789483681E-010  -1.6811550010062163E-010  -1.0630415380805556E-010  -6.6658529028850370E-011  -4.1493617274256027E-011  -2.5670370975287958E-011  -1.5803733520735094E-011  -9.6952552386061611E-012  -5.9356340117640812E-012  -3.6320965254932204E-012  -2.2250418341732862E-012  -1.3669341449790463E-012  -8.4362445999607667E-013  -5.2399493924526061E-013  -3.2815657608095424E-013  -2.0759701803515441E-013  -1.3291119255452269E-013  -8.6281112457899287E-014  -5.6897072446332085E-014  -3.8183649955037882E-014  -2.6124788218703727E-014  -1.8254322771730768E-014  -1.3047750253237351E-014  -9.5553337327865848E-015  -7.1802308124194650E-015  -5.5438167216978220E-015  -4.4035373078766920E-015  -3.6025148777558676E-015  -3.0384398362627436E-015  -2.6442514930976860E-015  -2.3760883844082090E-015  -2.2057768124108397E-015  -2.1161893653491809E-015
