# Version 0.32
# Potential name = chengdu_MMWLY_600   
# L = 0
# S = 0
# J = 0
# Order = 0                   
# K_MAX = 1200 MeV
# For uncoupled channels, e.g., 3P0 (LSJ = 110)
# storage = D(1:N，1:N) (row, column)
# D(i,j)  = <pout(j),L|V|L,pin(i)>
# Normalization
# If V were so weak as to validate the Born approximation, the relation of V
# in 1S0 and the respective scattering length 'a' would have been
# <p|V|p> = 2/pi * a + ... for p->0, in unit of MeV^(-1)
# Momenta are in unit of MeV
# The value of pin and pout, where pin(1:N) = pout(1:N)
  0.17176393593524608       0.90482961624252312        2.2229191601248885        4.1250377775339757        6.6093628542049601        9.6734755763658313        13.314384907848989        17.528534541776253        22.311807446510670        27.659530244704911        33.566477918246392        40.026878974152282        47.034421112799578        54.582257410482157        62.663013017563799        71.268792368988898        80.391186901701303        90.021283272245228        100.14967206695951        110.76645699649430        121.86126456581133        133.42325421030273        145.44112888817568        157.90314611878756        170.79712945616615        184.11048038651882        197.83019063811543        211.94285489152242        226.43468387777534        241.29151785169273        256.49884042717133        272.04179276094351        287.90518807094219        304.07352647508543        320.53101013598518        337.26155869678109        354.24882499301907        371.47621102522203        388.92688417654699        406.58379365968250        424.42968717691679        442.44712777709788        460.61851089301558        478.92608154255839        497.35195167683804        515.87811765833158        534.48647785196329        553.15885031193807        571.87699054704501        590.62260934707410        609.37739065292590        628.12300945295499        646.84114968806193        665.51352214803671        684.12188234166842        702.64804832316190        721.07391845744155        739.38148910698442        757.55287222290212        775.57031282308321        793.41620634031756        811.07311582345301        828.52378897477797        845.75117500698093        862.73844130321891        879.46898986401482        895.92647352491463        912.09481192905787        927.95820723905649        943.50115957282867        958.70848214830721        973.56531612222466        988.05714510847758        1002.1698093618845        1015.8895196134812        1029.2028705438338        1042.0968538812124        1054.5588711118244        1066.5767457896973        1078.1387354341887        1089.2335430035057        1099.8503279330405        1109.9787167277548        1119.6088130982987        1128.7312076310111        1137.3369869824362        1145.4177425895177        1152.9655788872005        1159.9731210258478        1166.4335220817536        1172.3404697552951        1177.6881925534894        1182.4714654582237        1186.6856150921510        1190.3265244236341        1193.3906371457952        1195.8749622224659        1197.7770808398750        1199.0951703837575        1199.8282360640646     
# Matrix elements start here 
  -3.9027934390696078E-003  -3.9026973826636739E-003  -3.9021957370981557E-003  -3.9007277429969978E-003  -3.8974920988031269E-003  -3.8914626615212744E-003  -3.8814179846510537E-003  -3.8659905261428078E-003  -3.8437405195374625E-003  -3.8132567009071805E-003  -3.7732809831422850E-003  -3.7228471214463378E-003  -3.6614158477417053E-003  -3.5889833784190487E-003  -3.5061395332221124E-003  -3.4140578997963102E-003  -3.3144130968268274E-003  -3.2092358701460433E-003  -3.1007303255402010E-003  -2.9910844234677866E-003  -2.8823030632399967E-003  -2.7760842506059052E-003  -2.6737468534917068E-003  -2.5762074145452107E-003  -2.4839960802884890E-003  -2.3972986334704475E-003  -2.3160120821885954E-003  -2.2398038231988505E-003  -2.1681676842990592E-003  -2.1004732194187014E-003  -2.0360070160808322E-003  -1.9740063729331431E-003  -1.9136866106665559E-003  -1.8542636628132250E-003  -1.7949736217316747E-003  -1.7350907220659354E-003  -1.6739449194702054E-003  -1.6109398216526210E-003  -1.5455712837716767E-003  -1.4774465116267170E-003  -1.4063030434880732E-003  -1.3320265306165115E-003  -1.2546658437803590E-003  -1.1744437457369352E-003  -1.0917612427828469E-003  -1.0071938173635293E-003  -9.2147809248268242E-004  -8.3548810645788798E-004  -7.5020126402206954E-004  -6.6665510888292638E-004  -5.8589721481674495E-004  -5.0893155651160352E-004  -4.3666551674421982E-004  -3.6986204434344254E-004  -3.0910127899667504E-004  -2.5475516968209922E-004  -2.0697730344044411E-004  -1.6570850372628405E-004  -1.3069700284290472E-004  -1.0153041998445649E-004  -7.7675634740205103E-005  -5.8522101976612464E-005  -4.3424256819459074E-005  -3.1739334195777831E-005  -2.2858003649869188E-005  -1.6226471759927625E-005  -1.1359907076878732E-005  -7.8480187559500623E-006  -5.3542676263098978E-006  -3.6104855345015196E-006  -2.4086701650007001E-006  -1.5914939373191636E-006  -1.0427157594216239E-006  -6.7830226636658347E-007  -4.3871595730877866E-007  -2.8254876656757044E-007  -1.8148363957996560E-007  -1.1644838125367204E-007  -7.4770218142318910E-008  -4.8127728481846628E-008  -3.1111869463055114E-008  -2.0236176755393356E-008  -1.3268436079019945E-008  -8.7866103793802165E-009  -5.8878021480844318E-009  -3.9997021588594687E-009  -2.7595848696181363E-009  -1.9372305833026274E-009  -1.3861015267993106E-009  -1.0125321154437897E-009  -7.5632785788806106E-010  -5.7855502126170506E-010  -4.5384910256480849E-010  -3.6555941807383232E-010  -3.0267441398497879E-010  -2.5786737866168683E-010  -2.2624993356056298E-010  -2.0457561788595431E-010  -1.9073275532126091E-010  -1.8342509705164715E-010
  -3.9026973826636739E-003  -3.9026013395250187E-003  -3.9020997632269010E-003  -3.9006319716368091E-003  -3.8973967728031457E-003  -3.8913681617611202E-003  -3.8813248508005331E-003  -3.8658994646076647E-003  -3.8436523926457336E-003  -3.8131724920045687E-003  -3.7732017350424934E-003  -3.7227738508856618E-003  -3.6613494453505767E-003  -3.5889245102040412E-003  -3.5060885628109884E-003  -3.4140148484156927E-003  -3.3143776499072650E-003  -3.2092074280704480E-003  -3.1007080856100865E-003  -2.9910674744571229E-003  -2.8822904743649675E-003  -2.7760751420257907E-003  -2.6737404426674114E-003  -2.5762030391490538E-003  -2.4839932023525378E-003  -2.3972968309173923E-003  -2.3160110334955785E-003  -2.2398032896131796E-003  -2.1681674924883643E-003  -2.1004732461189033E-003  -2.0360071753573773E-003  -1.9740066060842977E-003  -1.9136868784906788E-003  -1.8542639398417139E-003  -1.7949738920178609E-003  -1.7350909761628677E-003  -1.6739451522932744E-003  -1.6109400309874265E-003  -1.5455714692448595E-003  -1.4774466740046081E-003  -1.4063031842047491E-003  -1.3320266514607786E-003  -1.2546659466917238E-003  -1.1744438326755464E-003  -1.0917613156490877E-003  -1.0071938779505276E-003  -9.2147814245032767E-004  -8.3548814732069092E-004  -7.5020129714574620E-004  -6.6665513548642399E-004  -5.8589723597757986E-004  -5.0893157317321528E-004  -4.3666552972456232E-004  -3.6986205434434303E-004  -3.0910128661367728E-004  -2.5475517541459139E-004  -2.0697730770190308E-004  -1.6570850685447078E-004  -1.3069700510983236E-004  -1.0153042160594909E-004  -7.7675635884876131E-005  -5.8522102774108173E-005  -4.3424257367851697E-005  -3.1739334568038512E-005  -2.2858003899395716E-005  -1.6226471925150021E-005  -1.1359907185002372E-005  -7.8480188259243349E-006  -5.3542676711263941E-006  -3.6104855629320966E-006  -2.4086701828819260E-006  -1.5914939484810457E-006  -1.0427157663449991E-006  -6.7830227063922306E-007  -4.3871595993585844E-007  -2.8254876817929303E-007  -1.8148364056812319E-007  -1.1644838186011941E-007  -7.4770218515511409E-008  -4.8127728712528124E-008  -3.1111869606544467E-008  -2.0236176845375588E-008  -1.3268436136014847E-008  -8.7866104159123157E-009  -5.8878021718248314E-009  -3.9997021745300357E-009  -2.7595848801440286E-009  -1.9372305905101801E-009  -1.3861015318392138E-009  -1.0125321190486033E-009  -7.5632786052958170E-010  -5.7855502324770585E-010  -4.5384910409891285E-010  -3.6555941929289523E-010  -3.0267441498263936E-010  -2.5786737950338182E-010  -2.2624993429323438E-010  -2.0457561854444063E-010  -1.9073275593262426E-010  -1.8342509763822042E-010
  -3.9021957370981557E-003  -3.9020997632269010E-003  -3.9015985485684104E-003  -3.9001318142733309E-003  -3.8968989406355653E-003  -3.8908746433504605E-003  -3.8808384637758001E-003  -3.8654238971939396E-003  -3.8431921472773514E-003  -3.8127327031855381E-003  -3.7727878481034669E-003  -3.7223911754360175E-003  -3.6610026330460474E-003  -3.5886170402916434E-003  -3.5058223359572135E-003  -3.4137899774499838E-003  -3.3141924939956843E-003  -3.2090588574390680E-003  -3.1005919093974534E-003  -2.9909789344408980E-003  -2.8822247096515234E-003  -2.7760275573678449E-003  -2.6737069507264408E-003  -2.5761801802828884E-003  -2.4839781663852233E-003  -2.3972874129737087E-003  -2.3160055539381344E-003  -2.2398005011702504E-003  -2.1681664896366854E-003  -2.1004733848935969E-003  -2.0360080068082403E-003  -1.9740078235312951E-003  -1.9136882771276418E-003  -1.8542653866083099E-003  -1.7949753035997145E-003  -1.7350923032027085E-003  -1.6739463682245725E-003  -1.6109411242389525E-003  -1.5455724378640057E-003  -1.4774475219931564E-003  -1.4063039190532806E-003  -1.3320272825133317E-003  -1.2546664840798240E-003  -1.1744442866386850E-003  -1.0917616961146129E-003  -1.0071941942854940E-003  -9.2147840332572903E-004  -8.3548836064796625E-004  -7.5020147005895881E-004  -6.6665527435278912E-004  -5.8589734642534722E-004  -5.0893166013010022E-004  -4.3666559746263441E-004  -3.6986210652893497E-004  -3.0910132635482857E-004  -2.5475520531998872E-004  -2.0697732993042945E-004  -1.6570852316949506E-004  -1.3069701693130869E-004  -1.0153043006038133E-004  -7.7675641852231606E-005  -5.8522106930893373E-005  -4.3424260225740068E-005  -3.1739336507680820E-005  -2.2858005199291522E-005  -1.6226472785697185E-005  -1.1359907748039568E-005  -7.8480191902268969E-006  -5.3542679044004663E-006  -3.6104857108824885E-006  -2.4086702759128188E-006  -1.5914940065393677E-006  -1.0427158023481216E-006  -6.7830229285247490E-007  -4.3871597359053925E-007  -2.8254877655439609E-007  -1.8148364570166324E-007  -1.1644838500985873E-007  -7.4770220453296251E-008  -4.8127729910032309E-008  -3.1111870351237040E-008  -2.0236177312258961E-008  -1.3268436431669258E-008  -8.7866106053742598E-009  -5.8878022949189829E-009  -3.9997022557642822E-009  -2.7595849346975710E-009  -1.9372306278579981E-009  -1.3861015579498696E-009  -1.0125321377210664E-009  -7.5632787421007184E-010  -5.7855503353169157E-010  -4.5384911204178874E-010  -3.6555942560386713E-010  -3.0267442014688333E-010  -2.5786738385990088E-010  -2.2624993808517983E-010  -2.0457562195224909E-010  -1.9073275909643630E-010  -1.8342510067367605E-010
  -3.9007277429969978E-003  -3.9006319716368091E-003  -3.9001318142733309E-003  -3.8986681711087570E-003  -3.8954420955007339E-003  -3.8894304102111959E-003  -3.8794150808295629E-003  -3.8640321487050317E-003  -3.8418451994015109E-003  -3.8114455723765582E-003  -3.7715764629142499E-003  -3.7212710717362536E-003  -3.6599874272977687E-003  -3.5877169245155751E-003  -3.5050428881311197E-003  -3.4131315468025215E-003  -3.3136502979191707E-003  -3.2086237532162340E-003  -3.1002516442362399E-003  -2.9907195895965211E-003  -2.8820320607864801E-003  -2.7758881536659070E-003  -2.6736088253761859E-003  -2.5761132024028355E-003  -2.4839341057496097E-003  -2.3972598113845612E-003  -2.3159894912110840E-003  -2.2397923234024853E-003  -2.1681635439391072E-003  -2.1004737845766496E-003  -2.0360104364895455E-003  -1.9740113846380952E-003  -1.9136923695585923E-003  -1.8542696204699321E-003  -1.7949794347525009E-003  -1.7350961870024261E-003  -1.6739499268059999E-003  -1.6109443236757314E-003  -1.5455752724149742E-003  -1.4774500033660836E-003  -1.4063060691804111E-003  -1.3320291287595449E-003  -1.2546680561189665E-003  -1.1744456144622125E-003  -1.0917628088002776E-003  -1.0071951192698839E-003  -9.2147916600612161E-004  -8.3548898419598026E-004  -7.5020197536807801E-004  -6.6665568006904605E-004  -5.8589766902892465E-004  -5.0893191404792688E-004  -4.3666579519997611E-004  -3.6986225881286067E-004  -3.0910144228515164E-004  -2.5475529252462465E-004  -2.0697739472257326E-004  -1.6570857070401549E-004  -1.3069705135763558E-004  -1.0153045466908253E-004  -7.7675659212606042E-005  -5.8522119017247873E-005  -4.3424268530580675E-005  -3.1739342140733919E-005  -2.2858008972015117E-005  -1.6226475281635036E-005  -1.1359909379955128E-005  -7.8480202453755343E-006  -5.3542685795478213E-006  -3.6104861387600536E-006  -2.4086705447524090E-006  -1.5914941741823350E-006  -1.0427159062226461E-006  -6.7830235688833290E-007  -4.3871601292110332E-007  -2.8254880065749089E-007  -1.8148366046319472E-007  -1.1644839405926479E-007  -7.4770226015955083E-008  -4.8127733344721197E-008  -3.1111872485383714E-008  -2.0236178649155003E-008  -1.3268437277575037E-008  -8.7866111470211593E-009  -5.8878026465586643E-009  -3.9997024876516978E-009  -2.7595850903124987E-009  -1.9372307343208702E-009  -1.3861016323324190E-009  -1.0125321908819837E-009  -7.5632791313686886E-010  -5.7855506277889324E-010  -4.5384913462041272E-010  -3.6555944353611865E-010  -3.0267443481543513E-010  -2.5786739623036254E-010  -2.2624994884980076E-010  -2.0457563162449737E-010  -1.9073276807494620E-010  -1.8342510928727615E-010
  -3.8974920988031269E-003  -3.8973967728031457E-003  -3.8968989406355653E-003  -3.8954420955007339E-003  -3.8922309703472444E-003  -3.8862470224856225E-003  -3.8762775507272277E-003  -3.8609641998027288E-003  -3.8388758011633616E-003  -3.8086077758718133E-003  -3.7689053427537333E-003  -3.7188008605692977E-003  -3.6577481587068651E-003  -3.5857311181173245E-003  -3.5033229223407824E-003  -3.4116782916305067E-003  -3.3124533123168758E-003  -3.2076629705158231E-003  -3.0995001167343971E-003  -2.9901466678535580E-003  -2.8816063946902671E-003  -2.7755800776843049E-003  -2.6733919326484478E-003  -2.5759651277276734E-003  -2.4838366736339920E-003  -2.3971987557906685E-003  -2.3159539412368211E-003  -2.2397742045930933E-003  -2.1681569931347438E-003  -2.1004746315661004E-003  -2.0360157735907487E-003  -1.9740192253838535E-003  -1.9137013872088625E-003  -1.8542789529499863E-003  -1.7949885421954161E-003  -1.7351047494996597E-003  -1.6739577720881248E-003  -1.6109513766222607E-003  -1.5455815202282865E-003  -1.4774554718361701E-003  -1.4063108067126041E-003  -1.3320331957795773E-003  -1.2546715181656753E-003  -1.1744485377832453E-003  -1.0917652576279892E-003  -1.0071971542111539E-003  -9.2148084316030277E-004  -8.3549035474132023E-004  -7.5020308544439425E-004  -6.6665657084461686E-004  -5.8589837688039739E-004  -5.0893247080918843E-004  -4.3666622845347830E-004  -3.6986259220757366E-004  -3.0910169587137039E-004  -2.5475548309875057E-004  -2.0697753617599467E-004  -1.6570867437022913E-004  -1.3069712635145720E-004  -1.0153050821167141E-004  -7.7675696936325116E-005  -5.8522145245188387E-005  -4.3424286526842566E-005  -3.1739354329110854E-005  -2.2858017122384996E-005  -1.6226480664906145E-005  -1.1359912893705952E-005  -7.8480225132519795E-006  -5.3542700280185710E-006  -3.6104870550026933E-006  -2.4086711193187676E-006  -1.5914945317567453E-006  -1.0427161273307227E-006  -6.7830249291249585E-007  -4.3871609629033396E-007  -2.8254885163981519E-007  -1.8148369161914837E-007  -1.1644841311770804E-007  -7.4770237705726385E-008  -4.8127740546991804E-008  -3.1111876950891595E-008  -2.0236181440534581E-008  -1.3268439040087523E-008  -8.7866122732687503E-009  -5.8878033762609121E-009  -3.9997029679180604E-009  -2.7595854120078043E-009  -1.9372309540135782E-009  -1.3861017855653850E-009  -1.0125323002224584E-009  -7.5632799308199240E-010  -5.7855512276265006E-010  -4.5384918086995992E-010  -3.6555948022742906E-010  -3.0267446479978614E-010  -2.5786742149630308E-010  -2.2624997082110289E-010  -2.0457565135594790E-010  -1.9073278638454667E-010  -1.8342512684918599E-010
  -3.8914626615212744E-003  -3.8913681617611202E-003  -3.8908746433504605E-003  -3.8894304102111959E-003  -3.8862470224856225E-003  -3.8803145381667756E-003  -3.8704301571976731E-003  -3.8552459347505259E-003  -3.8333404624862760E-003  -3.8033167792063346E-003  -3.7639239224306711E-003  -3.7141927680846465E-003  -3.6535694364095007E-003  -3.5820239311355512E-003  -3.5001106441525766E-003  -3.4089629114588023E-003  -3.3102157432650155E-003  -3.2058661330570757E-003  -3.0980940136300351E-003  -2.9890742945160595E-003  -2.8808093409671233E-003  -2.7750029972964654E-003  -2.6729855061731148E-003  -2.5756875485743189E-003  -2.4836539438383154E-003  -2.3970841758679381E-003  -2.3158871572861936E-003  -2.2397400936175664E-003  -2.1681445709421923E-003  -2.1004760839756203E-003  -2.0360256512345779E-003  -1.9740338048048305E-003  -1.9137181811757305E-003  -1.8542963450595578E-003  -1.7950055199605188E-003  -1.7351207127443468E-003  -1.6739723974149034E-003  -1.6109645227814554E-003  -1.5455931628410467E-003  -1.4774656589023761E-003  -1.4063196286676083E-003  -1.3320407656288928E-003  -1.2546779585309541E-003  -1.1744539726394288E-003  -1.0917698071896569E-003  -1.0072009319069784E-003  -9.2148395397285564E-004  -8.3549289442581007E-004  -7.5020514030388710E-004  -6.6665821785198936E-004  -5.8589968401371857E-004  -5.0893349751807669E-004  -4.3666702620665985E-004  -3.6986320509182883E-004  -3.0910216122323605E-004  -2.5475583215568996E-004  -2.0697779473557022E-004  -1.6570886344583949E-004  -1.3069726281269043E-004  -1.0153060539717498E-004  -7.7675765227772428E-005  -5.8522192592565844E-005  -4.3424318917767875E-005  -3.1739376197918888E-005  -2.2858031697884792E-005  -1.6226490258652932E-005  -1.1359919133042996E-005  -7.8480265250874956E-006  -5.3542725802618236E-006  -3.6104886628542236E-006  -2.4086721233239208E-006  -1.5914951538606668E-006  -1.0427165102843580E-006  -6.7830272741719906E-007  -4.3871623934075433E-007  -2.8254893869819386E-007  -1.8148374456181073E-007  -1.1644844534317732E-007  -7.4770257373084032E-008  -4.8127752603654037E-008  -3.1111884388694920E-008  -2.0236186066655967E-008  -1.3268441946604653E-008  -8.7866141214560962E-009  -5.8878045679669213E-009  -3.9997037485893263E-009  -2.7595859325502560E-009  -1.9372313079514092E-009  -1.3861020314037720E-009  -1.0125324749504049E-009  -7.5632812036384833E-010  -5.7855521793731360E-010  -4.5384925402408531E-010  -3.6555953810075717E-010  -3.0267451197815599E-010  -2.5786746116737448E-010  -2.2625000525993995E-010  -2.0457568224295081E-010  -1.9073281501933457E-010  -1.8342515430046363E-010
  -3.8814179846510537E-003  -3.8813248508005331E-003  -3.8808384637758001E-003  -3.8794150808295629E-003  -3.8762775507272277E-003  -3.8704301571976731E-003  -3.8606864879524175E-003  -3.8457158510998967E-003  -3.8241130535410462E-003  -3.7944938577918960E-003  -3.7556137997542798E-003  -3.7065015319791752E-003  -3.6465906645442837E-003  -3.5758284430725722E-003  -3.4947382620146641E-003  -3.4044180126067813E-003  -3.3064676018154083E-003  -3.2028538904726560E-003  -3.0957350173067433E-003  -2.9872739013375770E-003  -2.8794702754064358E-003  -2.7740328678744239E-003  -2.6723018277830298E-003  -2.5752202964900274E-003  -2.4833461048160942E-003  -2.3968909338751591E-003  -2.3157743224155470E-003  -2.2396822480741296E-003  -2.1681232448586074E-003  -2.1004781331279785E-003  -2.0360419065234706E-003  -1.9740579994882361E-003  -1.9137461280348683E-003  -1.8543253220899012E-003  -1.7950338214757936E-003  -1.7351473270518904E-003  -1.6739967787761034E-003  -1.6109864321695447E-003  -1.5456125580809669E-003  -1.4774826197813166E-003  -1.4063343065253869E-003  -1.3320533499060862E-003  -1.2546886549464678E-003  -1.1744629892621069E-003  -1.0917773458096419E-003  -1.0072071829219690E-003  -9.2148909357380100E-004  -8.3549708326438338E-004  -7.5020852309995163E-004  -6.6666092358878425E-004  -5.8590182649697925E-004  -5.0893517616052006E-004  -4.3666832695393504E-004  -3.6986420143924671E-004  -3.0910291529102359E-004  -2.5475639579927142E-004  -2.0697821067026159E-004  -1.6570916636534557E-004  -1.3069748048007984E-004  -1.0153075968700274E-004  -7.7675873099492679E-005  -5.8522266978531547E-005  -4.3424369513666426E-005  -3.1739410148883995E-005  -2.2858054179066273E-005  -1.6226504954075535E-005  -1.1359928620641901E-005  -7.8480325786067402E-006  -5.3542764001834043E-006  -3.6104910488249653E-006  -2.4086735999163770E-006  -1.5914960602453668E-006  -1.0427170627967775E-006  -6.7830306231958820E-007  -4.3871644148259634E-007  -2.8254906037682418E-007  -1.8148381772474583E-007  -1.1644848936033786E-007  -7.4770283917627672E-008  -4.8127768678530749E-008  -3.1111894182690733E-008  -2.0236192081877869E-008  -1.3268445678041245E-008  -8.7866164640354440E-009  -5.8878060592830954E-009  -3.9997047132215494E-009  -2.7595865677639470E-009  -1.9372317346066123E-009  -1.3861023242527597E-009  -1.0125326807294688E-009  -7.5632826864819907E-010  -5.7855532769384940E-010  -4.5384933759650141E-010  -3.6555960365428181E-010  -3.0267456501451052E-010  -2.5786750547471121E-010  -2.2625004351712843E-010  -2.0457571641129588E-010  -1.9073284660350676E-010  -1.8342518452956834E-010
  -3.8659905261428078E-003  -3.8658994646076647E-003  -3.8654238971939396E-003  -3.8640321487050317E-003  -3.8609641998027288E-003  -3.8552459347505259E-003  -3.8457158510998967E-003  -3.8310695349719009E-003  -3.8099265863299784E-003  -3.7809223847837061E-003  -3.7428227721171209E-003  -3.6946535792586376E-003  -3.6358300071215673E-003  -3.5662652259438911E-003  -3.4864357808224691E-003  -3.3973855774038358E-003  -3.3006606454383533E-003  -3.1981811945628481E-003  -3.0920712298551701E-003  -2.9844744814793165E-003  -2.8773859231866058E-003  -2.7725212379847222E-003  -2.6712354536321441E-003  -2.5744907063889448E-003  -2.4828648134614922E-003  -2.3965882810520608E-003  -2.3155971017228116E-003  -2.2395908676677732E-003  -2.1680889144237328E-003  -2.1004803519904321E-003  -2.0360663670710823E-003  -1.9740949188473281E-003  -1.9137889668854558E-003  -1.8543698273620660E-003  -1.7950773264091445E-003  -1.7351882484065908E-003  -1.6740342610137790E-003  -1.6110200989257627E-003  -1.5456423406738414E-003  -1.4775086402842765E-003  -1.4063567990392292E-003  -1.3320726082937057E-003  -1.2547049987159929E-003  -1.1744767417697370E-003  -1.0917888207347389E-003  -1.0072166762304733E-003  -9.2149687907498376E-004  -8.3550341048697430E-004  -7.5021361664408650E-004  -6.6666498340579145E-004  -5.8590502874893916E-004  -5.0893767444387227E-004  -4.3667025375579806E-004  -3.6986566974605639E-004  -3.0910402029698326E-004  -2.5475721667506438E-004  -2.0697881235658030E-004  -1.6570960135574165E-004  -1.3069779055681666E-004  -1.0153097757420511E-004  -7.7676024001032139E-005  -5.8522369973956886E-005  -4.3424438793493520E-005  -3.1739456079725678E-005  -2.2858084198255061E-005  -1.6226524301556367E-005  -1.1359940922252253E-005  -7.8480402990247307E-006  -5.3542811858096970E-006  -3.6104939809486847E-006  -2.4086753771558022E-006  -1.5914971269681839E-006  -1.0427176974945617E-006  -6.7830343712335278E-007  -4.3871666142860281E-007  -2.8254918881559110E-007  -1.8148389246815531E-007  -1.1644853277215588E-007  -7.4770309122939086E-008  -4.8127783332030853E-008  -3.1111902727331584E-008  -2.0236197088046832E-008  -1.3268448630253394E-008  -8.7866182195465743E-009  -5.8878071138353709E-009  -3.9997053543522784E-009  -2.7595869630007433E-009  -1.9372319821415244E-009  -1.3861024820668885E-009  -1.0125327833623469E-009  -7.5632833688460937E-010  -5.7855537418531073E-010  -4.5384937014302390E-010  -3.6555962713413654E-010  -3.0267458252878407E-010  -2.5786751903308969E-010  -2.2625005445393300E-010  -2.0457572564204158E-010  -1.9073285478699192E-010  -1.8342519217436690E-010
  -3.8437405195374625E-003  -3.8436523926457336E-003  -3.8431921472773514E-003  -3.8418451994015109E-003  -3.8388758011633616E-003  -3.8333404624862760E-003  -3.8241130535410462E-003  -3.8099265863299784E-003  -3.7894361706986941E-003  -3.7613056211699956E-003  -3.7243163123454725E-003  -3.6774912457677748E-003  -3.6202207724276288E-003  -3.5523707941352498E-003  -3.4743519349965508E-003  -3.3871312566311311E-003  -3.2921772207335940E-003  -3.1913420092913917E-003  -3.0866990114741949E-003  -2.9803626286401775E-003  -2.8743194173469228E-003  -2.7702938893902711E-003  -2.6696617800139014E-003  -2.5734122904833186E-003  -2.4821520525539062E-003  -2.3961389115809816E-003  -2.3153328746261803E-003  -2.2394534747584320E-003  -2.1680359087320705E-003  -2.1004814819890402E-003  -2.0361005047203904E-003  -1.9741476085635562E-003  -1.9138505398124911E-003  -1.8544339905581858E-003  -1.7951401304069363E-003  -1.7352473451205663E-003  -1.6740883783358709E-003  -1.6110686736237974E-003  -1.5456852650051825E-003  -1.4775460891753595E-003  -1.4063891136761536E-003  -1.3321002187946058E-003  -1.2547283736073190E-003  -1.1744963556593361E-003  -1.0918051342062040E-003  -1.0072301238502207E-003  -9.2150786271734419E-004  -8.3551229610004667E-004  -7.5022073321486850E-004  -6.6667062331895045E-004  -5.8590944902783913E-004  -5.0894109855626564E-004  -4.3667287378942204E-004  -3.6986764883248716E-004  -3.0910549520146442E-004  -2.5475830048760160E-004  -2.0697959722478941E-004  -1.6571016119971017E-004  -1.3069818370569879E-004  -1.0153124926651682E-004  -7.7676208697131496E-005  -5.8522493439903839E-005  -4.3424519929304894E-005  -3.1739508480227388E-005  -2.2858117449406128E-005  -1.6226545027681685E-005  -1.1359953608981098E-005  -7.8480479224483498E-006  -5.3542856805850705E-006  -3.6104965793597366E-006  -2.4086768483167528E-006  -1.5914979412749892E-006  -1.0427181368655816E-006  -6.7830366710146035E-007  -4.3871677722072483E-007  -2.8254924401125777E-007  -1.8148391654979545E-007  -1.1644854155594564E-007  -7.4770310849005528E-008  -4.8127782139932420E-008  -3.1111900595801502E-008  -2.0236194892816023E-008  -1.3268446706624865E-008  -8.7866166531278782E-009  -5.8878058855923837E-009  -3.9997044096360308E-009  -2.7595862421126459E-009  -1.9372314321995894E-009  -1.3861020602794759E-009  -1.0125324567029532E-009  -7.5632808052342990E-010  -5.7855516971350094E-010  -4.5384920399055512E-010  -3.6555948929321773E-010  -3.0267446557479120E-010  -2.5786741739370578E-010  -2.2624996387015004E-010  -2.0457564277062502E-010  -1.9073277690339184E-010  -1.8342511694460775E-010
  -3.8132567009071805E-003  -3.8131724920045687E-003  -3.8127327031855381E-003  -3.8114455723765582E-003  -3.8086077758718133E-003  -3.8033167792063346E-003  -3.7944938577918960E-003  -3.7809223847837061E-003  -3.7613056211699956E-003  -3.7343465651158295E-003  -3.6988490892239869E-003  -3.6538346256491500E-003  -3.5986626911409521E-003  -3.5331380271314775E-003  -3.4575841709142642E-003  -3.3728649825889839E-003  -3.2803430664565454E-003  -3.1817761032582807E-003  -3.0791655419143758E-003  -2.9745824206042649E-003  -2.8699987158087598E-003  -2.7671486339841166E-003  -2.6674347454323263E-003  -2.5718826258598255E-003  -2.4811383196184163E-003  -2.3954974711416278E-003  -2.3149535324048388E-003  -2.2392539514996916E-003  -2.1679562119501375E-003  -2.1004788017148367E-003  -2.0361449108865725E-003  -1.9742186045687352E-003  -1.9139344038472882E-003  -1.8545217828206369E-003  -1.7952262328959484E-003  -1.7353284111317495E-003  -1.6741625882221224E-003  -1.6111352145385324E-003  -1.5457439716495560E-003  -1.4775971986611225E-003  -1.4064331003083377E-003  -1.3321376842289905E-003  -1.2547599749887471E-003  -1.1745227595477295E-003  -1.0918269878273776E-003  -1.0072480378561885E-003  -9.2152240150381276E-004  -8.3552397302979727E-004  -7.5023000899642714E-004  -6.6667790640640508E-004  -5.8591509732241565E-004  -5.0894542196175201E-004  -4.3667613734379659E-004  -3.6987007623769412E-004  -3.0910727262524083E-004  -2.5475958053320296E-004  -2.0698050297000489E-004  -1.6571079020600749E-004  -1.3069861189885949E-004  -1.0153153459603145E-004  -7.7676394494513465E-005  -5.8522611415378795E-005  -4.3424592769856098E-005  -3.1739552036764542E-005  -2.2858142523879672E-005  -1.6226558789858836E-005  -1.1359960685870184E-005  -7.8480512105926936E-006  -5.3542869331532025E-006  -3.6104968172786884E-006  -2.4086766390591072E-006  -1.5914975817355172E-006  -1.0427177692365449E-006  -6.7830334962441755E-007  -4.3871652565470993E-007  -2.8254905481069249E-007  -1.8148377907408738E-007  -1.1644844399161258E-007  -7.4770242713940134E-008  -4.8127735052482027E-008  -3.1111868247473340E-008  -2.0236172717888890E-008  -1.3268431487723472E-008  -8.7866061645204663E-009  -5.8877986067780816E-009  -3.9996993102120446E-009  -2.7595826268763551E-009  -1.9372288327551077E-009  -1.3861001606638454E-009  -1.0125310430375258E-009  -7.5632700722908757E-010  -5.7855433695725306E-010  -4.5384854266177782E-010  -3.6555895099027923E-010  -3.0267401591039240E-010  -2.5786703149254258E-010  -2.2624962331195883E-010  -2.0457533348317165E-010  -1.9073248767492858E-010  -1.8342483833443381E-010
  -3.7732809831422850E-003  -3.7732017350424934E-003  -3.7727878481034669E-003  -3.7715764629142499E-003  -3.7689053427537333E-003  -3.7639239224306711E-003  -3.7556137997542798E-003  -3.7428227721171209E-003  -3.7243163123454725E-003  -3.6988490892239869E-003  -3.6652564537295257E-003  -3.6225616501758449E-003  -3.5700892618301039E-003  -3.5075701263541713E-003  -3.4352193916023744E-003  -3.3537695327533297E-003  -3.2644454408878695E-003  -3.1688789230685161E-003  -3.0689727249228844E-003  -2.9667354417297572E-003  -2.8641144325933930E-003  -2.7628521746938814E-003  -2.6643835022162506E-003  -2.5697802674060472E-003  -2.4797399679640777E-003  -2.3946083642102552E-003  -2.3144237124439258E-003  -2.2389711305784250E-003  -2.1678383353226087E-003  -2.1004672128961312E-003  -2.0361985416373039E-003  -1.9743092950329803E-003  -1.9140432786564109E-003  -1.8546365277195386E-003  -1.7953390955774459E-003  -1.7354347611723087E-003  -1.6742598959337772E-003  -1.6112223366521545E-003  -1.5458206577666071E-003  -1.4776637542708890E-003  -1.4064901594893508E-003  -1.3321860583605054E-003  -1.2548005536016412E-003  -1.1745564465819535E-003  -1.0918546616865217E-003  -1.0072705272875472E-003  -9.2154047189283534E-004  -8.3553831948519528E-004  -7.5024125383851175E-004  -6.6668659951541604E-004  -5.8592171836886493E-004  -5.0895038390780765E-004  -4.3667979083144356E-004  -3.6987271460876413E-004  -3.0910913738276620E-004  -2.5476086707813773E-004  -2.0698136645172309E-004  -1.6571135132373283E-004  -1.3069896249432735E-004  -1.0153174289075317E-004  -7.7676509849485879E-005  -5.8522668525113231E-005  -4.3424615242147975E-005  -3.1739555349675123E-005  -2.2858136387192193E-005  -1.6226548966231278E-005  -1.1359950345129933E-005  -7.8480418989543328E-006  -5.3542792388543877E-006  -3.6104908073809605E-006  -2.4086721314256715E-006  -1.5914943037824790E-006  -1.0427154427748696E-006  -6.7830173017360815E-007  -4.3871541563030119E-007  -2.8254830311169123E-007  -1.8148327465556737E-007  -1.1644810766947385E-007  -7.4770019332267007E-008  -4.8127586893421209E-008  -3.1111769886522705E-008  -2.0236107204735547E-008  -1.3268387612497800E-008  -8.7865765539468156E-009  -5.8877784259189088E-009  -3.9996853914043453E-009  -2.7595728924415254E-009  -1.9372219158526301E-009  -1.3860951578330547E-009  -1.0125273533020990E-009  -7.5632422765345895E-010  -5.7855219482403530E-010  -4.5384685133313377E-010  -3.6555758106838803E-010  -3.0267287628357673E-010  -2.5786605677703352E-010  -2.2624876543671574E-010  -2.0457455595759946E-010  -1.9073176158470233E-010  -1.8342413943640588E-010
  -3.7228471214463378E-003  -3.7227738508856618E-003  -3.7223911754360175E-003  -3.7212710717362536E-003  -3.7188008605692977E-003  -3.7141927680846465E-003  -3.7065015319791752E-003  -3.6946535792586376E-003  -3.6774912457677748E-003  -3.6538346256491500E-003  -3.6225616501758449E-003  -3.5827037434649953E-003  -3.5335500338440550E-003  -3.4747482666893908E-003  -3.4063865482894485E-003  -3.3290386227705212E-003  -3.2437582427916377E-003  -3.1520160058073625E-003  -3.0555835200756056E-003  -2.9563816220706538E-003  -2.8563174110174411E-003  -2.7571361057974076E-003  -2.6603079800846400E-003  -2.5669605347675368E-003  -2.4778555278385326E-003  -2.3934026970290484E-003  -2.3136983282108147E-003  -2.2385768237442169E-003  -2.1676657429729605E-003  -2.1004379700459122E-003  -2.0362576737505559E-003  -1.9744190426731218E-003  -1.9141782903531639E-003  -1.8547802343132855E-003  -1.7954810420490832E-003  -1.7355686813241697E-003  -1.6743823454573479E-003  -1.6113317360362919E-003  -1.5459166304819553E-003  -1.4777466745279774E-003  -1.4065608468828226E-003  -1.3322455743275609E-003  -1.2548500677302579E-003  -1.1745971503625884E-003  -1.0918877141686283E-003  -1.0072970219815725E-003  -9.2156141769336448E-004  -8.3555463078812515E-004  -7.5025374668102678E-004  -6.6669599169481809E-004  -5.8592863224666528E-004  -5.0895535108717090E-004  -4.3668325818790020E-004  -3.6987505131453485E-004  -3.0911064263934124E-004  -2.5476177829518790E-004  -2.0698186761061629E-004  -1.6571158126145615E-004  -1.3069902285199017E-004  -1.0153170549693984E-004  -7.7676423353168189E-005  -5.8522564151445496E-005  -4.3424511609946258E-005  -3.1739462353405970E-005  -2.2858058201393524E-005  -1.6226486271212838E-005  -1.1359901897226475E-005  -7.8480055770155798E-006  -5.3542526937380045E-006  -3.6104718268827350E-006  -2.4086588135335133E-006  -1.5914851100826868E-006  -1.0427091840362296E-006  -6.7829751927137054E-007  -4.3871260975568079E-007  -2.8254644761874510E-007  -1.8148205445050527E-007  -1.1644730807220383E-007  -7.4769496143125075E-008  -4.8127244376723518E-008  -3.1111545069467248E-008  -2.0235958956153144E-008  -1.3268289199468460E-008  -8.7865106522619005E-009  -5.8877338199017247E-009  -3.9996548140412199E-009  -2.7595516231230992E-009  -1.9372068751888396E-009  -1.3860843254567162E-009  -1.0125193940448174E-009  -7.5631825149038155E-010  -5.7854760244441476E-010  -4.5384323445799362E-010  -3.6555465778621965E-010  -3.0267044882100147E-010  -2.5786398367686624E-010  -2.2624694300935305E-010  -2.0457290570440702E-010  -1.9073022145012420E-010  -1.8342265748540225E-010
  -3.6614158477417053E-003  -3.6613494453505767E-003  -3.6610026330460474E-003  -3.6599874272977687E-003  -3.6577481587068651E-003  -3.6535694364095007E-003  -3.6465906645442837E-003  -3.6358300071215673E-003  -3.6202207724276288E-003  -3.5986626911409521E-003  -3.5700892618301039E-003  -3.5335500338440550E-003  -3.4883033354813652E-003  -3.4339107988812698E-003  -3.3703208641075668E-003  -3.2979256526833806E-003  -3.2175759452239792E-003  -3.1305438798210181E-003  -3.0384323881564625E-003  -2.9430421251326324E-003  -2.8462167950934663E-003  -2.7496924155413290E-003  -2.6549734320637126E-003  -2.5632501050358485E-003  -2.4753608662499843E-003  -2.3917941957967721E-003  -2.3127192442780027E-003  -2.2380331590178297E-003  -2.1674147261175006E-003  -2.1003769697034618E-003  -2.0363145049616766E-003  -1.9745440138362281E-003  -1.9143379676766418E-003  -1.8549527156463083E-003  -1.7956524670142467E-003  -1.7357307071308192E-003  -1.6745303517948368E-003  -1.6114635666196148E-003  -1.5460317219394956E-003  -1.4778454605119333E-003  -1.4066443551996111E-003  -1.3323151579045899E-003  -1.2549072274199507E-003  -1.1746434201421068E-003  -1.0919245883286052E-003  -1.0073259103215669E-003  -9.2158361926595223E-004  -8.3557131988967010E-004  -7.5026596696379426E-004  -6.6670465575134673E-004  -5.8593452499249227E-004  -5.0895913588519244E-004  -4.3668548502172571E-004  -3.6987616650838433E-004  -3.0911099970013504E-004  -2.5476164946781866E-004  -2.0698145572851522E-004  -1.6571103146996148E-004  -1.3069843379990862E-004  -1.0153113963996154E-004  -7.7675916090279228E-005  -5.8522131613760505E-005  -4.3424157027862579E-005  -3.1739181029065174E-005  -2.2857841197513801E-005  -1.6226322986819724E-005  -1.1359781732922655E-005  -7.8479188989905995E-006  -5.3541912918473160E-006  -3.6104290346511450E-006  -2.4086294238077956E-006  -1.5914651851570379E-006  -1.0426958275718529E-006  -6.7828865155490468E-007  -4.3870676853187297E-007  -2.8254262349926507E-007  -1.8147956170935653E-007  -1.1644568722474541E-007  -7.4768442861289756E-008  -4.8126559018543027E-008  -3.1111097659216117E-008  -2.0235665351926022E-008  -1.3268095136292373E-008  -8.7863812017256915E-009  -5.8876465038859995E-009  -3.9995951446594170E-009  -2.7595102328435261E-009  -1.9371776784794515E-009  -1.3860633442659827E-009  -1.0125040080362183E-009  -7.5630671902836689E-010  -5.7853875382591099E-010  -4.5383627468458022E-010  -3.6554903907373184E-010  -3.0266578760393013E-010  -2.5786000608346484E-010  -2.2624344860386941E-010  -2.0456974296099746E-010  -1.9072727073044692E-010  -1.8341981875981865E-010
  -3.5889833784190487E-003  -3.5889245102040412E-003  -3.5886170402916434E-003  -3.5877169245155751E-003  -3.5857311181173245E-003  -3.5820239311355512E-003  -3.5758284430725722E-003  -3.5662652259438911E-003  -3.5523707941352498E-003  -3.5331380271314775E-003  -3.5075701263541713E-003  -3.4747482666893908E-003  -3.4339107988812698E-003  -3.3845386000147019E-003  -3.3264372528648990E-003  -3.2598030450235703E-003  -3.1852578605673053E-003  -3.1038397211644126E-003  -3.0169421745234273E-003  -2.9262062212754140E-003  -2.8333799650615632E-003  -2.7401693006085300E-003  -2.6481043371840499E-003  -2.5584404989517388E-003  -2.4721031146384613E-003  -2.3896739607964079E-003  -2.3114109424179920E-003  -2.2372890847175940E-003  -2.1670516059109995E-003  -2.1002625025417524E-003  -2.0363553217526619E-003  -1.9746756536772958E-003  -1.9145169418994727E-003  -1.8551504528527315E-003  -1.7958508215931840E-003  -1.7359187003443237E-003  -1.6747018490016320E-003  -1.6116156462226171E-003  -1.5461635448321249E-003  -1.4779574956883519E-003  -1.4067378553696765E-003  -1.3323918085395142E-003  -1.2549689148390463E-003  -1.1746920805079796E-003  -1.0919621111357054E-003  -1.0073540783040555E-003  -9.2160407252737725E-004  -8.3558553615476904E-004  -7.5027525267341323E-004  -6.6671014462589768E-004  -5.8593718193576335E-004  -5.0895976487531642E-004  -4.3668474007765574E-004  -3.6987456503440692E-004  -3.0910893758194101E-004  -2.5475941728946846E-004  -2.0697925545396553E-004  -1.6570899292486779E-004  -1.3069663032321189E-004  -1.0152960235912113E-004  -7.7674646404019289E-005  -5.8521111626564889E-005  -4.3423357850120136E-005  -3.1738569014041492E-005  -2.2857382313363030E-005  -1.6225985607684458E-005  -1.1359538174774694E-005  -7.8477460273585258E-006  -5.3540704990842120E-006  -3.6103458353668579E-006  -2.4085728597560981E-006  -1.5914271744261061E-006  -1.0426705436078323E-006  -6.7827197854533021E-007  -4.3869585165267797E-007  -2.8253551442101086E-007  -1.8147494958961318E-007  -1.1644270096178175E-007  -7.4766509619734954E-008  -4.8125305344934299E-008  -3.1110281738129457E-008  -2.0235131386544128E-008  -1.3267743072443155E-008  -8.7861468779611248E-009  -5.8874887657386492E-009  -3.9994875447777927E-009  -2.7594357158551523E-009  -1.9371251904836688E-009  -1.3860256745834594E-009  -1.0124764159169606E-009  -7.5628605878186458E-010  -5.7852291596064459E-010  -4.5382382741623011E-010  -3.6553899705940844E-010  -3.0265746166197586E-010  -2.5785290462659574E-010  -2.2623721219213819E-010  -2.0456410009169600E-010  -1.9072200719293628E-010  -1.8341475555564428E-010
